0	0.00	0.00	0.00	0.00	0.00
1	0.09	0.18	0.09	0.09	0.13
2	1.46	2.73	1.46	1.46	1.99
3	1.36	2.56	1.36	1.36	1.86
4	1.58	2.95	1.58	1.58	2.15
5	1.17	2.20	1.17	1.17	1.60
6	1.53	2.87	1.53	1.53	2.09
7	1.54	2.89	1.54	1.54	2.10
8	0.74	1.38	0.74	0.74	1.00
800	1.02	1.92	1.02	1.02	1.39
9	1.56	2.93	1.56	1.56	2.13
801	1.57	2.95	1.57	1.57	2.15
802	0.85	1.59	0.85	0.85	1.15
803	1.08	2.02	1.08	1.08	1.47
804	1.19	2.23	1.19	1.19	1.62
805	2022.74	3792.64	2022.74	2022.74	2758.28
806	32.22	60.41	32.22	32.22	43.93
807	37.31	69.95	37.31	37.31	50.88
808	2555.25	4791.09	2555.25	2555.25	3484.43
809	250.05	468.85	250.05	250.05	340.98
810	1.66	3.11	1.66	1.66	2.26
811	3.39	6.37	3.39	3.39	4.63
812	1356.18	2542.85	1356.18	1356.18	1849.34
813	33.00	61.88	33.00	33.00	45.00
814	7.40	13.87	7.40	7.40	10.09
815	1.72	3.23	1.72	1.72	2.35
816	0.09	0.17	0.09	0.09	0.12
817	1.19	2.24	1.19	1.19	1.63
818	1.55	2.90	1.55	1.55	2.11
819	1.34	2.52	1.34	1.34	1.83
820	1.07	2.00	1.07	1.07	1.46
821	1.53	2.87	1.53	1.53	2.09
822	1.40	2.62	1.40	1.40	1.90
823	1.46	2.74	1.46	1.46	1.99
824	1.31	2.46	1.31	1.31	1.79
825	1.07	2.02	1.07	1.07	1.47
826	1.40	2.62	1.40	1.40	1.91
827	1.19	2.24	1.19	1.19	1.63
828	0.65	1.22	0.65	0.65	0.89
829	1.20	2.25	1.20	1.20	1.64
830	1.28	2.41	1.28	1.28	1.75
831	0.85	1.60	0.85	0.85	1.16
832	1.07	2.01	1.07	1.07	1.46
833	1.72	3.23	1.72	1.72	2.35
834	1.39	2.60	1.39	1.39	1.89
835	1.43	2.69	1.43	1.43	1.95
836	1.27	2.38	1.27	1.27	1.73
837	1304.95	2446.78	1304.95	1304.95	1779.48
838	31.36	58.79	31.36	31.36	42.76
839	77.14	144.63	77.14	77.14	105.19
840	2830.27	5306.76	2830.27	2830.27	3859.46
841	267.14	500.88	267.14	267.14	364.28
600	5.39	10.11	5.39	5.39	7.35
842	1.44	2.70	1.44	1.44	1.97
601	1572.48	2948.40	1572.48	1572.48	2144.29
843	6.53	12.24	6.53	6.53	8.90
602	33.00	61.88	33.00	33.00	45.00
844	1541.87	2891.00	1541.87	1541.87	2102.54
603	3.65	6.84	3.65	3.65	4.97
845	33.00	61.88	33.00	33.00	45.00
604	1.56	2.92	1.56	1.56	2.13
846	7.36	13.81	7.36	7.36	10.04
605	0.05	0.09	0.05	0.05	0.06
847	2.25	4.22	2.25	2.25	3.07
606	1.27	2.38	1.27	1.27	1.73
848	0.04	0.08	0.04	0.04	0.06
607	1.42	2.67	1.42	1.42	1.94
849	1.71	3.21	1.71	1.71	2.34
608	1.36	2.54	1.36	1.36	1.85
609	1.42	2.66	1.42	1.42	1.93
850	1.01	1.89	1.01	1.01	1.38
851	1.39	2.60	1.39	1.39	1.89
610	0.99	1.86	0.99	0.99	1.35
852	1.62	3.03	1.62	1.62	2.20
611	1.13	2.13	1.13	1.13	1.55
853	0.99	1.86	0.99	0.99	1.35
612	1.28	2.41	1.28	1.28	1.75
854	1.69	3.16	1.69	1.69	2.30
613	1.28	2.40	1.28	1.28	1.75
855	1.55	2.91	1.55	1.55	2.12
614	0.98	1.84	0.98	0.98	1.34
856	1.53	2.86	1.53	1.53	2.08
615	1.07	2.01	1.07	1.07	1.46
857	0.97	1.81	0.97	0.97	1.32
616	1.00	1.87	1.00	1.00	1.36
858	1.47	2.76	1.47	1.47	2.00
617	1.14	2.14	1.14	1.14	1.56
859	1.19	2.22	1.19	1.19	1.62
618	1.52	2.85	1.52	1.52	2.07
619	1.33	2.49	1.33	1.33	1.81
860	0.96	1.80	0.96	0.96	1.31
861	1.52	2.86	1.52	1.52	2.08
620	1.83	3.43	1.83	1.83	2.49
862	1.20	2.24	1.20	1.20	1.63
621	1.49	2.80	1.49	1.49	2.04
863	1.57	2.94	1.57	1.57	2.14
622	0.98	1.83	0.98	0.98	1.33
864	1.51	2.82	1.51	1.51	2.05
623	1.26	2.37	1.26	1.26	1.72
865	1397.32	2619.98	1397.32	1397.32	1905.44
624	0.86	1.61	0.86	0.86	1.17
866	38.13	71.49	38.13	38.13	51.99
625	1.16	2.18	1.16	1.16	1.59
867	35.64	66.83	35.64	35.64	48.61
626	1610.37	3019.45	1610.37	1610.37	2195.97
868	3014.89	5652.92	3014.89	3014.89	4111.22
627	48.45	90.84	48.45	48.45	66.07
869	520.33	975.61	520.33	520.33	709.54
628	38.23	71.67	38.23	38.23	52.13
629	1781.93	3341.12	1781.93	1781.93	2429.91
870	1.66	3.12	1.66	1.66	2.27
871	6.21	11.65	6.21	6.21	8.47
630	487.54	914.14	487.54	487.54	664.83
872	1423.33	2668.75	1423.33	1423.33	1940.91
631	1.52	2.86	1.52	1.52	2.08
873	33.00	61.88	33.00	33.00	45.00
632	3.49	6.55	3.49	3.49	4.76
874	5.64	10.57	5.64	5.64	7.69
633	1413.45	2650.22	1413.45	1413.45	1927.43
875	1.87	3.50	1.87	1.87	2.55
634	33.00	61.88	33.00	33.00	45.00
876	0.05	0.10	0.05	0.05	0.07
635	2.89	5.41	2.89	2.89	3.94
877	1.04	1.96	1.04	1.04	1.42
636	1.51	2.82	1.51	1.51	2.05
878	1.59	2.98	1.59	1.59	2.16
637	0.12	0.22	0.12	0.12	0.16
879	1.01	1.90	1.01	1.01	1.38
638	1.08	2.02	1.08	1.08	1.47
639	1.44	2.70	1.44	1.44	1.96
880	1.71	3.20	1.71	1.71	2.33
881	1.17	2.19	1.17	1.17	1.59
640	1.47	2.76	1.47	1.47	2.00
882	0.77	1.45	0.77	0.77	1.06
641	1.23	2.31	1.23	1.23	1.68
883	0.97	1.82	0.97	0.97	1.33
400	1.75	3.29	1.75	1.75	2.39
642	0.85	1.59	0.85	0.85	1.16
884	1.83	3.43	1.83	1.83	2.49
401	1.11	2.08	1.11	1.11	1.51
643	1.29	2.42	1.29	1.29	1.76
885	1.44	2.71	1.44	1.44	1.97
402	0.64	1.21	0.64	0.64	0.88
644	1.08	2.03	1.08	1.08	1.47
886	1.17	2.19	1.17	1.17	1.59
403	1.38	2.59	1.38	1.38	1.88
645	1.08	2.03	1.08	1.08	1.47
887	1.51	2.83	1.51	1.51	2.06
404	1.01	1.90	1.01	1.01	1.38
646	0.77	1.45	0.77	0.77	1.05
888	0.85	1.60	0.85	0.85	1.17
405	1.31	2.46	1.31	1.31	1.79
647	1.15	2.16	1.15	1.15	1.57
889	0.78	1.46	0.78	0.78	1.06
406	1.50	2.81	1.50	1.50	2.04
648	1.62	3.04	1.62	1.62	2.21
407	1.79	3.36	1.79	1.79	2.44
649	1.18	2.21	1.18	1.18	1.60
408	0.65	1.23	0.65	0.65	0.89
409	1.22	2.29	1.22	1.22	1.67
890	1.68	3.16	1.68	1.68	2.29
891	1.55	2.90	1.55	1.55	2.11
650	0.96	1.80	0.96	0.96	1.31
892	0.87	1.63	0.87	0.87	1.19
651	1.23	2.30	1.23	1.23	1.67
893	1.36	2.56	1.36	1.36	1.86
410	1.41	2.65	1.41	1.41	1.93
652	1.47	2.75	1.47	1.47	2.00
894	1.47	2.75	1.47	1.47	2.00
411	1.34	2.52	1.34	1.34	1.83
653	736.80	1381.50	736.80	736.80	1004.73
895	1.05	1.97	1.05	1.05	1.44
412	1.42	2.66	1.42	1.42	1.93
654	26.85	50.34	26.85	26.85	36.61
896	1.21	2.27	1.21	1.21	1.65
413	1456.64	2731.20	1456.64	1456.64	1986.32
655	41.78	78.34	41.78	41.78	56.97
897	873.53	1637.88	873.53	873.53	1191.18
414	36.56	68.56	36.56	36.56	49.86
656	2321.39	4352.61	2321.39	2321.39	3165.53
898	34.19	64.11	34.19	34.19	46.63
415	52.60	98.63	52.60	52.60	71.73
657	353.17	662.18	353.17	353.17	481.59
899	47.44	88.95	47.44	47.44	64.69
416	1634.44	3064.58	1634.44	1634.44	2228.78
658	1.17	2.19	1.17	1.17	1.59
417	289.71	543.21	289.71	289.71	395.06
659	4.06	7.60	4.06	4.06	5.53
418	1.65	3.10	1.65	1.65	2.25
419	6.88	12.89	6.88	6.88	9.38
660	1389.70	2605.69	1389.70	1389.70	1895.05
661	33.00	61.88	33.00	33.00	45.00
420	1485.93	2786.11	1485.93	1485.93	2026.26
662	5.07	9.51	5.07	5.07	6.91
421	33.00	61.88	33.00	33.00	45.00
663	1.30	2.43	1.30	1.30	1.77
422	5.24	9.82	5.24	5.24	7.15
664	0.11	0.21	0.11	0.11	0.15
423	2.08	3.90	2.08	2.08	2.84
665	1.42	2.67	1.42	1.42	1.94
424	0.07	0.13	0.07	0.07	0.10
666	0.83	1.56	0.83	0.83	1.13
425	1.30	2.44	1.30	1.30	1.78
667	1.36	2.54	1.36	1.36	1.85
426	1.22	2.29	1.22	1.22	1.66
668	1.04	1.95	1.04	1.04	1.42
427	1.21	2.27	1.21	1.21	1.65
669	0.69	1.30	0.69	0.69	0.95
428	1.24	2.32	1.24	1.24	1.69
429	1.27	2.37	1.27	1.27	1.73
670	1.09	2.04	1.09	1.09	1.48
671	1.07	2.00	1.07	1.07	1.45
430	0.74	1.39	0.74	0.74	1.01
672	1.61	3.03	1.61	1.61	2.20
431	1.27	2.39	1.27	1.27	1.74
673	1.42	2.66	1.42	1.42	1.94
432	1.34	2.51	1.34	1.34	1.83
674	1.46	2.74	1.46	1.46	1.99
433	0.87	1.64	0.87	0.87	1.19
675	1.17	2.19	1.17	1.17	1.59
434	1.32	2.47	1.32	1.32	1.80
676	0.92	1.73	0.92	0.92	1.26
435	1.16	2.18	1.16	1.16	1.59
677	1.76	3.29	1.76	1.76	2.40
436	1.64	3.07	1.64	1.64	2.24
678	1.31	2.45	1.31	1.31	1.78
437	0.98	1.83	0.98	0.98	1.33
679	1.25	2.34	1.25	1.25	1.70
438	1.37	2.58	1.37	1.37	1.87
439	1.71	3.20	1.71	1.71	2.33
680	1.69	3.16	1.69	1.69	2.30
681	1.90	3.56	1.90	1.90	2.59
440	1.65	3.10	1.65	1.65	2.25
682	1.45	2.71	1.45	1.45	1.97
441	1.27	2.38	1.27	1.27	1.73
683	1.18	2.21	1.18	1.18	1.61
200	37.94	71.13	37.94	37.94	51.73
442	0.76	1.43	0.76	0.76	1.04
684	1.22	2.29	1.22	1.22	1.67
201	52.35	98.16	52.35	52.35	71.39
443	0.92	1.72	0.92	0.92	1.25
685	1631.36	3058.80	1631.36	1631.36	2224.58
202	1771.63	3321.81	1771.63	1771.63	2415.86
444	1844.92	3459.22	1844.92	1844.92	2515.80
686	35.85	67.23	35.85	35.85	48.89
203	299.30	561.20	299.30	299.30	408.14
445	39.82	74.65	39.82	39.82	54.29
687	62.89	117.92	62.89	62.89	85.76
204	1.27	2.37	1.27	1.27	1.73
446	34.38	64.46	34.38	34.38	46.88
688	2374.24	4451.70	2374.24	2374.24	3237.60
205	5.91	11.07	5.91	5.91	8.05
447	3114.55	5839.78	3114.55	3114.55	4247.12
689	347.97	652.44	347.97	347.97	474.50
206	1388.94	2604.26	1388.94	1388.94	1894.01
448	314.11	588.95	314.11	314.11	428.33
207	33.00	61.88	33.00	33.00	45.00
449	1.38	2.59	1.38	1.38	1.88
208	5.53	10.36	5.53	5.53	7.54
209	2.42	4.53	2.42	2.42	3.29
690	1.35	2.54	1.35	1.35	1.85
691	5.17	9.69	5.17	5.17	7.05
450	5.61	10.52	5.61	5.61	7.65
692	1235.88	2317.27	1235.88	1235.88	1685.29
451	1472.26	2760.49	1472.26	1472.26	2007.63
693	33.00	61.88	33.00	33.00	45.00
210	0.04	0.08	0.04	0.04	0.06
452	33.00	61.88	33.00	33.00	45.00
694	4.61	8.64	4.61	4.61	6.29
211	1.15	2.15	1.15	1.15	1.57
453	3.02	5.65	3.02	3.02	4.11
695	2.31	4.33	2.31	2.31	3.15
212	1.00	1.87	1.00	1.00	1.36
454	2.17	4.06	2.17	2.17	2.95
696	0.08	0.15	0.08	0.08	0.11
213	1.56	2.93	1.56	1.56	2.13
455	0.05	0.09	0.05	0.05	0.07
697	1.78	3.34	1.78	1.78	2.43
214	1.44	2.69	1.44	1.44	1.96
456	1.06	1.99	1.06	1.06	1.45
698	1.70	3.18	1.70	1.70	2.31
215	1.02	1.91	1.02	1.02	1.39
457	0.87	1.63	0.87	0.87	1.18
699	1.57	2.94	1.57	1.57	2.14
216	1.69	3.17	1.69	1.69	2.31
458	1.79	3.36	1.79	1.79	2.45
217	1.50	2.81	1.50	1.50	2.04
459	1.11	2.08	1.11	1.11	1.51
218	0.75	1.41	0.75	0.75	1.02
219	0.71	1.34	0.71	0.71	0.97
460	1.54	2.88	1.54	1.54	2.10
461	0.92	1.72	0.92	0.92	1.25
220	1.05	1.97	1.05	1.05	1.43
462	1.01	1.90	1.01	1.01	1.38
221	1.17	2.20	1.17	1.17	1.60
463	1.29	2.41	1.29	1.29	1.75
222	0.83	1.56	0.83	0.83	1.14
464	1.29	2.42	1.29	1.29	1.76
223	1.57	2.93	1.57	1.57	2.13
465	1.30	2.44	1.30	1.30	1.78
224	0.86	1.61	0.86	0.86	1.17
466	1.72	3.23	1.72	1.72	2.35
225	1.10	2.07	1.10	1.10	1.50
467	1.24	2.32	1.24	1.24	1.69
226	1.44	2.70	1.44	1.44	1.96
468	1.09	2.05	1.09	1.09	1.49
227	1.07	2.01	1.07	1.07	1.46
469	1.47	2.76	1.47	1.47	2.01
228	1.62	3.03	1.62	1.62	2.21
229	1.09	2.04	1.09	1.09	1.48
470	1.01	1.89	1.01	1.01	1.37
471	0.85	1.59	0.85	0.85	1.16
230	0.88	1.65	0.88	0.88	1.20
472	1.55	2.90	1.55	1.55	2.11
231	1.26	2.37	1.26	1.26	1.72
473	1388.60	2603.62	1388.60	1388.60	1893.55
232	1.22	2.29	1.22	1.22	1.66
474	34.30	64.31	34.30	34.30	46.77
233	1471.31	2758.70	1471.31	1471.31	2006.33
475	72.63	136.17	72.63	72.63	99.04
234	42.07	78.89	42.07	42.07	57.37
476	3083.41	5781.40	3083.41	3083.41	4204.65
235	62.06	116.36	62.06	62.06	84.62
477	344.01	645.02	344.01	344.01	469.10
236	1816.15	3405.28	1816.15	1816.15	2476.57
478	1.34	2.50	1.34	1.34	1.82
237	236.40	443.25	236.40	236.40	322.37
479	4.26	7.99	4.26	4.26	5.81
238	1.61	3.01	1.61	1.61	2.19
239	3.95	7.42	3.95	3.95	5.39
480	1387.95	2602.41	1387.95	1387.95	1892.66
481	33.00	61.88	33.00	33.00	45.00
240	1360.47	2550.88	1360.47	1360.47	1855.18
482	5.71	10.71	5.71	5.71	7.79
241	33.00	61.88	33.00	33.00	45.00
483	1.45	2.71	1.45	1.45	1.97
242	6.64	12.45	6.64	6.64	9.05
484	0.04	0.08	0.04	0.04	0.06
243	2.03	3.80	2.03	2.03	2.76
485	1.58	2.96	1.58	1.58	2.15
244	0.11	0.21	0.11	0.11	0.15
486	1.43	2.68	1.43	1.43	1.95
245	1.34	2.52	1.34	1.34	1.83
487	1.79	3.36	1.79	1.79	2.44
246	1.48	2.78	1.48	1.48	2.02
488	0.99	1.86	0.99	0.99	1.35
247	1.36	2.55	1.36	1.36	1.85
489	1.11	2.09	1.11	1.11	1.52
248	1.34	2.50	1.34	1.34	1.82
249	1.24	2.33	1.24	1.24	1.70
490	0.99	1.85	0.99	0.99	1.35
491	1.04	1.96	1.04	1.04	1.42
250	1.36	2.56	1.36	1.36	1.86
492	0.81	1.52	0.81	0.81	1.11
251	1.29	2.43	1.29	1.29	1.76
493	1.67	3.14	1.67	1.67	2.28
252	1.10	2.06	1.10	1.10	1.50
494	1.82	3.42	1.82	1.82	2.49
253	1.12	2.10	1.12	1.12	1.53
495	1.08	2.02	1.08	1.08	1.47
254	1.33	2.49	1.33	1.33	1.81
496	1.90	3.56	1.90	1.90	2.59
255	1.35	2.53	1.35	1.35	1.84
497	1.09	2.05	1.09	1.09	1.49
256	0.91	1.71	0.91	0.91	1.25
498	1.80	3.37	1.80	1.80	2.45
257	1.39	2.61	1.39	1.39	1.90
499	1.00	1.88	1.00	1.00	1.37
258	1.25	2.35	1.25	1.25	1.71
259	1.09	2.04	1.09	1.09	1.49
260	756.88	1419.15	756.88	756.88	1032.11
261	35.09	65.79	35.09	35.09	47.85
262	38.95	73.02	38.95	38.95	53.11
263	1890.14	3544.00	1890.14	1890.14	2577.46
264	295.13	553.37	295.13	295.13	402.45
265	1.52	2.84	1.52	1.52	2.07
266	4.18	7.85	4.18	4.18	5.71
267	1450.09	2718.92	1450.09	1450.09	1977.40
268	33.00	61.88	33.00	33.00	45.00
269	5.55	10.40	5.55	5.55	7.56
270	1.87	3.51	1.87	1.87	2.55
271	0.11	0.20	0.11	0.11	0.15
272	1.25	2.34	1.25	1.25	1.70
273	1.56	2.93	1.56	1.56	2.13
274	1.39	2.61	1.39	1.39	1.90
275	1.48	2.78	1.48	1.48	2.02
276	0.95	1.78	0.95	0.95	1.29
277	1.26	2.36	1.26	1.26	1.71
278	0.93	1.74	0.93	0.93	1.27
279	1.27	2.37	1.27	1.27	1.73
280	1.10	2.06	1.10	1.10	1.50
281	0.99	1.85	0.99	0.99	1.34
282	1.66	3.12	1.66	1.66	2.27
283	1.90	3.57	1.90	1.90	2.60
284	1.71	3.21	1.71	1.71	2.33
285	0.97	1.82	0.97	0.97	1.32
286	1.27	2.38	1.27	1.27	1.73
287	1.34	2.51	1.34	1.34	1.83
288	1.21	2.27	1.21	1.21	1.65
289	1.84	3.45	1.84	1.84	2.51
290	0.92	1.72	0.92	0.92	1.25
291	1.19	2.23	1.19	1.19	1.62
292	692.84	1299.08	692.84	692.84	944.78
293	35.39	66.36	35.39	35.39	48.26
294	69.60	130.50	69.60	69.60	94.91
295	2228.74	4178.88	2228.74	2228.74	3039.18
296	218.53	409.75	218.53	218.53	298.00
297	1.79	3.35	1.79	1.79	2.44
298	4.62	8.66	4.62	4.62	6.30
299	1510.90	2832.95	1510.90	1510.90	2060.32
900	1855.62	3479.28	1855.62	1855.62	2530.39
901	450.02	843.78	450.02	450.02	613.66
902	1.96	3.68	1.96	1.96	2.68
903	5.33	10.00	5.33	5.33	7.27
904	1479.39	2773.85	1479.39	1479.39	2017.35
905	33.00	61.88	33.00	33.00	45.00
906	5.73	10.74	5.73	5.73	7.81
907	1.29	2.43	1.29	1.29	1.76
908	0.10	0.19	0.10	0.10	0.14
909	0.85	1.60	0.85	0.85	1.17
910	1.15	2.15	1.15	1.15	1.57
911	1.44	2.70	1.44	1.44	1.96
912	1.26	2.37	1.26	1.26	1.72
913	1.47	2.75	1.47	1.47	2.00
914	1.13	2.11	1.13	1.13	1.54
915	0.90	1.69	0.90	0.90	1.23
916	1.81	3.39	1.81	1.81	2.47
917	1.29	2.43	1.29	1.29	1.76
918	1.63	3.05	1.63	1.63	2.22
919	1.21	2.27	1.21	1.21	1.65
920	1.11	2.07	1.11	1.11	1.51
921	1.04	1.95	1.04	1.04	1.42
922	1.08	2.02	1.08	1.08	1.47
923	1.58	2.97	1.58	1.58	2.16
924	0.74	1.39	0.74	0.74	1.01
925	1.00	1.88	1.00	1.00	1.37
926	1.76	3.30	1.76	1.76	2.40
927	1483.25	2781.09	1483.25	1483.25	2022.61
928	43.05	80.71	43.05	43.05	58.70
929	28.89	54.16	28.89	28.89	39.39
930	1892.02	3547.54	1892.02	1892.02	2580.03
931	431.07	808.26	431.07	431.07	587.82
932	1.64	3.07	1.64	1.64	2.23
933	6.05	11.35	6.05	6.05	8.25
934	1588.48	2978.41	1588.48	1588.48	2166.11
935	33.00	61.88	33.00	33.00	45.00
936	4.73	8.88	4.73	4.73	6.46
937	2.24	4.20	2.24	2.24	3.06
938	0.07	0.14	0.07	0.07	0.10
939	1.28	2.41	1.28	1.28	1.75
940	1.24	2.33	1.24	1.24	1.69
941	1.18	2.22	1.18	1.18	1.61
700	1.59	2.97	1.59	1.59	2.16
942	1.45	2.71	1.45	1.45	1.97
701	0.85	1.59	0.85	0.85	1.16
943	1.02	1.92	1.02	1.02	1.40
702	1.33	2.50	1.33	1.33	1.82
944	1.21	2.27	1.21	1.21	1.65
703	1.05	1.97	1.05	1.05	1.43
945	1.20	2.24	1.20	1.20	1.63
704	1.25	2.35	1.25	1.25	1.71
946	1.82	3.42	1.82	1.82	2.49
705	1.37	2.58	1.37	1.37	1.87
947	1.51	2.84	1.51	1.51	2.07
706	1.77	3.32	1.77	1.77	2.42
948	1.33	2.49	1.33	1.33	1.81
707	0.82	1.54	0.82	0.82	1.12
949	1.42	2.66	1.42	1.42	1.94
708	1.77	3.32	1.77	1.77	2.41
709	1.17	2.20	1.17	1.17	1.60
950	1.32	2.47	1.32	1.32	1.80
951	1.13	2.12	1.13	1.13	1.54
710	1.65	3.09	1.65	1.65	2.25
952	1.48	2.77	1.48	1.48	2.02
711	1.09	2.05	1.09	1.09	1.49
953	0.66	1.25	0.66	0.66	0.91
712	0.95	1.77	0.95	0.95	1.29
954	1.40	2.62	1.40	1.40	1.91
713	1.44	2.70	1.44	1.44	1.96
955	0.77	1.45	0.77	0.77	1.05
714	1.09	2.05	1.09	1.09	1.49
956	1.12	2.10	1.12	1.12	1.53
715	1.00	1.87	1.00	1.00	1.36
957	0.83	1.55	0.83	0.83	1.13
716	1.21	2.27	1.21	1.21	1.65
958	764.50	1433.43	764.50	764.50	1042.49
717	1529.44	2867.69	1529.44	1529.44	2085.60
959	33.86	63.48	33.86	33.86	46.17
718	37.37	70.07	37.37	37.37	50.96
719	66.94	125.52	66.94	66.94	91.29
960	62.30	116.82	62.30	62.30	84.96
961	1478.68	2772.52	1478.68	1478.68	2016.38
720	1824.27	3420.51	1824.27	1824.27	2487.65
962	447.01	838.15	447.01	447.01	609.56
721	239.83	449.68	239.83	239.83	327.04
963	1.71	3.20	1.71	1.71	2.33
722	1.47	2.75	1.47	1.47	2.00
964	6.37	11.94	6.37	6.37	8.69
723	5.89	11.03	5.89	5.89	8.03
965	1427.16	2675.92	1427.16	1427.16	1946.12
724	1390.89	2607.92	1390.89	1390.89	1896.67
966	33.00	61.88	33.00	33.00	45.00
725	33.00	61.88	33.00	33.00	45.00
967	5.90	11.06	5.90	5.90	8.04
726	4.60	8.63	4.60	4.60	6.28
968	1.92	3.60	1.92	1.92	2.62
727	2.21	4.14	2.21	2.21	3.01
969	0.00	0.00	0.00	0.00	0.00
728	0.10	0.19	0.10	0.10	0.14
729	1.58	2.95	1.58	1.58	2.15
730	1.44	2.69	1.44	1.44	1.96
731	1.28	2.41	1.28	1.28	1.75
732	1.70	3.18	1.70	1.70	2.32
733	1.55	2.90	1.55	1.55	2.11
734	0.81	1.53	0.81	0.81	1.11
735	1.36	2.55	1.36	1.36	1.86
736	1.50	2.81	1.50	1.50	2.04
737	1.57	2.94	1.57	1.57	2.14
738	1.24	2.32	1.24	1.24	1.69
739	1.61	3.01	1.61	1.61	2.19
740	1.50	2.80	1.50	1.50	2.04
741	1.02	1.90	1.02	1.02	1.38
500	1.29	2.42	1.29	1.29	1.76
742	1.14	2.13	1.14	1.14	1.55
501	0.93	1.74	0.93	0.93	1.27
743	1.42	2.65	1.42	1.42	1.93
502	0.75	1.41	0.75	0.75	1.03
744	1.31	2.46	1.31	1.31	1.79
503	1.74	3.27	1.74	1.74	2.37
745	1.61	3.02	1.61	1.61	2.20
504	1.63	3.06	1.63	1.63	2.23
746	1.18	2.22	1.18	1.18	1.61
505	1685.83	3160.92	1685.83	1685.83	2298.85
747	1662.19	3116.61	1662.19	1662.19	2266.63
506	40.43	75.80	40.43	40.43	55.13
748	36.04	67.57	36.04	36.04	49.14
507	83.24	156.08	83.24	83.24	113.51
749	78.02	146.29	78.02	78.02	106.39
508	3272.95	6136.79	3272.95	3272.95	4463.12
509	312.14	585.26	312.14	312.14	425.65
750	2336.40	4380.74	2336.40	2336.40	3186.00
751	408.54	766.01	408.54	408.54	557.10
510	1.70	3.19	1.70	1.70	2.32
752	1.81	3.39	1.81	1.81	2.47
511	5.23	9.80	5.23	5.23	7.13
753	4.93	9.25	4.93	4.93	6.73
512	1491.04	2795.70	1491.04	1491.04	2033.24
754	1286.38	2411.96	1286.38	1286.38	1754.15
513	33.00	61.88	33.00	33.00	45.00
755	33.00	61.88	33.00	33.00	45.00
514	3.99	7.47	3.99	3.99	5.44
756	3.15	5.91	3.15	3.15	4.30
515	1.14	2.13	1.14	1.14	1.55
757	1.88	3.53	1.88	1.88	2.57
516	0.08	0.15	0.08	0.08	0.11
758	0.06	0.12	0.06	0.06	0.09
517	1.21	2.28	1.21	1.21	1.66
759	1.19	2.23	1.19	1.19	1.62
518	0.73	1.37	0.73	0.73	0.99
519	0.66	1.24	0.66	0.66	0.90
760	1.07	2.01	1.07	1.07	1.46
761	1.16	2.18	1.16	1.16	1.59
520	1.34	2.52	1.34	1.34	1.83
762	1.05	1.96	1.05	1.05	1.43
521	1.18	2.21	1.18	1.18	1.61
763	0.78	1.46	0.78	0.78	1.06
522	1.45	2.72	1.45	1.45	1.98
764	1.27	2.38	1.27	1.27	1.73
523	1.43	2.69	1.43	1.43	1.95
765	1.65	3.09	1.65	1.65	2.24
524	0.65	1.22	0.65	0.65	0.88
766	1.14	2.14	1.14	1.14	1.56
525	1.74	3.27	1.74	1.74	2.38
767	1.27	2.38	1.27	1.27	1.73
526	1.70	3.19	1.70	1.70	2.32
768	1.56	2.92	1.56	1.56	2.12
527	0.81	1.52	0.81	0.81	1.10
769	1.39	2.61	1.39	1.39	1.90
528	1.59	2.99	1.59	1.59	2.17
529	1.21	2.27	1.21	1.21	1.65
770	1.04	1.95	1.04	1.04	1.42
771	1.25	2.34	1.25	1.25	1.70
530	0.70	1.31	0.70	0.70	0.95
772	0.98	1.83	0.98	0.98	1.33
531	1.10	2.05	1.10	1.10	1.49
773	1.24	2.33	1.24	1.24	1.69
532	1.35	2.52	1.35	1.35	1.83
774	1.34	2.51	1.34	1.34	1.83
533	1.24	2.32	1.24	1.24	1.69
775	1.68	3.16	1.68	1.68	2.30
534	901.81	1690.89	901.81	901.81	1229.74
776	1.90	3.56	1.90	1.90	2.59
535	37.88	71.03	37.88	37.88	51.66
777	2020.54	3788.51	2020.54	2020.54	2755.28
536	73.01	136.89	73.01	73.01	99.55
778	47.84	89.70	47.84	47.84	65.24
537	2121.98	3978.72	2121.98	2121.98	2893.62
779	57.36	107.55	57.36	57.36	78.22
538	339.68	636.89	339.68	339.68	463.20
539	1.34	2.51	1.34	1.34	1.82
780	2077.48	3895.27	2077.48	2077.48	2832.92
781	277.53	520.37	277.53	277.53	378.45
540	6.03	11.30	6.03	6.03	8.22
782	1.35	2.52	1.35	1.35	1.83
541	1285.71	2410.71	1285.71	1285.71	1753.24
783	4.62	8.66	4.62	4.62	6.30
300	33.00	61.88	33.00	33.00	45.00
542	33.00	61.88	33.00	33.00	45.00
784	1388.63	2603.68	1388.63	1388.63	1893.59
301	6.57	12.33	6.57	6.57	8.97
543	6.25	11.71	6.25	6.25	8.52
785	33.00	61.88	33.00	33.00	45.00
302	1.58	2.96	1.58	1.58	2.15
544	1.70	3.19	1.70	1.70	2.32
786	6.62	12.42	6.62	6.62	9.03
303	0.08	0.16	0.08	0.08	0.11
545	0.11	0.21	0.11	0.11	0.15
787	2.46	4.61	2.46	2.46	3.35
304	1.61	3.02	1.61	1.61	2.20
546	1.41	2.63	1.41	1.41	1.92
788	0.10	0.18	0.10	0.10	0.13
305	1.16	2.18	1.16	1.16	1.58
547	1.31	2.46	1.31	1.31	1.79
789	1.27	2.39	1.27	1.27	1.74
306	1.40	2.62	1.40	1.40	1.91
548	1.22	2.29	1.22	1.22	1.67
307	1.21	2.28	1.21	1.21	1.66
549	1.30	2.44	1.30	1.30	1.77
308	1.03	1.93	1.03	1.03	1.40
309	0.90	1.69	0.90	0.90	1.23
790	0.88	1.65	0.88	0.88	1.20
791	0.65	1.22	0.65	0.65	0.89
550	0.85	1.58	0.85	0.85	1.15
792	1.73	3.25	1.73	1.73	2.37
551	1.55	2.90	1.55	1.55	2.11
793	1.10	2.07	1.10	1.10	1.51
310	1.52	2.85	1.52	1.52	2.07
552	1.42	2.66	1.42	1.42	1.93
794	1.68	3.16	1.68	1.68	2.30
311	0.66	1.24	0.66	0.66	0.90
553	1.12	2.10	1.12	1.12	1.53
795	1.25	2.33	1.25	1.25	1.70
312	1.18	2.22	1.18	1.18	1.61
554	1.47	2.75	1.47	1.47	2.00
796	1.16	2.18	1.16	1.16	1.58
313	0.73	1.36	0.73	0.73	0.99
555	0.78	1.47	0.78	0.78	1.07
797	1.35	2.53	1.35	1.35	1.84
314	1.40	2.63	1.40	1.40	1.91
556	1.55	2.91	1.55	1.55	2.12
798	1.03	1.94	1.03	1.03	1.41
315	1.74	3.26	1.74	1.74	2.37
557	0.98	1.84	0.98	0.98	1.34
799	1.58	2.95	1.58	1.58	2.15
316	1.27	2.39	1.27	1.27	1.74
558	1.37	2.56	1.37	1.37	1.86
317	1.70	3.18	1.70	1.70	2.32
559	1.54	2.89	1.54	1.54	2.10
318	0.93	1.74	0.93	0.93	1.26
319	0.81	1.53	0.81	0.81	1.11
560	1.78	3.33	1.78	1.78	2.42
561	0.98	1.85	0.98	0.98	1.34
320	1.40	2.63	1.40	1.40	1.91
562	1037.15	1944.65	1037.15	1037.15	1414.29
321	1115.71	2091.95	1115.71	1115.71	1521.42
563	32.73	61.36	32.73	32.73	44.63
322	26.57	49.82	26.57	26.57	36.24
564	27.93	52.38	27.93	27.93	38.09
323	38.32	71.84	38.32	38.32	52.25
565	1225.16	2297.18	1225.16	1225.16	1670.68
324	1765.30	3309.93	1765.30	1765.30	2407.22
566	239.30	448.68	239.30	239.30	326.31
325	506.17	949.08	506.17	506.17	690.24
567	1.42	2.66	1.42	1.42	1.93
326	1.52	2.86	1.52	1.52	2.08
568	5.01	9.39	5.01	5.01	6.83
327	5.54	10.39	5.54	5.54	7.56
569	1279.39	2398.86	1279.39	1279.39	1744.62
328	1416.13	2655.25	1416.13	1416.13	1931.09
329	33.00	61.88	33.00	33.00	45.00
570	33.00	61.88	33.00	33.00	45.00
571	5.69	10.67	5.69	5.69	7.76
330	5.90	11.07	5.90	5.90	8.05
572	1.90	3.57	1.90	1.90	2.60
331	1.41	2.64	1.41	1.41	1.92
573	0.07	0.14	0.07	0.07	0.10
332	0.05	0.09	0.05	0.05	0.07
574	1.88	3.52	1.88	1.88	2.56
333	1.43	2.68	1.43	1.43	1.95
575	1.40	2.63	1.40	1.40	1.91
334	1.66	3.12	1.66	1.66	2.27
576	1.05	1.96	1.05	1.05	1.43
335	1.28	2.40	1.28	1.28	1.74
577	1.20	2.25	1.20	1.20	1.64
336	1.65	3.09	1.65	1.65	2.25
578	1.34	2.52	1.34	1.34	1.83
337	1.01	1.90	1.01	1.01	1.38
579	1.40	2.63	1.40	1.40	1.91
338	1.25	2.35	1.25	1.25	1.71
339	1.77	3.32	1.77	1.77	2.41
580	0.89	1.66	0.89	0.89	1.21
581	1.83	3.43	1.83	1.83	2.50
340	0.89	1.66	0.89	0.89	1.21
582	1.11	2.08	1.11	1.11	1.51
341	0.72	1.34	0.72	0.72	0.98
583	1.33	2.50	1.33	1.33	1.82
100	1.62	3.05	1.62	1.62	2.22
342	1.44	2.70	1.44	1.44	1.97
584	1.50	2.81	1.50	1.50	2.04
101	0.97	1.82	0.97	0.97	1.32
343	1.77	3.32	1.77	1.77	2.41
585	0.75	1.40	0.75	0.75	1.02
102	1.72	3.23	1.72	1.72	2.35
344	1.72	3.22	1.72	1.72	2.34
586	1.18	2.21	1.18	1.18	1.61
103	1.26	2.37	1.26	1.26	1.72
345	1.15	2.16	1.15	1.15	1.57
587	1.17	2.19	1.17	1.17	1.60
104	1.33	2.49	1.33	1.33	1.81
346	1.23	2.30	1.23	1.23	1.67
588	1.24	2.32	1.24	1.24	1.69
105	0.95	1.77	0.95	0.95	1.29
347	0.81	1.51	0.81	0.81	1.10
589	1.01	1.90	1.01	1.01	1.38
106	1.45	2.72	1.45	1.45	1.98
348	1.31	2.46	1.31	1.31	1.79
107	1.03	1.94	1.03	1.03	1.41
349	0.94	1.76	0.94	0.94	1.28
108	1.33	2.50	1.33	1.33	1.82
109	1.10	2.07	1.10	1.10	1.50
590	1.46	2.75	1.46	1.46	2.00
591	1.72	3.23	1.72	1.72	2.35
350	1.55	2.91	1.55	1.55	2.12
592	1.14	2.13	1.14	1.14	1.55
351	1.40	2.62	1.40	1.40	1.90
593	1.07	2.00	1.07	1.07	1.46
110	1.28	2.41	1.28	1.28	1.75
352	1809.21	3392.26	1809.21	1809.21	2467.10
594	883.52	1656.59	883.52	883.52	1204.79
111	1141.97	2141.19	1141.97	1141.97	1557.23
353	44.17	82.81	44.17	44.17	60.23
595	25.12	47.10	25.12	25.12	34.25
112	40.87	76.63	40.87	40.87	55.73
354	76.50	143.43	76.50	76.50	104.31
596	66.22	124.15	66.22	66.22	90.29
113	36.04	67.58	36.04	36.04	49.15
355	1948.68	3653.78	1948.68	1948.68	2657.30
597	2372.96	4449.29	2372.96	2372.96	3235.85
114	1880.83	3526.56	1880.83	1880.83	2564.77
356	242.42	454.53	242.42	242.42	330.57
598	300.34	563.14	300.34	300.34	409.56
115	422.18	791.59	422.18	422.18	575.70
357	1.67	3.13	1.67	1.67	2.28
599	1.97	3.69	1.97	1.97	2.69
116	1.71	3.21	1.71	1.71	2.34
358	4.28	8.02	4.28	4.28	5.83
117	5.84	10.95	5.84	5.84	7.96
359	1370.67	2570.02	1370.67	1370.67	1869.10
118	1402.83	2630.31	1402.83	1402.83	1912.95
119	33.00	61.88	33.00	33.00	45.00
10	1.57	2.95	1.57	1.57	2.14
11	1.11	2.08	1.11	1.11	1.52
12	1.25	2.35	1.25	1.25	1.71
13	1.40	2.63	1.40	1.40	1.91
14	1.34	2.51	1.34	1.34	1.83
15	1.27	2.39	1.27	1.27	1.74
16	0.91	1.71	0.91	0.91	1.25
17	1.47	2.75	1.47	1.47	2.00
18	1.71	3.21	1.71	1.71	2.33
19	1525.32	2859.97	1525.32	1525.32	2079.98
360	33.00	61.88	33.00	33.00	45.00
361	5.64	10.57	5.64	5.64	7.69
120	6.06	11.36	6.06	6.06	8.26
362	2.07	3.89	2.07	2.07	2.83
121	1.61	3.01	1.61	1.61	2.19
363	0.06	0.10	0.06	0.06	0.08
122	0.06	0.10	0.06	0.06	0.08
364	1.34	2.52	1.34	1.34	1.83
123	1.56	2.93	1.56	1.56	2.13
365	0.94	1.76	0.94	0.94	1.28
124	0.65	1.22	0.65	0.65	0.89
366	0.89	1.66	0.89	0.89	1.21
125	1.03	1.92	1.03	1.03	1.40
367	0.83	1.56	0.83	0.83	1.14
126	1.47	2.76	1.47	1.47	2.01
368	0.97	1.81	0.97	0.97	1.32
127	1.79	3.36	1.79	1.79	2.44
369	1.40	2.62	1.40	1.40	1.91
128	1.41	2.64	1.41	1.41	1.92
129	1.31	2.45	1.31	1.31	1.78
20	35.24	66.08	35.24	35.24	48.06
21	39.47	74.00	39.47	39.47	53.82
22	2906.74	5450.14	2906.74	2906.74	3963.74
23	453.86	851.00	453.86	453.86	618.91
24	1.60	3.00	1.60	1.60	2.19
25	4.83	9.05	4.83	4.83	6.58
26	1466.19	2749.11	1466.19	1466.19	1999.35
27	33.00	61.88	33.00	33.00	45.00
28	4.95	9.28	4.95	4.95	6.75
29	1.99	3.74	1.99	1.99	2.72
370	1.04	1.95	1.04	1.04	1.42
371	1.03	1.94	1.03	1.03	1.41
130	1.25	2.35	1.25	1.25	1.71
372	0.93	1.74	0.93	0.93	1.26
131	1.37	2.56	1.37	1.37	1.86
373	0.99	1.86	0.99	0.99	1.35
132	1.03	1.93	1.03	1.03	1.41
374	1.30	2.44	1.30	1.30	1.77
133	1.08	2.03	1.08	1.08	1.47
375	0.65	1.21	0.65	0.65	0.88
134	1.57	2.94	1.57	1.57	2.14
376	1.06	1.98	1.06	1.06	1.44
135	1.14	2.13	1.14	1.14	1.55
377	0.73	1.37	0.73	0.73	1.00
136	0.92	1.73	0.92	0.92	1.26
378	1.42	2.66	1.42	1.42	1.94
137	1.24	2.33	1.24	1.24	1.70
379	1.41	2.64	1.41	1.41	1.92
138	1.72	3.22	1.72	1.72	2.34
139	1.04	1.95	1.04	1.04	1.42
30	0.12	0.22	0.12	0.12	0.16
31	1.34	2.51	1.34	1.34	1.82
32	0.91	1.71	0.91	0.91	1.24
33	1.35	2.52	1.35	1.35	1.83
34	1.38	2.59	1.38	1.38	1.88
35	1.08	2.03	1.08	1.08	1.48
36	1.32	2.47	1.32	1.32	1.79
37	1.33	2.50	1.33	1.33	1.82
38	1.46	2.73	1.46	1.46	1.99
39	1.74	3.26	1.74	1.74	2.37
380	1.35	2.54	1.35	1.35	1.84
381	1.28	2.40	1.28	1.28	1.75
140	1.70	3.18	1.70	1.70	2.31
382	1.00	1.88	1.00	1.00	1.36
141	1.58	2.96	1.58	1.58	2.15
383	1012.08	1897.64	1012.08	1012.08	1380.11
142	859.50	1611.56	859.50	859.50	1172.05
384	49.13	92.12	49.13	49.13	66.99
143	35.89	67.29	35.89	35.89	48.94
385	83.56	156.68	83.56	83.56	113.95
144	44.70	83.81	44.70	44.70	60.95
386	1218.10	2283.94	1218.10	1218.10	1661.04
145	3490.46	6544.62	3490.46	3490.46	4759.72
387	424.75	796.41	424.75	424.75	579.21
146	349.06	654.49	349.06	349.06	475.99
388	1.66	3.12	1.66	1.66	2.27
147	1.87	3.50	1.87	1.87	2.55
389	5.49	10.29	5.49	5.49	7.48
148	6.08	11.39	6.08	6.08	8.28
149	1474.27	2764.26	1474.27	1474.27	2010.37
40	0.75	1.41	0.75	0.75	1.03
41	1.62	3.04	1.62	1.62	2.21
42	1.31	2.45	1.31	1.31	1.78
43	1.55	2.90	1.55	1.55	2.11
44	1.40	2.63	1.40	1.40	1.91
45	1.57	2.95	1.57	1.57	2.14
46	1.89	3.54	1.89	1.89	2.58
47	1.26	2.35	1.26	1.26	1.71
48	1833.95	3438.65	1833.95	1833.95	2500.84
49	27.45	51.47	27.45	27.45	37.43
390	1425.27	2672.37	1425.27	1425.27	1943.55
391	33.00	61.88	33.00	33.00	45.00
150	33.00	61.88	33.00	33.00	45.00
392	4.83	9.05	4.83	4.83	6.58
151	3.88	7.27	3.88	3.88	5.29
393	1.16	2.18	1.16	1.16	1.58
152	1.37	2.56	1.37	1.37	1.86
394	0.07	0.13	0.07	0.07	0.10
153	0.11	0.21	0.11	0.11	0.15
395	1.23	2.30	1.23	1.23	1.68
154	1.50	2.82	1.50	1.50	2.05
396	1.58	2.96	1.58	1.58	2.15
155	1.31	2.45	1.31	1.31	1.78
397	1.83	3.43	1.83	1.83	2.49
156	0.97	1.82	0.97	0.97	1.32
398	1.22	2.29	1.22	1.22	1.66
157	1.48	2.78	1.48	1.48	2.02
399	1.27	2.38	1.27	1.27	1.73
158	1.19	2.22	1.19	1.19	1.62
159	1.56	2.92	1.56	1.56	2.12
50	50.25	94.22	50.25	50.25	68.52
51	2797.43	5245.18	2797.43	2797.43	3814.68
52	525.86	986.00	525.86	525.86	717.09
53	1.31	2.46	1.31	1.31	1.79
54	3.72	6.98	3.72	3.72	5.07
55	1643.57	3081.68	1643.57	1643.57	2241.23
56	33.00	61.88	33.00	33.00	45.00
57	3.29	6.17	3.29	3.29	4.49
58	1.39	2.60	1.39	1.39	1.89
59	0.06	0.11	0.06	0.06	0.08
160	1.07	2.00	1.07	1.07	1.46
161	1.58	2.95	1.58	1.58	2.15
162	1.32	2.48	1.32	1.32	1.80
163	1.13	2.12	1.13	1.13	1.54
164	1.01	1.90	1.01	1.01	1.38
165	1.36	2.55	1.36	1.36	1.85
166	1.88	3.53	1.88	1.88	2.57
167	1.22	2.29	1.22	1.22	1.66
168	0.69	1.29	0.69	0.69	0.94
169	1.12	2.11	1.12	1.12	1.53
60	1.45	2.73	1.45	1.45	1.98
61	1.11	2.09	1.11	1.11	1.52
62	1.25	2.33	1.25	1.25	1.70
63	1.18	2.22	1.18	1.18	1.61
64	1.49	2.79	1.49	1.49	2.03
65	1.59	2.99	1.59	1.59	2.17
66	0.96	1.80	0.96	0.96	1.31
67	1.00	1.87	1.00	1.00	1.36
68	1.66	3.11	1.66	1.66	2.26
69	1.74	3.26	1.74	1.74	2.37
170	1.23	2.30	1.23	1.23	1.67
171	1735.51	3254.08	1735.51	1735.51	2366.61
172	40.76	76.43	40.76	40.76	55.58
173	53.61	100.52	53.61	53.61	73.11
174	1594.95	2990.54	1594.95	1594.95	2174.94
175	427.89	802.29	427.89	427.89	583.48
176	1.78	3.34	1.78	1.78	2.43
177	4.40	8.26	4.40	4.40	6.00
178	1575.86	2954.73	1575.86	1575.86	2148.90
179	33.00	61.88	33.00	33.00	45.00
70	1.17	2.19	1.17	1.17	1.60
71	1.42	2.67	1.42	1.42	1.94
72	1.07	2.01	1.07	1.07	1.46
73	1.14	2.14	1.14	1.14	1.56
74	1.00	1.88	1.00	1.00	1.37
75	0.86	1.61	0.86	0.86	1.17
76	0.98	1.84	0.98	0.98	1.34
77	0.96	1.81	0.96	0.96	1.31
78	1.42	2.67	1.42	1.42	1.94
79	1.43	2.68	1.43	1.43	1.95
180	4.60	8.62	4.60	4.60	6.27
181	1.87	3.50	1.87	1.87	2.54
182	0.07	0.13	0.07	0.07	0.09
183	1.24	2.32	1.24	1.24	1.69
184	0.92	1.72	0.92	0.92	1.25
185	1.41	2.64	1.41	1.41	1.92
186	1.26	2.36	1.26	1.26	1.71
187	1.51	2.82	1.51	1.51	2.05
188	1.66	3.11	1.66	1.66	2.26
189	0.97	1.83	0.97	0.97	1.33
80	788.69	1478.80	788.69	788.69	1075.49
81	27.15	50.91	27.15	27.15	37.02
82	40.27	75.51	40.27	40.27	54.92
83	1447.16	2713.42	1447.16	1447.16	1973.40
84	218.64	409.94	218.64	218.64	298.14
85	1.65	3.10	1.65	1.65	2.25
86	4.24	7.95	4.24	4.24	5.78
87	1263.05	2368.22	1263.05	1263.05	1722.34
88	33.00	61.88	33.00	33.00	45.00
89	3.38	6.33	3.38	3.38	4.61
190	1.50	2.82	1.50	1.50	2.05
191	1.68	3.16	1.68	1.68	2.30
192	1.17	2.19	1.17	1.17	1.59
193	1.25	2.34	1.25	1.25	1.70
194	1.66	3.11	1.66	1.66	2.26
195	1.25	2.35	1.25	1.25	1.71
196	0.83	1.55	0.83	0.83	1.13
197	1.29	2.42	1.29	1.29	1.76
198	1.40	2.63	1.40	1.40	1.91
199	758.21	1421.64	758.21	758.21	1033.92
90	1.02	1.91	1.02	1.02	1.39
91	0.09	0.17	0.09	0.09	0.12
92	0.88	1.66	0.88	0.88	1.21
93	1.40	2.62	1.40	1.40	1.90
94	1.18	2.21	1.18	1.18	1.60
95	0.93	1.75	0.93	0.93	1.27
96	1.29	2.41	1.29	1.29	1.75
97	1.38	2.58	1.38	1.38	1.88
98	1.03	1.93	1.03	1.03	1.40
99	1.48	2.77	1.48	1.48	2.02
