0	0.00	0.00	0.00	0.00	0.00	0.00	0.00	0.00	0.00	0.00	0.00	0.00	0.00	0.00	0.00
1	0.08	0.09	0.13	0.09	0.13	0.07	0.13	0.18	0.09	0.18	0.18	0.08	0.07	0.08	0.09
2	1.21	1.46	1.99	1.46	1.99	1.04	1.99	2.73	1.46	2.73	2.73	1.21	1.04	1.21	1.46
3	1.14	1.36	1.86	1.36	1.86	0.97	1.86	2.56	1.36	2.56	2.56	1.14	0.97	1.14	1.36
4	1.31	1.58	2.15	1.58	2.15	1.13	2.15	2.95	1.58	2.95	2.95	1.31	1.13	1.31	1.58
5	0.98	1.17	1.60	1.17	1.60	0.84	1.60	2.20	1.17	2.20	2.20	0.98	0.84	0.98	1.17
6	1.27	1.53	2.09	1.53	2.09	1.09	2.09	2.87	1.53	2.87	2.87	1.27	1.09	1.27	1.53
7	1.28	1.54	2.10	1.54	2.10	1.10	2.10	2.89	1.54	2.89	2.89	1.28	1.10	1.28	1.54
8	0.61	0.74	1.00	0.74	1.00	0.53	1.00	1.38	0.74	1.38	1.38	0.61	0.53	0.61	0.74
800	0.85	1.02	1.39	1.02	1.39	0.73	1.39	1.92	1.02	1.92	1.92	0.85	0.73	0.85	1.02
9	1.30	1.56	2.13	1.56	2.13	1.12	2.13	2.93	1.56	2.93	2.93	1.30	1.12	1.30	1.56
801	1.31	1.57	2.15	1.57	2.15	1.12	2.15	2.95	1.57	2.95	2.95	1.31	1.12	1.31	1.57
802	0.71	0.85	1.15	0.85	1.15	0.60	1.15	1.59	0.85	1.59	1.59	0.71	0.60	0.71	0.85
803	0.90	1.08	1.47	1.08	1.47	0.77	1.47	2.02	1.08	2.02	2.02	0.90	0.77	0.90	1.08
804	0.99	1.19	1.62	1.19	1.62	0.85	1.62	2.23	1.19	2.23	2.23	0.99	0.85	0.99	1.19
805	1685.62	2022.74	2758.28	2022.74	2758.28	1444.81	2758.28	3792.64	2022.74	3792.64	3792.64	1685.62	1444.81	1685.62	2022.74
806	26.85	32.22	43.93	32.22	43.93	23.01	43.93	60.41	32.22	60.41	60.41	26.85	23.01	26.85	32.22
807	31.09	37.31	50.88	37.31	50.88	26.65	50.88	69.95	37.31	69.95	69.95	31.09	26.65	31.09	37.31
808	2129.37	2555.25	3484.43	2555.25	3484.43	1825.18	3484.43	4791.09	2555.25	4791.09	4791.09	2129.37	1825.18	2129.37	2555.25
809	208.38	250.05	340.98	250.05	340.98	178.61	340.98	468.85	250.05	468.85	468.85	208.38	178.61	208.38	250.05
810	1.38	1.66	2.26	1.66	2.26	1.19	2.26	3.11	1.66	3.11	3.11	1.38	1.19	1.38	1.66
811	2.83	3.39	4.63	3.39	4.63	2.42	4.63	6.37	3.39	6.37	6.37	2.83	2.42	2.83	3.39
812	1130.15	1356.18	1849.34	1356.18	1849.34	968.70	1849.34	2542.85	1356.18	2542.85	2542.85	1130.15	968.70	1130.15	1356.18
813	27.50	33.00	45.00	33.00	45.00	23.57	45.00	61.88	33.00	61.88	61.88	27.50	23.57	27.50	33.00
814	6.16	7.40	10.09	7.40	10.09	5.28	10.09	13.87	7.40	13.87	13.87	6.16	5.28	6.16	7.40
815	1.43	1.72	2.35	1.72	2.35	1.23	2.35	3.23	1.72	3.23	3.23	1.43	1.23	1.43	1.72
816	0.08	0.09	0.12	0.09	0.12	0.06	0.12	0.17	0.09	0.17	0.17	0.08	0.06	0.08	0.09
817	0.99	1.19	1.63	1.19	1.63	0.85	1.63	2.24	1.19	2.24	2.24	0.99	0.85	0.99	1.19
818	1.29	1.55	2.11	1.55	2.11	1.11	2.11	2.90	1.55	2.90	2.90	1.29	1.11	1.29	1.55
819	1.12	1.34	1.83	1.34	1.83	0.96	1.83	2.52	1.34	2.52	2.52	1.12	0.96	1.12	1.34
820	0.89	1.07	1.46	1.07	1.46	0.76	1.46	2.00	1.07	2.00	2.00	0.89	0.76	0.89	1.07
821	1.28	1.53	2.09	1.53	2.09	1.09	2.09	2.87	1.53	2.87	2.87	1.28	1.09	1.28	1.53
822	1.16	1.40	1.90	1.40	1.90	1.00	1.90	2.62	1.40	2.62	2.62	1.16	1.00	1.16	1.40
823	1.22	1.46	1.99	1.46	1.99	1.04	1.99	2.74	1.46	2.74	2.74	1.22	1.04	1.22	1.46
824	1.10	1.31	1.79	1.31	1.79	0.94	1.79	2.46	1.31	2.46	2.46	1.10	0.94	1.10	1.31
825	0.90	1.07	1.47	1.07	1.47	0.77	1.47	2.02	1.07	2.02	2.02	0.90	0.77	0.90	1.07
826	1.17	1.40	1.91	1.40	1.91	1.00	1.91	2.62	1.40	2.62	2.62	1.17	1.00	1.17	1.40
827	0.99	1.19	1.63	1.19	1.63	0.85	1.63	2.24	1.19	2.24	2.24	0.99	0.85	0.99	1.19
828	0.54	0.65	0.89	0.65	0.89	0.47	0.89	1.22	0.65	1.22	1.22	0.54	0.47	0.54	0.65
829	1.00	1.20	1.64	1.20	1.64	0.86	1.64	2.25	1.20	2.25	2.25	1.00	0.86	1.00	1.20
830	1.07	1.28	1.75	1.28	1.75	0.92	1.75	2.41	1.28	2.41	2.41	1.07	0.92	1.07	1.28
831	0.71	0.85	1.16	0.85	1.16	0.61	1.16	1.60	0.85	1.60	1.60	0.71	0.61	0.71	0.85
832	0.89	1.07	1.46	1.07	1.46	0.76	1.46	2.01	1.07	2.01	2.01	0.89	0.76	0.89	1.07
833	1.44	1.72	2.35	1.72	2.35	1.23	2.35	3.23	1.72	3.23	3.23	1.44	1.23	1.44	1.72
834	1.16	1.39	1.89	1.39	1.89	0.99	1.89	2.60	1.39	2.60	2.60	1.16	0.99	1.16	1.39
835	1.19	1.43	1.95	1.43	1.95	1.02	1.95	2.69	1.43	2.69	2.69	1.19	1.02	1.19	1.43
836	1.06	1.27	1.73	1.27	1.73	0.90	1.73	2.38	1.27	2.38	2.38	1.06	0.90	1.06	1.27
837	1087.46	1304.95	1779.48	1304.95	1779.48	932.11	1779.48	2446.78	1304.95	2446.78	2446.78	1087.46	932.11	1087.46	1304.95
838	26.13	31.36	42.76	31.36	42.76	22.40	42.76	58.79	31.36	58.79	58.79	26.13	22.40	26.13	31.36
839	64.28	77.14	105.19	77.14	105.19	55.10	105.19	144.63	77.14	144.63	144.63	64.28	55.10	64.28	77.14
840	2358.56	2830.27	3859.46	2830.27	3859.46	2021.62	3859.46	5306.76	2830.27	5306.76	5306.76	2358.56	2021.62	2358.56	2830.27
841	222.61	267.14	364.28	267.14	364.28	190.81	364.28	500.88	267.14	500.88	500.88	222.61	190.81	222.61	267.14
600	4.49	5.39	7.35	5.39	7.35	3.85	7.35	10.11	5.39	10.11	10.11	4.49	3.85	4.49	5.39
842	1.20	1.44	1.97	1.44	1.97	1.03	1.97	2.70	1.44	2.70	2.70	1.20	1.03	1.20	1.44
601	1310.40	1572.48	2144.29	1572.48	2144.29	1123.20	2144.29	2948.40	1572.48	2948.40	2948.40	1310.40	1123.20	1310.40	1572.48
843	5.44	6.53	8.90	6.53	8.90	4.66	8.90	12.24	6.53	12.24	12.24	5.44	4.66	5.44	6.53
602	27.50	33.00	45.00	33.00	45.00	23.57	45.00	61.88	33.00	61.88	61.88	27.50	23.57	27.50	33.00
844	1284.89	1541.87	2102.54	1541.87	2102.54	1101.33	2102.54	2891.00	1541.87	2891.00	2891.00	1284.89	1101.33	1284.89	1541.87
603	3.04	3.65	4.97	3.65	4.97	2.60	4.97	6.84	3.65	6.84	6.84	3.04	2.60	3.04	3.65
845	27.50	33.00	45.00	33.00	45.00	23.57	45.00	61.88	33.00	61.88	61.88	27.50	23.57	27.50	33.00
604	1.30	1.56	2.13	1.56	2.13	1.11	2.13	2.92	1.56	2.92	2.92	1.30	1.11	1.30	1.56
846	6.14	7.36	10.04	7.36	10.04	5.26	10.04	13.81	7.36	13.81	13.81	6.14	5.26	6.14	7.36
605	0.04	0.05	0.06	0.05	0.06	0.03	0.06	0.09	0.05	0.09	0.09	0.04	0.03	0.04	0.05
847	1.87	2.25	3.07	2.25	3.07	1.61	3.07	4.22	2.25	4.22	4.22	1.87	1.61	1.87	2.25
606	1.06	1.27	1.73	1.27	1.73	0.91	1.73	2.38	1.27	2.38	2.38	1.06	0.91	1.06	1.27
848	0.03	0.04	0.06	0.04	0.06	0.03	0.06	0.08	0.04	0.08	0.08	0.03	0.03	0.03	0.04
607	1.19	1.42	1.94	1.42	1.94	1.02	1.94	2.67	1.42	2.67	2.67	1.19	1.02	1.19	1.42
849	1.43	1.71	2.34	1.71	2.34	1.22	2.34	3.21	1.71	3.21	3.21	1.43	1.22	1.43	1.71
608	1.13	1.36	1.85	1.36	1.85	0.97	1.85	2.54	1.36	2.54	2.54	1.13	0.97	1.13	1.36
609	1.18	1.42	1.93	1.42	1.93	1.01	1.93	2.66	1.42	2.66	2.66	1.18	1.01	1.18	1.42
850	0.84	1.01	1.38	1.01	1.38	0.72	1.38	1.89	1.01	1.89	1.89	0.84	0.72	0.84	1.01
851	1.16	1.39	1.89	1.39	1.89	0.99	1.89	2.60	1.39	2.60	2.60	1.16	0.99	1.16	1.39
610	0.83	0.99	1.35	0.99	1.35	0.71	1.35	1.86	0.99	1.86	1.86	0.83	0.71	0.83	0.99
852	1.35	1.62	2.20	1.62	2.20	1.15	2.20	3.03	1.62	3.03	3.03	1.35	1.15	1.35	1.62
611	0.95	1.13	1.55	1.13	1.55	0.81	1.55	2.13	1.13	2.13	2.13	0.95	0.81	0.95	1.13
853	0.82	0.99	1.35	0.99	1.35	0.71	1.35	1.86	0.99	1.86	1.86	0.82	0.71	0.82	0.99
612	1.07	1.28	1.75	1.28	1.75	0.92	1.75	2.41	1.28	2.41	2.41	1.07	0.92	1.07	1.28
854	1.41	1.69	2.30	1.69	2.30	1.21	2.30	3.16	1.69	3.16	3.16	1.41	1.21	1.41	1.69
613	1.07	1.28	1.75	1.28	1.75	0.91	1.75	2.40	1.28	2.40	2.40	1.07	0.91	1.07	1.28
855	1.29	1.55	2.12	1.55	2.12	1.11	2.12	2.91	1.55	2.91	2.91	1.29	1.11	1.29	1.55
614	0.82	0.98	1.34	0.98	1.34	0.70	1.34	1.84	0.98	1.84	1.84	0.82	0.70	0.82	0.98
856	1.27	1.53	2.08	1.53	2.08	1.09	2.08	2.86	1.53	2.86	2.86	1.27	1.09	1.27	1.53
615	0.89	1.07	1.46	1.07	1.46	0.77	1.46	2.01	1.07	2.01	2.01	0.89	0.77	0.89	1.07
857	0.81	0.97	1.32	0.97	1.32	0.69	1.32	1.81	0.97	1.81	1.81	0.81	0.69	0.81	0.97
616	0.83	1.00	1.36	1.00	1.36	0.71	1.36	1.87	1.00	1.87	1.87	0.83	0.71	0.83	1.00
858	1.23	1.47	2.00	1.47	2.00	1.05	2.00	2.76	1.47	2.76	2.76	1.23	1.05	1.23	1.47
617	0.95	1.14	1.56	1.14	1.56	0.82	1.56	2.14	1.14	2.14	2.14	0.95	0.82	0.95	1.14
859	0.99	1.19	1.62	1.19	1.62	0.85	1.62	2.22	1.19	2.22	2.22	0.99	0.85	0.99	1.19
618	1.26	1.52	2.07	1.52	2.07	1.08	2.07	2.85	1.52	2.85	2.85	1.26	1.08	1.26	1.52
619	1.11	1.33	1.81	1.33	1.81	0.95	1.81	2.49	1.33	2.49	2.49	1.11	0.95	1.11	1.33
860	0.80	0.96	1.31	0.96	1.31	0.69	1.31	1.80	0.96	1.80	1.80	0.80	0.69	0.80	0.96
861	1.27	1.52	2.08	1.52	2.08	1.09	2.08	2.86	1.52	2.86	2.86	1.27	1.09	1.27	1.52
620	1.52	1.83	2.49	1.83	2.49	1.31	2.49	3.43	1.83	3.43	3.43	1.52	1.31	1.52	1.83
862	1.00	1.20	1.63	1.20	1.63	0.85	1.63	2.24	1.20	2.24	2.24	1.00	0.85	1.00	1.20
621	1.24	1.49	2.04	1.49	2.04	1.07	2.04	2.80	1.49	2.80	2.80	1.24	1.07	1.24	1.49
863	1.30	1.57	2.14	1.57	2.14	1.12	2.14	2.94	1.57	2.94	2.94	1.30	1.12	1.30	1.57
622	0.81	0.98	1.33	0.98	1.33	0.70	1.33	1.83	0.98	1.83	1.83	0.81	0.70	0.81	0.98
864	1.26	1.51	2.05	1.51	2.05	1.08	2.05	2.82	1.51	2.82	2.82	1.26	1.08	1.26	1.51
623	1.05	1.26	1.72	1.26	1.72	0.90	1.72	2.37	1.26	2.37	2.37	1.05	0.90	1.05	1.26
865	1164.44	1397.32	1905.44	1397.32	1905.44	998.09	1905.44	2619.98	1397.32	2619.98	2619.98	1164.44	998.09	1164.44	1397.32
624	0.72	0.86	1.17	0.86	1.17	0.61	1.17	1.61	0.86	1.61	1.61	0.72	0.61	0.72	0.86
866	31.77	38.13	51.99	38.13	51.99	27.23	51.99	71.49	38.13	71.49	71.49	31.77	27.23	31.77	38.13
625	0.97	1.16	1.59	1.16	1.59	0.83	1.59	2.18	1.16	2.18	2.18	0.97	0.83	0.97	1.16
867	29.70	35.64	48.61	35.64	48.61	25.46	48.61	66.83	35.64	66.83	66.83	29.70	25.46	29.70	35.64
626	1341.98	1610.37	2195.97	1610.37	2195.97	1150.27	2195.97	3019.45	1610.37	3019.45	3019.45	1341.98	1150.27	1341.98	1610.37
868	2512.41	3014.89	4111.22	3014.89	4111.22	2153.49	4111.22	5652.92	3014.89	5652.92	5652.92	2512.41	2153.49	2512.41	3014.89
627	40.37	48.45	66.07	48.45	66.07	34.61	66.07	90.84	48.45	90.84	90.84	40.37	34.61	40.37	48.45
869	433.61	520.33	709.54	520.33	709.54	371.66	709.54	975.61	520.33	975.61	975.61	433.61	371.66	433.61	520.33
628	31.85	38.23	52.13	38.23	52.13	27.30	52.13	71.67	38.23	71.67	71.67	31.85	27.30	31.85	38.23
629	1484.94	1781.93	2429.91	1781.93	2429.91	1272.81	2429.91	3341.12	1781.93	3341.12	3341.12	1484.94	1272.81	1484.94	1781.93
870	1.39	1.66	2.27	1.66	2.27	1.19	2.27	3.12	1.66	3.12	3.12	1.39	1.19	1.39	1.66
871	5.18	6.21	8.47	6.21	8.47	4.44	8.47	11.65	6.21	11.65	11.65	5.18	4.44	5.18	6.21
630	406.28	487.54	664.83	487.54	664.83	348.24	664.83	914.14	487.54	914.14	914.14	406.28	348.24	406.28	487.54
872	1186.11	1423.33	1940.91	1423.33	1940.91	1016.67	1940.91	2668.75	1423.33	2668.75	2668.75	1186.11	1016.67	1186.11	1423.33
631	1.27	1.52	2.08	1.52	2.08	1.09	2.08	2.86	1.52	2.86	2.86	1.27	1.09	1.27	1.52
873	27.50	33.00	45.00	33.00	45.00	23.57	45.00	61.88	33.00	61.88	61.88	27.50	23.57	27.50	33.00
632	2.91	3.49	4.76	3.49	4.76	2.49	4.76	6.55	3.49	6.55	6.55	2.91	2.49	2.91	3.49
874	4.70	5.64	7.69	5.64	7.69	4.03	7.69	10.57	5.64	10.57	10.57	4.70	4.03	4.70	5.64
633	1177.88	1413.45	1927.43	1413.45	1927.43	1009.61	1927.43	2650.22	1413.45	2650.22	2650.22	1177.88	1009.61	1177.88	1413.45
875	1.56	1.87	2.55	1.87	2.55	1.33	2.55	3.50	1.87	3.50	3.50	1.56	1.33	1.56	1.87
634	27.50	33.00	45.00	33.00	45.00	23.57	45.00	61.88	33.00	61.88	61.88	27.50	23.57	27.50	33.00
876	0.05	0.05	0.07	0.05	0.07	0.04	0.07	0.10	0.05	0.10	0.10	0.05	0.04	0.05	0.05
635	2.41	2.89	3.94	2.89	3.94	2.06	3.94	5.41	2.89	5.41	5.41	2.41	2.06	2.41	2.89
877	0.87	1.04	1.42	1.04	1.42	0.75	1.42	1.96	1.04	1.96	1.96	0.87	0.75	0.87	1.04
636	1.25	1.51	2.05	1.51	2.05	1.08	2.05	2.82	1.51	2.82	2.82	1.25	1.08	1.25	1.51
878	1.32	1.59	2.16	1.59	2.16	1.13	2.16	2.98	1.59	2.98	2.98	1.32	1.13	1.32	1.59
637	0.10	0.12	0.16	0.12	0.16	0.08	0.16	0.22	0.12	0.22	0.22	0.10	0.08	0.10	0.12
879	0.84	1.01	1.38	1.01	1.38	0.72	1.38	1.90	1.01	1.90	1.90	0.84	0.72	0.84	1.01
638	0.90	1.08	1.47	1.08	1.47	0.77	1.47	2.02	1.08	2.02	2.02	0.90	0.77	0.90	1.08
639	1.20	1.44	1.96	1.44	1.96	1.03	1.96	2.70	1.44	2.70	2.70	1.20	1.03	1.20	1.44
880	1.42	1.71	2.33	1.71	2.33	1.22	2.33	3.20	1.71	3.20	3.20	1.42	1.22	1.42	1.71
881	0.97	1.17	1.59	1.17	1.59	0.83	1.59	2.19	1.17	2.19	2.19	0.97	0.83	0.97	1.17
640	1.22	1.47	2.00	1.47	2.00	1.05	2.00	2.76	1.47	2.76	2.76	1.22	1.05	1.22	1.47
882	0.64	0.77	1.06	0.77	1.06	0.55	1.06	1.45	0.77	1.45	1.45	0.64	0.55	0.64	0.77
641	1.02	1.23	1.68	1.23	1.68	0.88	1.68	2.31	1.23	2.31	2.31	1.02	0.88	1.02	1.23
883	0.81	0.97	1.33	0.97	1.33	0.69	1.33	1.82	0.97	1.82	1.82	0.81	0.69	0.81	0.97
400	1.46	1.75	2.39	1.75	2.39	1.25	2.39	3.29	1.75	3.29	3.29	1.46	1.25	1.46	1.75
642	0.71	0.85	1.16	0.85	1.16	0.61	1.16	1.59	0.85	1.59	1.59	0.71	0.61	0.71	0.85
884	1.52	1.83	2.49	1.83	2.49	1.31	2.49	3.43	1.83	3.43	3.43	1.52	1.31	1.52	1.83
401	0.92	1.11	1.51	1.11	1.51	0.79	1.51	2.08	1.11	2.08	2.08	0.92	0.79	0.92	1.11
643	1.08	1.29	1.76	1.29	1.76	0.92	1.76	2.42	1.29	2.42	2.42	1.08	0.92	1.08	1.29
885	1.20	1.44	1.97	1.44	1.97	1.03	1.97	2.71	1.44	2.71	2.71	1.20	1.03	1.20	1.44
402	0.54	0.64	0.88	0.64	0.88	0.46	0.88	1.21	0.64	1.21	1.21	0.54	0.46	0.54	0.64
644	0.90	1.08	1.47	1.08	1.47	0.77	1.47	2.03	1.08	2.03	2.03	0.90	0.77	0.90	1.08
886	0.97	1.17	1.59	1.17	1.59	0.83	1.59	2.19	1.17	2.19	2.19	0.97	0.83	0.97	1.17
403	1.15	1.38	1.88	1.38	1.88	0.99	1.88	2.59	1.38	2.59	2.59	1.15	0.99	1.15	1.38
645	0.90	1.08	1.47	1.08	1.47	0.77	1.47	2.03	1.08	2.03	2.03	0.90	0.77	0.90	1.08
887	1.26	1.51	2.06	1.51	2.06	1.08	2.06	2.83	1.51	2.83	2.83	1.26	1.08	1.26	1.51
404	0.84	1.01	1.38	1.01	1.38	0.72	1.38	1.90	1.01	1.90	1.90	0.84	0.72	0.84	1.01
646	0.64	0.77	1.05	0.77	1.05	0.55	1.05	1.45	0.77	1.45	1.45	0.64	0.55	0.64	0.77
888	0.71	0.85	1.17	0.85	1.17	0.61	1.17	1.60	0.85	1.60	1.60	0.71	0.61	0.71	0.85
405	1.09	1.31	1.79	1.31	1.79	0.94	1.79	2.46	1.31	2.46	2.46	1.09	0.94	1.09	1.31
647	0.96	1.15	1.57	1.15	1.57	0.82	1.57	2.16	1.15	2.16	2.16	0.96	0.82	0.96	1.15
889	0.65	0.78	1.06	0.78	1.06	0.56	1.06	1.46	0.78	1.46	1.46	0.65	0.56	0.65	0.78
406	1.25	1.50	2.04	1.50	2.04	1.07	2.04	2.81	1.50	2.81	2.81	1.25	1.07	1.25	1.50
648	1.35	1.62	2.21	1.62	2.21	1.16	2.21	3.04	1.62	3.04	3.04	1.35	1.16	1.35	1.62
407	1.49	1.79	2.44	1.79	2.44	1.28	2.44	3.36	1.79	3.36	3.36	1.49	1.28	1.49	1.79
649	0.98	1.18	1.60	1.18	1.60	0.84	1.60	2.21	1.18	2.21	2.21	0.98	0.84	0.98	1.18
408	0.55	0.65	0.89	0.65	0.89	0.47	0.89	1.23	0.65	1.23	1.23	0.55	0.47	0.55	0.65
409	1.02	1.22	1.67	1.22	1.67	0.87	1.67	2.29	1.22	2.29	2.29	1.02	0.87	1.02	1.22
890	1.40	1.68	2.29	1.68	2.29	1.20	2.29	3.16	1.68	3.16	3.16	1.40	1.20	1.40	1.68
891	1.29	1.55	2.11	1.55	2.11	1.11	2.11	2.90	1.55	2.90	2.90	1.29	1.11	1.29	1.55
650	0.80	0.96	1.31	0.96	1.31	0.68	1.31	1.80	0.96	1.80	1.80	0.80	0.68	0.80	0.96
892	0.73	0.87	1.19	0.87	1.19	0.62	1.19	1.63	0.87	1.63	1.63	0.73	0.62	0.73	0.87
651	1.02	1.23	1.67	1.23	1.67	0.88	1.67	2.30	1.23	2.30	2.30	1.02	0.88	1.02	1.23
893	1.14	1.36	1.86	1.36	1.86	0.97	1.86	2.56	1.36	2.56	2.56	1.14	0.97	1.14	1.36
410	1.18	1.41	1.93	1.41	1.93	1.01	1.93	2.65	1.41	2.65	2.65	1.18	1.01	1.18	1.41
652	1.22	1.47	2.00	1.47	2.00	1.05	2.00	2.75	1.47	2.75	2.75	1.22	1.05	1.22	1.47
894	1.22	1.47	2.00	1.47	2.00	1.05	2.00	2.75	1.47	2.75	2.75	1.22	1.05	1.22	1.47
411	1.12	1.34	1.83	1.34	1.83	0.96	1.83	2.52	1.34	2.52	2.52	1.12	0.96	1.12	1.34
653	614.00	736.80	1004.73	736.80	1004.73	526.29	1004.73	1381.50	736.80	1381.50	1381.50	614.00	526.29	614.00	736.80
895	0.88	1.05	1.44	1.05	1.44	0.75	1.44	1.97	1.05	1.97	1.97	0.88	0.75	0.88	1.05
412	1.18	1.42	1.93	1.42	1.93	1.01	1.93	2.66	1.42	2.66	2.66	1.18	1.01	1.18	1.42
654	22.37	26.85	36.61	26.85	36.61	19.18	36.61	50.34	26.85	50.34	50.34	22.37	19.18	22.37	26.85
896	1.01	1.21	1.65	1.21	1.65	0.86	1.65	2.27	1.21	2.27	2.27	1.01	0.86	1.01	1.21
413	1213.86	1456.64	1986.32	1456.64	1986.32	1040.46	1986.32	2731.20	1456.64	2731.20	2731.20	1213.86	1040.46	1213.86	1456.64
655	34.82	41.78	56.97	41.78	56.97	29.84	56.97	78.34	41.78	78.34	78.34	34.82	29.84	34.82	41.78
897	727.95	873.53	1191.18	873.53	1191.18	623.95	1191.18	1637.88	873.53	1637.88	1637.88	727.95	623.95	727.95	873.53
414	30.47	36.56	49.86	36.56	49.86	26.12	49.86	68.56	36.56	68.56	68.56	30.47	26.12	30.47	36.56
656	1934.49	2321.39	3165.53	2321.39	3165.53	1658.14	3165.53	4352.61	2321.39	4352.61	4352.61	1934.49	1658.14	1934.49	2321.39
898	28.49	34.19	46.63	34.19	46.63	24.42	46.63	64.11	34.19	64.11	64.11	28.49	24.42	28.49	34.19
415	43.84	52.60	71.73	52.60	71.73	37.57	71.73	98.63	52.60	98.63	98.63	43.84	37.57	43.84	52.60
657	294.30	353.17	481.59	353.17	481.59	252.26	481.59	662.18	353.17	662.18	662.18	294.30	252.26	294.30	353.17
899	39.53	47.44	64.69	47.44	64.69	33.89	64.69	88.95	47.44	88.95	88.95	39.53	33.89	39.53	47.44
416	1362.04	1634.44	2228.78	1634.44	2228.78	1167.46	2228.78	3064.58	1634.44	3064.58	3064.58	1362.04	1167.46	1362.04	1634.44
658	0.97	1.17	1.59	1.17	1.59	0.83	1.59	2.19	1.17	2.19	2.19	0.97	0.83	0.97	1.17
417	241.43	289.71	395.06	289.71	395.06	206.94	395.06	543.21	289.71	543.21	543.21	241.43	206.94	241.43	289.71
659	3.38	4.06	5.53	4.06	5.53	2.90	5.53	7.60	4.06	7.60	7.60	3.38	2.90	3.38	4.06
418	1.38	1.65	2.25	1.65	2.25	1.18	2.25	3.10	1.65	3.10	3.10	1.38	1.18	1.38	1.65
419	5.73	6.88	9.38	6.88	9.38	4.91	9.38	12.89	6.88	12.89	12.89	5.73	4.91	5.73	6.88
660	1158.08	1389.70	1895.05	1389.70	1895.05	992.64	1895.05	2605.69	1389.70	2605.69	2605.69	1158.08	992.64	1158.08	1389.70
661	27.50	33.00	45.00	33.00	45.00	23.57	45.00	61.88	33.00	61.88	61.88	27.50	23.57	27.50	33.00
420	1238.27	1485.93	2026.26	1485.93	2026.26	1061.38	2026.26	2786.11	1485.93	2786.11	2786.11	1238.27	1061.38	1238.27	1485.93
662	4.22	5.07	6.91	5.07	6.91	3.62	6.91	9.51	5.07	9.51	9.51	4.22	3.62	4.22	5.07
421	27.50	33.00	45.00	33.00	45.00	23.57	45.00	61.88	33.00	61.88	61.88	27.50	23.57	27.50	33.00
663	1.08	1.30	1.77	1.30	1.77	0.93	1.77	2.43	1.30	2.43	2.43	1.08	0.93	1.08	1.30
422	4.37	5.24	7.15	5.24	7.15	3.74	7.15	9.82	5.24	9.82	9.82	4.37	3.74	4.37	5.24
664	0.09	0.11	0.15	0.11	0.15	0.08	0.15	0.21	0.11	0.21	0.21	0.09	0.08	0.09	0.11
423	1.73	2.08	2.84	2.08	2.84	1.49	2.84	3.90	2.08	3.90	3.90	1.73	1.49	1.73	2.08
665	1.19	1.42	1.94	1.42	1.94	1.02	1.94	2.67	1.42	2.67	2.67	1.19	1.02	1.19	1.42
424	0.06	0.07	0.10	0.07	0.10	0.05	0.10	0.13	0.07	0.13	0.13	0.06	0.05	0.06	0.07
666	0.69	0.83	1.13	0.83	1.13	0.59	1.13	1.56	0.83	1.56	1.56	0.69	0.59	0.69	0.83
425	1.08	1.30	1.78	1.30	1.78	0.93	1.78	2.44	1.30	2.44	2.44	1.08	0.93	1.08	1.30
667	1.13	1.36	1.85	1.36	1.85	0.97	1.85	2.54	1.36	2.54	2.54	1.13	0.97	1.13	1.36
426	1.02	1.22	1.66	1.22	1.66	0.87	1.66	2.29	1.22	2.29	2.29	1.02	0.87	1.02	1.22
668	0.87	1.04	1.42	1.04	1.42	0.74	1.42	1.95	1.04	1.95	1.95	0.87	0.74	0.87	1.04
427	1.01	1.21	1.65	1.21	1.65	0.86	1.65	2.27	1.21	2.27	2.27	1.01	0.86	1.01	1.21
669	0.58	0.69	0.95	0.69	0.95	0.50	0.95	1.30	0.69	1.30	1.30	0.58	0.50	0.58	0.69
428	1.03	1.24	1.69	1.24	1.69	0.88	1.69	2.32	1.24	2.32	2.32	1.03	0.88	1.03	1.24
429	1.06	1.27	1.73	1.27	1.73	0.90	1.73	2.37	1.27	2.37	2.37	1.06	0.90	1.06	1.27
670	0.91	1.09	1.48	1.09	1.48	0.78	1.48	2.04	1.09	2.04	2.04	0.91	0.78	0.91	1.09
671	0.89	1.07	1.45	1.07	1.45	0.76	1.45	2.00	1.07	2.00	2.00	0.89	0.76	0.89	1.07
430	0.62	0.74	1.01	0.74	1.01	0.53	1.01	1.39	0.74	1.39	1.39	0.62	0.53	0.62	0.74
672	1.34	1.61	2.20	1.61	2.20	1.15	2.20	3.03	1.61	3.03	3.03	1.34	1.15	1.34	1.61
431	1.06	1.27	1.74	1.27	1.74	0.91	1.74	2.39	1.27	2.39	2.39	1.06	0.91	1.06	1.27
673	1.18	1.42	1.94	1.42	1.94	1.01	1.94	2.66	1.42	2.66	2.66	1.18	1.01	1.18	1.42
432	1.12	1.34	1.83	1.34	1.83	0.96	1.83	2.51	1.34	2.51	2.51	1.12	0.96	1.12	1.34
674	1.22	1.46	1.99	1.46	1.99	1.04	1.99	2.74	1.46	2.74	2.74	1.22	1.04	1.22	1.46
433	0.73	0.87	1.19	0.87	1.19	0.62	1.19	1.64	0.87	1.64	1.64	0.73	0.62	0.73	0.87
675	0.97	1.17	1.59	1.17	1.59	0.84	1.59	2.19	1.17	2.19	2.19	0.97	0.84	0.97	1.17
434	1.10	1.32	1.80	1.32	1.80	0.94	1.80	2.47	1.32	2.47	2.47	1.10	0.94	1.10	1.32
676	0.77	0.92	1.26	0.92	1.26	0.66	1.26	1.73	0.92	1.73	1.73	0.77	0.66	0.77	0.92
435	0.97	1.16	1.59	1.16	1.59	0.83	1.59	2.18	1.16	2.18	2.18	0.97	0.83	0.97	1.16
677	1.46	1.76	2.40	1.76	2.40	1.26	2.40	3.29	1.76	3.29	3.29	1.46	1.26	1.46	1.76
436	1.37	1.64	2.24	1.64	2.24	1.17	2.24	3.07	1.64	3.07	3.07	1.37	1.17	1.37	1.64
678	1.09	1.31	1.78	1.31	1.78	0.93	1.78	2.45	1.31	2.45	2.45	1.09	0.93	1.09	1.31
437	0.82	0.98	1.33	0.98	1.33	0.70	1.33	1.83	0.98	1.83	1.83	0.82	0.70	0.82	0.98
679	1.04	1.25	1.70	1.25	1.70	0.89	1.70	2.34	1.25	2.34	2.34	1.04	0.89	1.04	1.25
438	1.14	1.37	1.87	1.37	1.87	0.98	1.87	2.58	1.37	2.58	2.58	1.14	0.98	1.14	1.37
439	1.42	1.71	2.33	1.71	2.33	1.22	2.33	3.20	1.71	3.20	3.20	1.42	1.22	1.42	1.71
680	1.40	1.69	2.30	1.69	2.30	1.20	2.30	3.16	1.69	3.16	3.16	1.40	1.20	1.40	1.69
681	1.58	1.90	2.59	1.90	2.59	1.35	2.59	3.56	1.90	3.56	3.56	1.58	1.35	1.58	1.90
440	1.38	1.65	2.25	1.65	2.25	1.18	2.25	3.10	1.65	3.10	3.10	1.38	1.18	1.38	1.65
682	1.21	1.45	1.97	1.45	1.97	1.03	1.97	2.71	1.45	2.71	2.71	1.21	1.03	1.21	1.45
441	1.06	1.27	1.73	1.27	1.73	0.91	1.73	2.38	1.27	2.38	2.38	1.06	0.91	1.06	1.27
683	0.98	1.18	1.61	1.18	1.61	0.84	1.61	2.21	1.18	2.21	2.21	0.98	0.84	0.98	1.18
200	31.62	37.94	51.73	37.94	51.73	27.10	51.73	71.13	37.94	71.13	71.13	31.62	27.10	31.62	37.94
442	0.64	0.76	1.04	0.76	1.04	0.54	1.04	1.43	0.76	1.43	1.43	0.64	0.54	0.64	0.76
684	1.02	1.22	1.67	1.22	1.67	0.87	1.67	2.29	1.22	2.29	2.29	1.02	0.87	1.02	1.22
201	43.63	52.35	71.39	52.35	71.39	37.40	71.39	98.16	52.35	98.16	98.16	43.63	37.40	43.63	52.35
443	0.76	0.92	1.25	0.92	1.25	0.65	1.25	1.72	0.92	1.72	1.72	0.76	0.65	0.76	0.92
685	1359.47	1631.36	2224.58	1631.36	2224.58	1165.26	2224.58	3058.80	1631.36	3058.80	3058.80	1359.47	1165.26	1359.47	1631.36
202	1476.36	1771.63	2415.86	1771.63	2415.86	1265.45	2415.86	3321.81	1771.63	3321.81	3321.81	1476.36	1265.45	1476.36	1771.63
444	1537.43	1844.92	2515.80	1844.92	2515.80	1317.80	2515.80	3459.22	1844.92	3459.22	3459.22	1537.43	1317.80	1537.43	1844.92
686	29.88	35.85	48.89	35.85	48.89	25.61	48.89	67.23	35.85	67.23	67.23	29.88	25.61	29.88	35.85
203	249.42	299.30	408.14	299.30	408.14	213.79	408.14	561.20	299.30	561.20	561.20	249.42	213.79	249.42	299.30
445	33.18	39.82	54.29	39.82	54.29	28.44	54.29	74.65	39.82	74.65	74.65	33.18	28.44	33.18	39.82
687	52.41	62.89	85.76	62.89	85.76	44.92	85.76	117.92	62.89	117.92	117.92	52.41	44.92	52.41	62.89
204	1.06	1.27	1.73	1.27	1.73	0.90	1.73	2.37	1.27	2.37	2.37	1.06	0.90	1.06	1.27
446	28.65	34.38	46.88	34.38	46.88	24.56	46.88	64.46	34.38	64.46	64.46	28.65	24.56	28.65	34.38
688	1978.53	2374.24	3237.60	2374.24	3237.60	1695.89	3237.60	4451.70	2374.24	4451.70	4451.70	1978.53	1695.89	1978.53	2374.24
205	4.92	5.91	8.05	5.91	8.05	4.22	8.05	11.07	5.91	11.07	11.07	4.92	4.22	4.92	5.91
447	2595.46	3114.55	4247.12	3114.55	4247.12	2224.68	4247.12	5839.78	3114.55	5839.78	5839.78	2595.46	2224.68	2595.46	3114.55
689	289.97	347.97	474.50	347.97	474.50	248.55	474.50	652.44	347.97	652.44	652.44	289.97	248.55	289.97	347.97
206	1157.45	1388.94	1894.01	1388.94	1894.01	992.10	1894.01	2604.26	1388.94	2604.26	2604.26	1157.45	992.10	1157.45	1388.94
448	261.76	314.11	428.33	314.11	428.33	224.36	428.33	588.95	314.11	588.95	588.95	261.76	224.36	261.76	314.11
207	27.50	33.00	45.00	33.00	45.00	23.57	45.00	61.88	33.00	61.88	61.88	27.50	23.57	27.50	33.00
449	1.15	1.38	1.88	1.38	1.88	0.99	1.88	2.59	1.38	2.59	2.59	1.15	0.99	1.15	1.38
208	4.61	5.53	7.54	5.53	7.54	3.95	7.54	10.36	5.53	10.36	10.36	4.61	3.95	4.61	5.53
209	2.01	2.42	3.29	2.42	3.29	1.73	3.29	4.53	2.42	4.53	4.53	2.01	1.73	2.01	2.42
690	1.13	1.35	1.85	1.35	1.85	0.97	1.85	2.54	1.35	2.54	2.54	1.13	0.97	1.13	1.35
691	4.31	5.17	7.05	5.17	7.05	3.69	7.05	9.69	5.17	9.69	9.69	4.31	3.69	4.31	5.17
450	4.68	5.61	7.65	5.61	7.65	4.01	7.65	10.52	5.61	10.52	10.52	4.68	4.01	4.68	5.61
692	1029.90	1235.88	1685.29	1235.88	1685.29	882.77	1685.29	2317.27	1235.88	2317.27	2317.27	1029.90	882.77	1029.90	1235.88
451	1226.88	1472.26	2007.63	1472.26	2007.63	1051.61	2007.63	2760.49	1472.26	2760.49	2760.49	1226.88	1051.61	1226.88	1472.26
693	27.50	33.00	45.00	33.00	45.00	23.57	45.00	61.88	33.00	61.88	61.88	27.50	23.57	27.50	33.00
210	0.04	0.04	0.06	0.04	0.06	0.03	0.06	0.08	0.04	0.08	0.08	0.04	0.03	0.04	0.04
452	27.50	33.00	45.00	33.00	45.00	23.57	45.00	61.88	33.00	61.88	61.88	27.50	23.57	27.50	33.00
694	3.84	4.61	6.29	4.61	6.29	3.29	6.29	8.64	4.61	8.64	8.64	3.84	3.29	3.84	4.61
211	0.96	1.15	1.57	1.15	1.57	0.82	1.57	2.15	1.15	2.15	2.15	0.96	0.82	0.96	1.15
453	2.51	3.02	4.11	3.02	4.11	2.15	4.11	5.65	3.02	5.65	5.65	2.51	2.15	2.51	3.02
695	1.92	2.31	3.15	2.31	3.15	1.65	3.15	4.33	2.31	4.33	4.33	1.92	1.65	1.92	2.31
212	0.83	1.00	1.36	1.00	1.36	0.71	1.36	1.87	1.00	1.87	1.87	0.83	0.71	0.83	1.00
454	1.80	2.17	2.95	2.17	2.95	1.55	2.95	4.06	2.17	4.06	4.06	1.80	1.55	1.80	2.17
696	0.07	0.08	0.11	0.08	0.11	0.06	0.11	0.15	0.08	0.15	0.15	0.07	0.06	0.07	0.08
213	1.30	1.56	2.13	1.56	2.13	1.12	2.13	2.93	1.56	2.93	2.93	1.30	1.12	1.30	1.56
455	0.04	0.05	0.07	0.05	0.07	0.03	0.07	0.09	0.05	0.09	0.09	0.04	0.03	0.04	0.05
697	1.49	1.78	2.43	1.78	2.43	1.27	2.43	3.34	1.78	3.34	3.34	1.49	1.27	1.49	1.78
214	1.20	1.44	1.96	1.44	1.96	1.03	1.96	2.69	1.44	2.69	2.69	1.20	1.03	1.20	1.44
456	0.89	1.06	1.45	1.06	1.45	0.76	1.45	1.99	1.06	1.99	1.99	0.89	0.76	0.89	1.06
698	1.41	1.70	2.31	1.70	2.31	1.21	2.31	3.18	1.70	3.18	3.18	1.41	1.21	1.41	1.70
215	0.85	1.02	1.39	1.02	1.39	0.73	1.39	1.91	1.02	1.91	1.91	0.85	0.73	0.85	1.02
457	0.72	0.87	1.18	0.87	1.18	0.62	1.18	1.63	0.87	1.63	1.63	0.72	0.62	0.72	0.87
699	1.31	1.57	2.14	1.57	2.14	1.12	2.14	2.94	1.57	2.94	2.94	1.31	1.12	1.31	1.57
216	1.41	1.69	2.31	1.69	2.31	1.21	2.31	3.17	1.69	3.17	3.17	1.41	1.21	1.41	1.69
458	1.50	1.79	2.45	1.79	2.45	1.28	2.45	3.36	1.79	3.36	3.36	1.50	1.28	1.50	1.79
217	1.25	1.50	2.04	1.50	2.04	1.07	2.04	2.81	1.50	2.81	2.81	1.25	1.07	1.25	1.50
459	0.93	1.11	1.51	1.11	1.51	0.79	1.51	2.08	1.11	2.08	2.08	0.93	0.79	0.93	1.11
218	0.62	0.75	1.02	0.75	1.02	0.54	1.02	1.41	0.75	1.41	1.41	0.62	0.54	0.62	0.75
219	0.59	0.71	0.97	0.71	0.97	0.51	0.97	1.34	0.71	1.34	1.34	0.59	0.51	0.59	0.71
460	1.28	1.54	2.10	1.54	2.10	1.10	2.10	2.88	1.54	2.88	2.88	1.28	1.10	1.28	1.54
461	0.77	0.92	1.25	0.92	1.25	0.66	1.25	1.72	0.92	1.72	1.72	0.77	0.66	0.77	0.92
220	0.87	1.05	1.43	1.05	1.43	0.75	1.43	1.97	1.05	1.97	1.97	0.87	0.75	0.87	1.05
462	0.84	1.01	1.38	1.01	1.38	0.72	1.38	1.90	1.01	1.90	1.90	0.84	0.72	0.84	1.01
221	0.98	1.17	1.60	1.17	1.60	0.84	1.60	2.20	1.17	2.20	2.20	0.98	0.84	0.98	1.17
463	1.07	1.29	1.75	1.29	1.75	0.92	1.75	2.41	1.29	2.41	2.41	1.07	0.92	1.07	1.29
222	0.69	0.83	1.14	0.83	1.14	0.60	1.14	1.56	0.83	1.56	1.56	0.69	0.60	0.69	0.83
464	1.08	1.29	1.76	1.29	1.76	0.92	1.76	2.42	1.29	2.42	2.42	1.08	0.92	1.08	1.29
223	1.30	1.57	2.13	1.57	2.13	1.12	2.13	2.93	1.57	2.93	2.93	1.30	1.12	1.30	1.57
465	1.09	1.30	1.78	1.30	1.78	0.93	1.78	2.44	1.30	2.44	2.44	1.09	0.93	1.09	1.30
224	0.72	0.86	1.17	0.86	1.17	0.62	1.17	1.61	0.86	1.61	1.61	0.72	0.62	0.72	0.86
466	1.44	1.72	2.35	1.72	2.35	1.23	2.35	3.23	1.72	3.23	3.23	1.44	1.23	1.44	1.72
225	0.92	1.10	1.50	1.10	1.50	0.79	1.50	2.07	1.10	2.07	2.07	0.92	0.79	0.92	1.10
467	1.03	1.24	1.69	1.24	1.69	0.88	1.69	2.32	1.24	2.32	2.32	1.03	0.88	1.03	1.24
226	1.20	1.44	1.96	1.44	1.96	1.03	1.96	2.70	1.44	2.70	2.70	1.20	1.03	1.20	1.44
468	0.91	1.09	1.49	1.09	1.49	0.78	1.49	2.05	1.09	2.05	2.05	0.91	0.78	0.91	1.09
227	0.89	1.07	1.46	1.07	1.46	0.77	1.46	2.01	1.07	2.01	2.01	0.89	0.77	0.89	1.07
469	1.23	1.47	2.01	1.47	2.01	1.05	2.01	2.76	1.47	2.76	2.76	1.23	1.05	1.23	1.47
228	1.35	1.62	2.21	1.62	2.21	1.16	2.21	3.03	1.62	3.03	3.03	1.35	1.16	1.35	1.62
229	0.91	1.09	1.48	1.09	1.48	0.78	1.48	2.04	1.09	2.04	2.04	0.91	0.78	0.91	1.09
470	0.84	1.01	1.37	1.01	1.37	0.72	1.37	1.89	1.01	1.89	1.89	0.84	0.72	0.84	1.01
471	0.71	0.85	1.16	0.85	1.16	0.61	1.16	1.59	0.85	1.59	1.59	0.71	0.61	0.71	0.85
230	0.73	0.88	1.20	0.88	1.20	0.63	1.20	1.65	0.88	1.65	1.65	0.73	0.63	0.73	0.88
472	1.29	1.55	2.11	1.55	2.11	1.10	2.11	2.90	1.55	2.90	2.90	1.29	1.10	1.29	1.55
231	1.05	1.26	1.72	1.26	1.72	0.90	1.72	2.37	1.26	2.37	2.37	1.05	0.90	1.05	1.26
473	1157.17	1388.60	1893.55	1388.60	1893.55	991.86	1893.55	2603.62	1388.60	2603.62	2603.62	1157.17	991.86	1157.17	1388.60
232	1.02	1.22	1.66	1.22	1.66	0.87	1.66	2.29	1.22	2.29	2.29	1.02	0.87	1.02	1.22
474	28.58	34.30	46.77	34.30	46.77	24.50	46.77	64.31	34.30	64.31	64.31	28.58	24.50	28.58	34.30
233	1226.09	1471.31	2006.33	1471.31	2006.33	1050.93	2006.33	2758.70	1471.31	2758.70	2758.70	1226.09	1050.93	1226.09	1471.31
475	60.52	72.63	99.04	72.63	99.04	51.88	99.04	136.17	72.63	136.17	136.17	60.52	51.88	60.52	72.63
234	35.06	42.07	57.37	42.07	57.37	30.05	57.37	78.89	42.07	78.89	78.89	35.06	30.05	35.06	42.07
476	2569.51	3083.41	4204.65	3083.41	4204.65	2202.44	4204.65	5781.40	3083.41	5781.40	5781.40	2569.51	2202.44	2569.51	3083.41
235	51.71	62.06	84.62	62.06	84.62	44.33	84.62	116.36	62.06	116.36	116.36	51.71	44.33	51.71	62.06
477	286.67	344.01	469.10	344.01	469.10	245.72	469.10	645.02	344.01	645.02	645.02	286.67	245.72	286.67	344.01
236	1513.46	1816.15	2476.57	1816.15	2476.57	1297.25	2476.57	3405.28	1816.15	3405.28	3405.28	1513.46	1297.25	1513.46	1816.15
478	1.11	1.34	1.82	1.34	1.82	0.95	1.82	2.50	1.34	2.50	2.50	1.11	0.95	1.11	1.34
237	197.00	236.40	322.37	236.40	322.37	168.86	322.37	443.25	236.40	443.25	443.25	197.00	168.86	197.00	236.40
479	3.55	4.26	5.81	4.26	5.81	3.04	5.81	7.99	4.26	7.99	7.99	3.55	3.04	3.55	4.26
238	1.34	1.61	2.19	1.61	2.19	1.15	2.19	3.01	1.61	3.01	3.01	1.34	1.15	1.34	1.61
239	3.30	3.95	5.39	3.95	5.39	2.82	5.39	7.42	3.95	7.42	7.42	3.30	2.82	3.30	3.95
480	1156.63	1387.95	1892.66	1387.95	1892.66	991.39	1892.66	2602.41	1387.95	2602.41	2602.41	1156.63	991.39	1156.63	1387.95
481	27.50	33.00	45.00	33.00	45.00	23.57	45.00	61.88	33.00	61.88	61.88	27.50	23.57	27.50	33.00
240	1133.72	1360.47	1855.18	1360.47	1855.18	971.76	1855.18	2550.88	1360.47	2550.88	2550.88	1133.72	971.76	1133.72	1360.47
482	4.76	5.71	7.79	5.71	7.79	4.08	7.79	10.71	5.71	10.71	10.71	4.76	4.08	4.76	5.71
241	27.50	33.00	45.00	33.00	45.00	23.57	45.00	61.88	33.00	61.88	61.88	27.50	23.57	27.50	33.00
483	1.21	1.45	1.97	1.45	1.97	1.03	1.97	2.71	1.45	2.71	2.71	1.21	1.03	1.21	1.45
242	5.53	6.64	9.05	6.64	9.05	4.74	9.05	12.45	6.64	12.45	12.45	5.53	4.74	5.53	6.64
484	0.04	0.04	0.06	0.04	0.06	0.03	0.06	0.08	0.04	0.08	0.08	0.04	0.03	0.04	0.04
243	1.69	2.03	2.76	2.03	2.76	1.45	2.76	3.80	2.03	3.80	3.80	1.69	1.45	1.69	2.03
485	1.32	1.58	2.15	1.58	2.15	1.13	2.15	2.96	1.58	2.96	2.96	1.32	1.13	1.32	1.58
244	0.09	0.11	0.15	0.11	0.15	0.08	0.15	0.21	0.11	0.21	0.21	0.09	0.08	0.09	0.11
486	1.19	1.43	1.95	1.43	1.95	1.02	1.95	2.68	1.43	2.68	2.68	1.19	1.02	1.19	1.43
245	1.12	1.34	1.83	1.34	1.83	0.96	1.83	2.52	1.34	2.52	2.52	1.12	0.96	1.12	1.34
487	1.49	1.79	2.44	1.79	2.44	1.28	2.44	3.36	1.79	3.36	3.36	1.49	1.28	1.49	1.79
246	1.24	1.48	2.02	1.48	2.02	1.06	2.02	2.78	1.48	2.78	2.78	1.24	1.06	1.24	1.48
488	0.83	0.99	1.35	0.99	1.35	0.71	1.35	1.86	0.99	1.86	1.86	0.83	0.71	0.83	0.99
247	1.13	1.36	1.85	1.36	1.85	0.97	1.85	2.55	1.36	2.55	2.55	1.13	0.97	1.13	1.36
489	0.93	1.11	1.52	1.11	1.52	0.80	1.52	2.09	1.11	2.09	2.09	0.93	0.80	0.93	1.11
248	1.11	1.34	1.82	1.34	1.82	0.95	1.82	2.50	1.34	2.50	2.50	1.11	0.95	1.11	1.34
249	1.04	1.24	1.70	1.24	1.70	0.89	1.70	2.33	1.24	2.33	2.33	1.04	0.89	1.04	1.24
490	0.82	0.99	1.35	0.99	1.35	0.71	1.35	1.85	0.99	1.85	1.85	0.82	0.71	0.82	0.99
491	0.87	1.04	1.42	1.04	1.42	0.75	1.42	1.96	1.04	1.96	1.96	0.87	0.75	0.87	1.04
250	1.14	1.36	1.86	1.36	1.86	0.97	1.86	2.56	1.36	2.56	2.56	1.14	0.97	1.14	1.36
492	0.68	0.81	1.11	0.81	1.11	0.58	1.11	1.52	0.81	1.52	1.52	0.68	0.58	0.68	0.81
251	1.08	1.29	1.76	1.29	1.76	0.92	1.76	2.43	1.29	2.43	2.43	1.08	0.92	1.08	1.29
493	1.40	1.67	2.28	1.67	2.28	1.20	2.28	3.14	1.67	3.14	3.14	1.40	1.20	1.40	1.67
252	0.91	1.10	1.50	1.10	1.50	0.78	1.50	2.06	1.10	2.06	2.06	0.91	0.78	0.91	1.10
494	1.52	1.82	2.49	1.82	2.49	1.30	2.49	3.42	1.82	3.42	3.42	1.52	1.30	1.52	1.82
253	0.94	1.12	1.53	1.12	1.53	0.80	1.53	2.10	1.12	2.10	2.10	0.94	0.80	0.94	1.12
495	0.90	1.08	1.47	1.08	1.47	0.77	1.47	2.02	1.08	2.02	2.02	0.90	0.77	0.90	1.08
254	1.10	1.33	1.81	1.33	1.81	0.95	1.81	2.49	1.33	2.49	2.49	1.10	0.95	1.10	1.33
496	1.58	1.90	2.59	1.90	2.59	1.36	2.59	3.56	1.90	3.56	3.56	1.58	1.36	1.58	1.90
255	1.12	1.35	1.84	1.35	1.84	0.96	1.84	2.53	1.35	2.53	2.53	1.12	0.96	1.12	1.35
497	0.91	1.09	1.49	1.09	1.49	0.78	1.49	2.05	1.09	2.05	2.05	0.91	0.78	0.91	1.09
256	0.76	0.91	1.25	0.91	1.25	0.65	1.25	1.71	0.91	1.71	1.71	0.76	0.65	0.76	0.91
498	1.50	1.80	2.45	1.80	2.45	1.28	2.45	3.37	1.80	3.37	3.37	1.50	1.28	1.50	1.80
257	1.16	1.39	1.90	1.39	1.90	0.99	1.90	2.61	1.39	2.61	2.61	1.16	0.99	1.16	1.39
499	0.84	1.00	1.37	1.00	1.37	0.72	1.37	1.88	1.00	1.88	1.88	0.84	0.72	0.84	1.00
258	1.04	1.25	1.71	1.25	1.71	0.89	1.71	2.35	1.25	2.35	2.35	1.04	0.89	1.04	1.25
259	0.91	1.09	1.49	1.09	1.49	0.78	1.49	2.04	1.09	2.04	2.04	0.91	0.78	0.91	1.09
260	630.73	756.88	1032.11	756.88	1032.11	540.63	1032.11	1419.15	756.88	1419.15	1419.15	630.73	540.63	630.73	756.88
261	29.24	35.09	47.85	35.09	47.85	25.06	47.85	65.79	35.09	65.79	65.79	29.24	25.06	29.24	35.09
262	32.46	38.95	53.11	38.95	53.11	27.82	53.11	73.02	38.95	73.02	73.02	32.46	27.82	32.46	38.95
263	1575.11	1890.14	2577.46	1890.14	2577.46	1350.10	2577.46	3544.00	1890.14	3544.00	3544.00	1575.11	1350.10	1575.11	1890.14
264	245.94	295.13	402.45	295.13	402.45	210.81	402.45	553.37	295.13	553.37	553.37	245.94	210.81	245.94	295.13
265	1.26	1.52	2.07	1.52	2.07	1.08	2.07	2.84	1.52	2.84	2.84	1.26	1.08	1.26	1.52
266	3.49	4.18	5.71	4.18	5.71	2.99	5.71	7.85	4.18	7.85	7.85	3.49	2.99	3.49	4.18
267	1208.41	1450.09	1977.40	1450.09	1977.40	1035.78	1977.40	2718.92	1450.09	2718.92	2718.92	1208.41	1035.78	1208.41	1450.09
268	27.50	33.00	45.00	33.00	45.00	23.57	45.00	61.88	33.00	61.88	61.88	27.50	23.57	27.50	33.00
269	4.62	5.55	7.56	5.55	7.56	3.96	7.56	10.40	5.55	10.40	10.40	4.62	3.96	4.62	5.55
270	1.56	1.87	2.55	1.87	2.55	1.34	2.55	3.51	1.87	3.51	3.51	1.56	1.34	1.56	1.87
271	0.09	0.11	0.15	0.11	0.15	0.08	0.15	0.20	0.11	0.20	0.20	0.09	0.08	0.09	0.11
272	1.04	1.25	1.70	1.25	1.70	0.89	1.70	2.34	1.25	2.34	2.34	1.04	0.89	1.04	1.25
273	1.30	1.56	2.13	1.56	2.13	1.12	2.13	2.93	1.56	2.93	2.93	1.30	1.12	1.30	1.56
274	1.16	1.39	1.90	1.39	1.90	0.99	1.90	2.61	1.39	2.61	2.61	1.16	0.99	1.16	1.39
275	1.24	1.48	2.02	1.48	2.02	1.06	2.02	2.78	1.48	2.78	2.78	1.24	1.06	1.24	1.48
276	0.79	0.95	1.29	0.95	1.29	0.68	1.29	1.78	0.95	1.78	1.78	0.79	0.68	0.79	0.95
277	1.05	1.26	1.71	1.26	1.71	0.90	1.71	2.36	1.26	2.36	2.36	1.05	0.90	1.05	1.26
278	0.77	0.93	1.27	0.93	1.27	0.66	1.27	1.74	0.93	1.74	1.74	0.77	0.66	0.77	0.93
279	1.05	1.27	1.73	1.27	1.73	0.90	1.73	2.37	1.27	2.37	2.37	1.05	0.90	1.05	1.27
280	0.91	1.10	1.50	1.10	1.50	0.78	1.50	2.06	1.10	2.06	2.06	0.91	0.78	0.91	1.10
281	0.82	0.99	1.34	0.99	1.34	0.70	1.34	1.85	0.99	1.85	1.85	0.82	0.70	0.82	0.99
282	1.39	1.66	2.27	1.66	2.27	1.19	2.27	3.12	1.66	3.12	3.12	1.39	1.19	1.39	1.66
283	1.59	1.90	2.60	1.90	2.60	1.36	2.60	3.57	1.90	3.57	3.57	1.59	1.36	1.59	1.90
284	1.43	1.71	2.33	1.71	2.33	1.22	2.33	3.21	1.71	3.21	3.21	1.43	1.22	1.43	1.71
285	0.81	0.97	1.32	0.97	1.32	0.69	1.32	1.82	0.97	1.82	1.82	0.81	0.69	0.81	0.97
286	1.06	1.27	1.73	1.27	1.73	0.91	1.73	2.38	1.27	2.38	2.38	1.06	0.91	1.06	1.27
287	1.12	1.34	1.83	1.34	1.83	0.96	1.83	2.51	1.34	2.51	2.51	1.12	0.96	1.12	1.34
288	1.01	1.21	1.65	1.21	1.65	0.86	1.65	2.27	1.21	2.27	2.27	1.01	0.86	1.01	1.21
289	1.53	1.84	2.51	1.84	2.51	1.31	2.51	3.45	1.84	3.45	3.45	1.53	1.31	1.53	1.84
290	0.76	0.92	1.25	0.92	1.25	0.65	1.25	1.72	0.92	1.72	1.72	0.76	0.65	0.76	0.92
291	0.99	1.19	1.62	1.19	1.62	0.85	1.62	2.23	1.19	2.23	2.23	0.99	0.85	0.99	1.19
292	577.37	692.84	944.78	692.84	944.78	494.89	944.78	1299.08	692.84	1299.08	1299.08	577.37	494.89	577.37	692.84
293	29.49	35.39	48.26	35.39	48.26	25.28	48.26	66.36	35.39	66.36	66.36	29.49	25.28	29.49	35.39
294	58.00	69.60	94.91	69.60	94.91	49.71	94.91	130.50	69.60	130.50	130.50	58.00	49.71	58.00	69.60
295	1857.28	2228.74	3039.18	2228.74	3039.18	1591.95	3039.18	4178.88	2228.74	4178.88	4178.88	1857.28	1591.95	1857.28	2228.74
296	182.11	218.53	298.00	218.53	298.00	156.09	298.00	409.75	218.53	409.75	409.75	182.11	156.09	182.11	218.53
297	1.49	1.79	2.44	1.79	2.44	1.28	2.44	3.35	1.79	3.35	3.35	1.49	1.28	1.49	1.79
298	3.85	4.62	6.30	4.62	6.30	3.30	6.30	8.66	4.62	8.66	8.66	3.85	3.30	3.85	4.62
299	1259.09	1510.90	2060.32	1510.90	2060.32	1079.22	2060.32	2832.95	1510.90	2832.95	2832.95	1259.09	1079.22	1259.09	1510.90
900	1546.35	1855.62	2530.39	1855.62	2530.39	1325.44	2530.39	3479.28	1855.62	3479.28	3479.28	1546.35	1325.44	1546.35	1855.62
901	375.01	450.02	613.66	450.02	613.66	321.44	613.66	843.78	450.02	843.78	843.78	375.01	321.44	375.01	450.02
902	1.64	1.96	2.68	1.96	2.68	1.40	2.68	3.68	1.96	3.68	3.68	1.64	1.40	1.64	1.96
903	4.44	5.33	7.27	5.33	7.27	3.81	7.27	10.00	5.33	10.00	10.00	4.44	3.81	4.44	5.33
904	1232.82	1479.39	2017.35	1479.39	2017.35	1056.71	2017.35	2773.85	1479.39	2773.85	2773.85	1232.82	1056.71	1232.82	1479.39
905	27.50	33.00	45.00	33.00	45.00	23.57	45.00	61.88	33.00	61.88	61.88	27.50	23.57	27.50	33.00
906	4.77	5.73	7.81	5.73	7.81	4.09	7.81	10.74	5.73	10.74	10.74	4.77	4.09	4.77	5.73
907	1.08	1.29	1.76	1.29	1.76	0.92	1.76	2.43	1.29	2.43	2.43	1.08	0.92	1.08	1.29
908	0.09	0.10	0.14	0.10	0.14	0.07	0.14	0.19	0.10	0.19	0.19	0.09	0.07	0.09	0.10
909	0.71	0.85	1.17	0.85	1.17	0.61	1.17	1.60	0.85	1.60	1.60	0.71	0.61	0.71	0.85
910	0.96	1.15	1.57	1.15	1.57	0.82	1.57	2.15	1.15	2.15	2.15	0.96	0.82	0.96	1.15
911	1.20	1.44	1.96	1.44	1.96	1.03	1.96	2.70	1.44	2.70	2.70	1.20	1.03	1.20	1.44
912	1.05	1.26	1.72	1.26	1.72	0.90	1.72	2.37	1.26	2.37	2.37	1.05	0.90	1.05	1.26
913	1.22	1.47	2.00	1.47	2.00	1.05	2.00	2.75	1.47	2.75	2.75	1.22	1.05	1.22	1.47
914	0.94	1.13	1.54	1.13	1.54	0.81	1.54	2.11	1.13	2.11	2.11	0.94	0.81	0.94	1.13
915	0.75	0.90	1.23	0.90	1.23	0.64	1.23	1.69	0.90	1.69	1.69	0.75	0.64	0.75	0.90
916	1.51	1.81	2.47	1.81	2.47	1.29	2.47	3.39	1.81	3.39	3.39	1.51	1.29	1.51	1.81
917	1.08	1.29	1.76	1.29	1.76	0.92	1.76	2.43	1.29	2.43	2.43	1.08	0.92	1.08	1.29
918	1.36	1.63	2.22	1.63	2.22	1.16	2.22	3.05	1.63	3.05	3.05	1.36	1.16	1.36	1.63
919	1.01	1.21	1.65	1.21	1.65	0.86	1.65	2.27	1.21	2.27	2.27	1.01	0.86	1.01	1.21
920	0.92	1.11	1.51	1.11	1.51	0.79	1.51	2.07	1.11	2.07	2.07	0.92	0.79	0.92	1.11
921	0.87	1.04	1.42	1.04	1.42	0.74	1.42	1.95	1.04	1.95	1.95	0.87	0.74	0.87	1.04
922	0.90	1.08	1.47	1.08	1.47	0.77	1.47	2.02	1.08	2.02	2.02	0.90	0.77	0.90	1.08
923	1.32	1.58	2.16	1.58	2.16	1.13	2.16	2.97	1.58	2.97	2.97	1.32	1.13	1.32	1.58
924	0.62	0.74	1.01	0.74	1.01	0.53	1.01	1.39	0.74	1.39	1.39	0.62	0.53	0.62	0.74
925	0.84	1.00	1.37	1.00	1.37	0.72	1.37	1.88	1.00	1.88	1.88	0.84	0.72	0.84	1.00
926	1.47	1.76	2.40	1.76	2.40	1.26	2.40	3.30	1.76	3.30	3.30	1.47	1.26	1.47	1.76
927	1236.04	1483.25	2022.61	1483.25	2022.61	1059.46	2022.61	2781.09	1483.25	2781.09	2781.09	1236.04	1059.46	1236.04	1483.25
928	35.87	43.05	58.70	43.05	58.70	30.75	58.70	80.71	43.05	80.71	80.71	35.87	30.75	35.87	43.05
929	24.07	28.89	39.39	28.89	39.39	20.63	39.39	54.16	28.89	54.16	54.16	24.07	20.63	24.07	28.89
930	1576.68	1892.02	2580.03	1892.02	2580.03	1351.44	2580.03	3547.54	1892.02	3547.54	3547.54	1576.68	1351.44	1576.68	1892.02
931	359.23	431.07	587.82	431.07	587.82	307.91	587.82	808.26	431.07	808.26	808.26	359.23	307.91	359.23	431.07
932	1.36	1.64	2.23	1.64	2.23	1.17	2.23	3.07	1.64	3.07	3.07	1.36	1.17	1.36	1.64
933	5.04	6.05	8.25	6.05	8.25	4.32	8.25	11.35	6.05	11.35	11.35	5.04	4.32	5.04	6.05
934	1323.74	1588.48	2166.11	1588.48	2166.11	1134.63	2166.11	2978.41	1588.48	2978.41	2978.41	1323.74	1134.63	1323.74	1588.48
935	27.50	33.00	45.00	33.00	45.00	23.57	45.00	61.88	33.00	61.88	61.88	27.50	23.57	27.50	33.00
936	3.95	4.73	6.46	4.73	6.46	3.38	6.46	8.88	4.73	8.88	8.88	3.95	3.38	3.95	4.73
937	1.87	2.24	3.06	2.24	3.06	1.60	3.06	4.20	2.24	4.20	4.20	1.87	1.60	1.87	2.24
938	0.06	0.07	0.10	0.07	0.10	0.05	0.10	0.14	0.07	0.14	0.14	0.06	0.05	0.06	0.07
939	1.07	1.28	1.75	1.28	1.75	0.92	1.75	2.41	1.28	2.41	2.41	1.07	0.92	1.07	1.28
940	1.04	1.24	1.69	1.24	1.69	0.89	1.69	2.33	1.24	2.33	2.33	1.04	0.89	1.04	1.24
941	0.99	1.18	1.61	1.18	1.61	0.84	1.61	2.22	1.18	2.22	2.22	0.99	0.84	0.99	1.18
700	1.32	1.59	2.16	1.59	2.16	1.13	2.16	2.97	1.59	2.97	2.97	1.32	1.13	1.32	1.59
942	1.21	1.45	1.97	1.45	1.97	1.03	1.97	2.71	1.45	2.71	2.71	1.21	1.03	1.21	1.45
701	0.71	0.85	1.16	0.85	1.16	0.61	1.16	1.59	0.85	1.59	1.59	0.71	0.61	0.71	0.85
943	0.85	1.02	1.40	1.02	1.40	0.73	1.40	1.92	1.02	1.92	1.92	0.85	0.73	0.85	1.02
702	1.11	1.33	1.82	1.33	1.82	0.95	1.82	2.50	1.33	2.50	2.50	1.11	0.95	1.11	1.33
944	1.01	1.21	1.65	1.21	1.65	0.86	1.65	2.27	1.21	2.27	2.27	1.01	0.86	1.01	1.21
703	0.87	1.05	1.43	1.05	1.43	0.75	1.43	1.97	1.05	1.97	1.97	0.87	0.75	0.87	1.05
945	1.00	1.20	1.63	1.20	1.63	0.85	1.63	2.24	1.20	2.24	2.24	1.00	0.85	1.00	1.20
704	1.04	1.25	1.71	1.25	1.71	0.89	1.71	2.35	1.25	2.35	2.35	1.04	0.89	1.04	1.25
946	1.52	1.82	2.49	1.82	2.49	1.30	2.49	3.42	1.82	3.42	3.42	1.52	1.30	1.52	1.82
705	1.15	1.37	1.87	1.37	1.87	0.98	1.87	2.58	1.37	2.58	2.58	1.15	0.98	1.15	1.37
947	1.26	1.51	2.07	1.51	2.07	1.08	2.07	2.84	1.51	2.84	2.84	1.26	1.08	1.26	1.51
706	1.48	1.77	2.42	1.77	2.42	1.27	2.42	3.32	1.77	3.32	3.32	1.48	1.27	1.48	1.77
948	1.11	1.33	1.81	1.33	1.81	0.95	1.81	2.49	1.33	2.49	2.49	1.11	0.95	1.11	1.33
707	0.68	0.82	1.12	0.82	1.12	0.59	1.12	1.54	0.82	1.54	1.54	0.68	0.59	0.68	0.82
949	1.18	1.42	1.94	1.42	1.94	1.01	1.94	2.66	1.42	2.66	2.66	1.18	1.01	1.18	1.42
708	1.47	1.77	2.41	1.77	2.41	1.26	2.41	3.32	1.77	3.32	3.32	1.47	1.26	1.47	1.77
709	0.98	1.17	1.60	1.17	1.60	0.84	1.60	2.20	1.17	2.20	2.20	0.98	0.84	0.98	1.17
950	1.10	1.32	1.80	1.32	1.80	0.94	1.80	2.47	1.32	2.47	2.47	1.10	0.94	1.10	1.32
951	0.94	1.13	1.54	1.13	1.54	0.81	1.54	2.12	1.13	2.12	2.12	0.94	0.81	0.94	1.13
710	1.37	1.65	2.25	1.65	2.25	1.18	2.25	3.09	1.65	3.09	3.09	1.37	1.18	1.37	1.65
952	1.23	1.48	2.02	1.48	2.02	1.06	2.02	2.77	1.48	2.77	2.77	1.23	1.06	1.23	1.48
711	0.91	1.09	1.49	1.09	1.49	0.78	1.49	2.05	1.09	2.05	2.05	0.91	0.78	0.91	1.09
953	0.55	0.66	0.91	0.66	0.91	0.47	0.91	1.25	0.66	1.25	1.25	0.55	0.47	0.55	0.66
712	0.79	0.95	1.29	0.95	1.29	0.68	1.29	1.77	0.95	1.77	1.77	0.79	0.68	0.79	0.95
954	1.16	1.40	1.91	1.40	1.91	1.00	1.91	2.62	1.40	2.62	2.62	1.16	1.00	1.16	1.40
713	1.20	1.44	1.96	1.44	1.96	1.03	1.96	2.70	1.44	2.70	2.70	1.20	1.03	1.20	1.44
955	0.64	0.77	1.05	0.77	1.05	0.55	1.05	1.45	0.77	1.45	1.45	0.64	0.55	0.64	0.77
714	0.91	1.09	1.49	1.09	1.49	0.78	1.49	2.05	1.09	2.05	2.05	0.91	0.78	0.91	1.09
956	0.93	1.12	1.53	1.12	1.53	0.80	1.53	2.10	1.12	2.10	2.10	0.93	0.80	0.93	1.12
715	0.83	1.00	1.36	1.00	1.36	0.71	1.36	1.87	1.00	1.87	1.87	0.83	0.71	0.83	1.00
957	0.69	0.83	1.13	0.83	1.13	0.59	1.13	1.55	0.83	1.55	1.55	0.69	0.59	0.69	0.83
716	1.01	1.21	1.65	1.21	1.65	0.86	1.65	2.27	1.21	2.27	2.27	1.01	0.86	1.01	1.21
958	637.08	764.50	1042.49	764.50	1042.49	546.07	1042.49	1433.43	764.50	1433.43	1433.43	637.08	546.07	637.08	764.50
717	1274.53	1529.44	2085.60	1529.44	2085.60	1092.46	2085.60	2867.69	1529.44	2867.69	2867.69	1274.53	1092.46	1274.53	1529.44
959	28.21	33.86	46.17	33.86	46.17	24.18	46.17	63.48	33.86	63.48	63.48	28.21	24.18	28.21	33.86
718	31.14	37.37	50.96	37.37	50.96	26.69	50.96	70.07	37.37	70.07	70.07	31.14	26.69	31.14	37.37
719	55.79	66.94	91.29	66.94	91.29	47.82	91.29	125.52	66.94	125.52	125.52	55.79	47.82	55.79	66.94
960	51.92	62.30	84.96	62.30	84.96	44.50	84.96	116.82	62.30	116.82	116.82	51.92	44.50	51.92	62.30
961	1232.23	1478.68	2016.38	1478.68	2016.38	1056.20	2016.38	2772.52	1478.68	2772.52	2772.52	1232.23	1056.20	1232.23	1478.68
720	1520.23	1824.27	2487.65	1824.27	2487.65	1303.05	2487.65	3420.51	1824.27	3420.51	3420.51	1520.23	1303.05	1520.23	1824.27
962	372.51	447.01	609.56	447.01	609.56	319.29	609.56	838.15	447.01	838.15	838.15	372.51	319.29	372.51	447.01
721	199.86	239.83	327.04	239.83	327.04	171.31	327.04	449.68	239.83	449.68	449.68	199.86	171.31	199.86	239.83
963	1.42	1.71	2.33	1.71	2.33	1.22	2.33	3.20	1.71	3.20	3.20	1.42	1.22	1.42	1.71
722	1.22	1.47	2.00	1.47	2.00	1.05	2.00	2.75	1.47	2.75	2.75	1.22	1.05	1.22	1.47
964	5.31	6.37	8.69	6.37	8.69	4.55	8.69	11.94	6.37	11.94	11.94	5.31	4.55	5.31	6.37
723	4.90	5.89	8.03	5.89	8.03	4.20	8.03	11.03	5.89	11.03	11.03	4.90	4.20	4.90	5.89
965	1189.30	1427.16	1946.12	1427.16	1946.12	1019.40	1946.12	2675.92	1427.16	2675.92	2675.92	1189.30	1019.40	1189.30	1427.16
724	1159.07	1390.89	1896.67	1390.89	1896.67	993.49	1896.67	2607.92	1390.89	2607.92	2607.92	1159.07	993.49	1159.07	1390.89
966	27.50	33.00	45.00	33.00	45.00	23.57	45.00	61.88	33.00	61.88	61.88	27.50	23.57	27.50	33.00
725	27.50	33.00	45.00	33.00	45.00	23.57	45.00	61.88	33.00	61.88	61.88	27.50	23.57	27.50	33.00
967	4.91	5.90	8.04	5.90	8.04	4.21	8.04	11.06	5.90	11.06	11.06	4.91	4.21	4.91	5.90
726	3.84	4.60	6.28	4.60	6.28	3.29	6.28	8.63	4.60	8.63	8.63	3.84	3.29	3.84	4.60
968	1.60	1.92	2.62	1.92	2.62	1.37	2.62	3.60	1.92	3.60	3.60	1.60	1.37	1.60	1.92
727	1.84	2.21	3.01	2.21	3.01	1.58	3.01	4.14	2.21	4.14	4.14	1.84	1.58	1.84	2.21
969	0.00	0.00	0.00	0.00	0.00	0.00	0.00	0.00	0.00	0.00	0.00	0.00	0.00	0.00	0.00
728	0.08	0.10	0.14	0.10	0.14	0.07	0.14	0.19	0.10	0.19	0.19	0.08	0.07	0.08	0.10
729	1.31	1.58	2.15	1.58	2.15	1.13	2.15	2.95	1.58	2.95	2.95	1.31	1.13	1.31	1.58
730	1.20	1.44	1.96	1.44	1.96	1.03	1.96	2.69	1.44	2.69	2.69	1.20	1.03	1.20	1.44
731	1.07	1.28	1.75	1.28	1.75	0.92	1.75	2.41	1.28	2.41	2.41	1.07	0.92	1.07	1.28
732	1.42	1.70	2.32	1.70	2.32	1.21	2.32	3.18	1.70	3.18	3.18	1.42	1.21	1.42	1.70
733	1.29	1.55	2.11	1.55	2.11	1.11	2.11	2.90	1.55	2.90	2.90	1.29	1.11	1.29	1.55
734	0.68	0.81	1.11	0.81	1.11	0.58	1.11	1.53	0.81	1.53	1.53	0.68	0.58	0.68	0.81
735	1.13	1.36	1.86	1.36	1.86	0.97	1.86	2.55	1.36	2.55	2.55	1.13	0.97	1.13	1.36
736	1.25	1.50	2.04	1.50	2.04	1.07	2.04	2.81	1.50	2.81	2.81	1.25	1.07	1.25	1.50
737	1.31	1.57	2.14	1.57	2.14	1.12	2.14	2.94	1.57	2.94	2.94	1.31	1.12	1.31	1.57
738	1.03	1.24	1.69	1.24	1.69	0.88	1.69	2.32	1.24	2.32	2.32	1.03	0.88	1.03	1.24
739	1.34	1.61	2.19	1.61	2.19	1.15	2.19	3.01	1.61	3.01	3.01	1.34	1.15	1.34	1.61
740	1.25	1.50	2.04	1.50	2.04	1.07	2.04	2.80	1.50	2.80	2.80	1.25	1.07	1.25	1.50
741	0.85	1.02	1.38	1.02	1.38	0.73	1.38	1.90	1.02	1.90	1.90	0.85	0.73	0.85	1.02
500	1.07	1.29	1.76	1.29	1.76	0.92	1.76	2.42	1.29	2.42	2.42	1.07	0.92	1.07	1.29
742	0.95	1.14	1.55	1.14	1.55	0.81	1.55	2.13	1.14	2.13	2.13	0.95	0.81	0.95	1.14
501	0.77	0.93	1.27	0.93	1.27	0.66	1.27	1.74	0.93	1.74	1.74	0.77	0.66	0.77	0.93
743	1.18	1.42	1.93	1.42	1.93	1.01	1.93	2.65	1.42	2.65	2.65	1.18	1.01	1.18	1.42
502	0.63	0.75	1.03	0.75	1.03	0.54	1.03	1.41	0.75	1.41	1.41	0.63	0.54	0.63	0.75
744	1.09	1.31	1.79	1.31	1.79	0.94	1.79	2.46	1.31	2.46	2.46	1.09	0.94	1.09	1.31
503	1.45	1.74	2.37	1.74	2.37	1.24	2.37	3.27	1.74	3.27	3.27	1.45	1.24	1.45	1.74
745	1.34	1.61	2.20	1.61	2.20	1.15	2.20	3.02	1.61	3.02	3.02	1.34	1.15	1.34	1.61
504	1.36	1.63	2.23	1.63	2.23	1.17	2.23	3.06	1.63	3.06	3.06	1.36	1.17	1.36	1.63
746	0.99	1.18	1.61	1.18	1.61	0.84	1.61	2.22	1.18	2.22	2.22	0.99	0.84	0.99	1.18
505	1404.85	1685.83	2298.85	1685.83	2298.85	1204.16	2298.85	3160.92	1685.83	3160.92	3160.92	1404.85	1204.16	1404.85	1685.83
747	1385.16	1662.19	2266.63	1662.19	2266.63	1187.28	2266.63	3116.61	1662.19	3116.61	3116.61	1385.16	1187.28	1385.16	1662.19
506	33.69	40.43	55.13	40.43	55.13	28.88	55.13	75.80	40.43	75.80	75.80	33.69	28.88	33.69	40.43
748	30.03	36.04	49.14	36.04	49.14	25.74	49.14	67.57	36.04	67.57	67.57	30.03	25.74	30.03	36.04
507	69.37	83.24	113.51	83.24	113.51	59.46	113.51	156.08	83.24	156.08	156.08	69.37	59.46	69.37	83.24
749	65.02	78.02	106.39	78.02	106.39	55.73	106.39	146.29	78.02	146.29	146.29	65.02	55.73	65.02	78.02
508	2727.46	3272.95	4463.12	3272.95	4463.12	2337.82	4463.12	6136.79	3272.95	6136.79	6136.79	2727.46	2337.82	2727.46	3272.95
509	260.12	312.14	425.65	312.14	425.65	222.96	425.65	585.26	312.14	585.26	585.26	260.12	222.96	260.12	312.14
750	1947.00	2336.40	3186.00	2336.40	3186.00	1668.85	3186.00	4380.74	2336.40	4380.74	4380.74	1947.00	1668.85	1947.00	2336.40
751	340.45	408.54	557.10	408.54	557.10	291.81	557.10	766.01	408.54	766.01	766.01	340.45	291.81	340.45	408.54
510	1.42	1.70	2.32	1.70	2.32	1.22	2.32	3.19	1.70	3.19	3.19	1.42	1.22	1.42	1.70
752	1.51	1.81	2.47	1.81	2.47	1.29	2.47	3.39	1.81	3.39	3.39	1.51	1.29	1.51	1.81
511	4.36	5.23	7.13	5.23	7.13	3.73	7.13	9.80	5.23	9.80	9.80	4.36	3.73	4.36	5.23
753	4.11	4.93	6.73	4.93	6.73	3.52	6.73	9.25	4.93	9.25	9.25	4.11	3.52	4.11	4.93
512	1242.53	1491.04	2033.24	1491.04	2033.24	1065.03	2033.24	2795.70	1491.04	2795.70	2795.70	1242.53	1065.03	1242.53	1491.04
754	1071.98	1286.38	1754.15	1286.38	1754.15	918.84	1754.15	2411.96	1286.38	2411.96	2411.96	1071.98	918.84	1071.98	1286.38
513	27.50	33.00	45.00	33.00	45.00	23.57	45.00	61.88	33.00	61.88	61.88	27.50	23.57	27.50	33.00
755	27.50	33.00	45.00	33.00	45.00	23.57	45.00	61.88	33.00	61.88	61.88	27.50	23.57	27.50	33.00
514	3.32	3.99	5.44	3.99	5.44	2.85	5.44	7.47	3.99	7.47	7.47	3.32	2.85	3.32	3.99
756	2.63	3.15	4.30	3.15	4.30	2.25	4.30	5.91	3.15	5.91	5.91	2.63	2.25	2.63	3.15
515	0.95	1.14	1.55	1.14	1.55	0.81	1.55	2.13	1.14	2.13	2.13	0.95	0.81	0.95	1.14
757	1.57	1.88	2.57	1.88	2.57	1.34	2.57	3.53	1.88	3.53	3.53	1.57	1.34	1.57	1.88
516	0.07	0.08	0.11	0.08	0.11	0.06	0.11	0.15	0.08	0.15	0.15	0.07	0.06	0.07	0.08
758	0.05	0.06	0.09	0.06	0.09	0.05	0.09	0.12	0.06	0.12	0.12	0.05	0.05	0.05	0.06
517	1.01	1.21	1.66	1.21	1.66	0.87	1.66	2.28	1.21	2.28	2.28	1.01	0.87	1.01	1.21
759	0.99	1.19	1.62	1.19	1.62	0.85	1.62	2.23	1.19	2.23	2.23	0.99	0.85	0.99	1.19
518	0.61	0.73	0.99	0.73	0.99	0.52	0.99	1.37	0.73	1.37	1.37	0.61	0.52	0.61	0.73
519	0.55	0.66	0.90	0.66	0.90	0.47	0.90	1.24	0.66	1.24	1.24	0.55	0.47	0.55	0.66
760	0.89	1.07	1.46	1.07	1.46	0.77	1.46	2.01	1.07	2.01	2.01	0.89	0.77	0.89	1.07
761	0.97	1.16	1.59	1.16	1.59	0.83	1.59	2.18	1.16	2.18	2.18	0.97	0.83	0.97	1.16
520	1.12	1.34	1.83	1.34	1.83	0.96	1.83	2.52	1.34	2.52	2.52	1.12	0.96	1.12	1.34
762	0.87	1.05	1.43	1.05	1.43	0.75	1.43	1.96	1.05	1.96	1.96	0.87	0.75	0.87	1.05
521	0.98	1.18	1.61	1.18	1.61	0.84	1.61	2.21	1.18	2.21	2.21	0.98	0.84	0.98	1.18
763	0.65	0.78	1.06	0.78	1.06	0.56	1.06	1.46	0.78	1.46	1.46	0.65	0.56	0.65	0.78
522	1.21	1.45	1.98	1.45	1.98	1.04	1.98	2.72	1.45	2.72	2.72	1.21	1.04	1.21	1.45
764	1.06	1.27	1.73	1.27	1.73	0.91	1.73	2.38	1.27	2.38	2.38	1.06	0.91	1.06	1.27
523	1.19	1.43	1.95	1.43	1.95	1.02	1.95	2.69	1.43	2.69	2.69	1.19	1.02	1.19	1.43
765	1.37	1.65	2.24	1.65	2.24	1.18	2.24	3.09	1.65	3.09	3.09	1.37	1.18	1.37	1.65
524	0.54	0.65	0.88	0.65	0.88	0.46	0.88	1.22	0.65	1.22	1.22	0.54	0.46	0.54	0.65
766	0.95	1.14	1.56	1.14	1.56	0.82	1.56	2.14	1.14	2.14	2.14	0.95	0.82	0.95	1.14
525	1.45	1.74	2.38	1.74	2.38	1.25	2.38	3.27	1.74	3.27	3.27	1.45	1.25	1.45	1.74
767	1.06	1.27	1.73	1.27	1.73	0.91	1.73	2.38	1.27	2.38	2.38	1.06	0.91	1.06	1.27
526	1.42	1.70	2.32	1.70	2.32	1.22	2.32	3.19	1.70	3.19	3.19	1.42	1.22	1.42	1.70
768	1.30	1.56	2.12	1.56	2.12	1.11	2.12	2.92	1.56	2.92	2.92	1.30	1.11	1.30	1.56
527	0.68	0.81	1.10	0.81	1.10	0.58	1.10	1.52	0.81	1.52	1.52	0.68	0.58	0.68	0.81
769	1.16	1.39	1.90	1.39	1.90	0.99	1.90	2.61	1.39	2.61	2.61	1.16	0.99	1.16	1.39
528	1.33	1.59	2.17	1.59	2.17	1.14	2.17	2.99	1.59	2.99	2.99	1.33	1.14	1.33	1.59
529	1.01	1.21	1.65	1.21	1.65	0.86	1.65	2.27	1.21	2.27	2.27	1.01	0.86	1.01	1.21
770	0.87	1.04	1.42	1.04	1.42	0.74	1.42	1.95	1.04	1.95	1.95	0.87	0.74	0.87	1.04
771	1.04	1.25	1.70	1.25	1.70	0.89	1.70	2.34	1.25	2.34	2.34	1.04	0.89	1.04	1.25
530	0.58	0.70	0.95	0.70	0.95	0.50	0.95	1.31	0.70	1.31	1.31	0.58	0.50	0.58	0.70
772	0.81	0.98	1.33	0.98	1.33	0.70	1.33	1.83	0.98	1.83	1.83	0.81	0.70	0.81	0.98
531	0.91	1.10	1.49	1.10	1.49	0.78	1.49	2.05	1.10	2.05	2.05	0.91	0.78	0.91	1.10
773	1.03	1.24	1.69	1.24	1.69	0.89	1.69	2.33	1.24	2.33	2.33	1.03	0.89	1.03	1.24
532	1.12	1.35	1.83	1.35	1.83	0.96	1.83	2.52	1.35	2.52	2.52	1.12	0.96	1.12	1.35
774	1.12	1.34	1.83	1.34	1.83	0.96	1.83	2.51	1.34	2.51	2.51	1.12	0.96	1.12	1.34
533	1.03	1.24	1.69	1.24	1.69	0.88	1.69	2.32	1.24	2.32	2.32	1.03	0.88	1.03	1.24
775	1.40	1.68	2.30	1.68	2.30	1.20	2.30	3.16	1.68	3.16	3.16	1.40	1.20	1.40	1.68
534	751.51	901.81	1229.74	901.81	1229.74	644.15	1229.74	1690.89	901.81	1690.89	1690.89	751.51	644.15	751.51	901.81
776	1.58	1.90	2.59	1.90	2.59	1.36	2.59	3.56	1.90	3.56	3.56	1.58	1.36	1.58	1.90
535	31.57	37.88	51.66	37.88	51.66	27.06	51.66	71.03	37.88	71.03	71.03	31.57	27.06	31.57	37.88
777	1683.78	2020.54	2755.28	2020.54	2755.28	1443.24	2755.28	3788.51	2020.54	3788.51	3788.51	1683.78	1443.24	1683.78	2020.54
536	60.84	73.01	99.55	73.01	99.55	52.15	99.55	136.89	73.01	136.89	136.89	60.84	52.15	60.84	73.01
778	39.87	47.84	65.24	47.84	65.24	34.17	65.24	89.70	47.84	89.70	89.70	39.87	34.17	39.87	47.84
537	1768.32	2121.98	2893.62	2121.98	2893.62	1515.70	2893.62	3978.72	2121.98	3978.72	3978.72	1768.32	1515.70	1768.32	2121.98
779	47.80	57.36	78.22	57.36	78.22	40.97	78.22	107.55	57.36	107.55	107.55	47.80	40.97	47.80	57.36
538	283.06	339.68	463.20	339.68	463.20	242.63	463.20	636.89	339.68	636.89	636.89	283.06	242.63	283.06	339.68
539	1.11	1.34	1.82	1.34	1.82	0.95	1.82	2.51	1.34	2.51	2.51	1.11	0.95	1.11	1.34
780	1731.23	2077.48	2832.92	2077.48	2832.92	1483.91	2832.92	3895.27	2077.48	3895.27	3895.27	1731.23	1483.91	1731.23	2077.48
781	231.28	277.53	378.45	277.53	378.45	198.24	378.45	520.37	277.53	520.37	520.37	231.28	198.24	231.28	277.53
540	5.02	6.03	8.22	6.03	8.22	4.31	8.22	11.30	6.03	11.30	11.30	5.02	4.31	5.02	6.03
782	1.12	1.35	1.83	1.35	1.83	0.96	1.83	2.52	1.35	2.52	2.52	1.12	0.96	1.12	1.35
541	1071.43	1285.71	1753.24	1285.71	1753.24	918.37	1753.24	2410.71	1285.71	2410.71	2410.71	1071.43	918.37	1071.43	1285.71
783	3.85	4.62	6.30	4.62	6.30	3.30	6.30	8.66	4.62	8.66	8.66	3.85	3.30	3.85	4.62
300	27.50	33.00	45.00	33.00	45.00	23.57	45.00	61.88	33.00	61.88	61.88	27.50	23.57	27.50	33.00
542	27.50	33.00	45.00	33.00	45.00	23.57	45.00	61.88	33.00	61.88	61.88	27.50	23.57	27.50	33.00
784	1157.19	1388.63	1893.59	1388.63	1893.59	991.88	1893.59	2603.68	1388.63	2603.68	2603.68	1157.19	991.88	1157.19	1388.63
301	5.48	6.57	8.97	6.57	8.97	4.70	8.97	12.33	6.57	12.33	12.33	5.48	4.70	5.48	6.57
543	5.20	6.25	8.52	6.25	8.52	4.46	8.52	11.71	6.25	11.71	11.71	5.20	4.46	5.20	6.25
785	27.50	33.00	45.00	33.00	45.00	23.57	45.00	61.88	33.00	61.88	61.88	27.50	23.57	27.50	33.00
302	1.31	1.58	2.15	1.58	2.15	1.13	2.15	2.96	1.58	2.96	2.96	1.31	1.13	1.31	1.58
544	1.42	1.70	2.32	1.70	2.32	1.21	2.32	3.19	1.70	3.19	3.19	1.42	1.21	1.42	1.70
786	5.52	6.62	9.03	6.62	9.03	4.73	9.03	12.42	6.62	12.42	12.42	5.52	4.73	5.52	6.62
303	0.07	0.08	0.11	0.08	0.11	0.06	0.11	0.16	0.08	0.16	0.16	0.07	0.06	0.07	0.08
545	0.09	0.11	0.15	0.11	0.15	0.08	0.15	0.21	0.11	0.21	0.21	0.09	0.08	0.09	0.11
787	2.05	2.46	3.35	2.46	3.35	1.76	3.35	4.61	2.46	4.61	4.61	2.05	1.76	2.05	2.46
304	1.34	1.61	2.20	1.61	2.20	1.15	2.20	3.02	1.61	3.02	3.02	1.34	1.15	1.34	1.61
546	1.17	1.41	1.92	1.41	1.92	1.00	1.92	2.63	1.41	2.63	2.63	1.17	1.00	1.17	1.41
788	0.08	0.10	0.13	0.10	0.13	0.07	0.13	0.18	0.10	0.18	0.18	0.08	0.07	0.08	0.10
305	0.97	1.16	1.58	1.16	1.58	0.83	1.58	2.18	1.16	2.18	2.18	0.97	0.83	0.97	1.16
547	1.09	1.31	1.79	1.31	1.79	0.94	1.79	2.46	1.31	2.46	2.46	1.09	0.94	1.09	1.31
789	1.06	1.27	1.74	1.27	1.74	0.91	1.74	2.39	1.27	2.39	2.39	1.06	0.91	1.06	1.27
306	1.17	1.40	1.91	1.40	1.91	1.00	1.91	2.62	1.40	2.62	2.62	1.17	1.00	1.17	1.40
548	1.02	1.22	1.67	1.22	1.67	0.87	1.67	2.29	1.22	2.29	2.29	1.02	0.87	1.02	1.22
307	1.01	1.21	1.66	1.21	1.66	0.87	1.66	2.28	1.21	2.28	2.28	1.01	0.87	1.01	1.21
549	1.08	1.30	1.77	1.30	1.77	0.93	1.77	2.44	1.30	2.44	2.44	1.08	0.93	1.08	1.30
308	0.86	1.03	1.40	1.03	1.40	0.73	1.40	1.93	1.03	1.93	1.93	0.86	0.73	0.86	1.03
309	0.75	0.90	1.23	0.90	1.23	0.64	1.23	1.69	0.90	1.69	1.69	0.75	0.64	0.75	0.90
790	0.73	0.88	1.20	0.88	1.20	0.63	1.20	1.65	0.88	1.65	1.65	0.73	0.63	0.73	0.88
791	0.54	0.65	0.89	0.65	0.89	0.46	0.89	1.22	0.65	1.22	1.22	0.54	0.46	0.54	0.65
550	0.70	0.85	1.15	0.85	1.15	0.60	1.15	1.58	0.85	1.58	1.58	0.70	0.60	0.70	0.85
792	1.45	1.73	2.37	1.73	2.37	1.24	2.37	3.25	1.73	3.25	3.25	1.45	1.24	1.45	1.73
551	1.29	1.55	2.11	1.55	2.11	1.10	2.11	2.90	1.55	2.90	2.90	1.29	1.10	1.29	1.55
793	0.92	1.10	1.51	1.10	1.51	0.79	1.51	2.07	1.10	2.07	2.07	0.92	0.79	0.92	1.10
310	1.27	1.52	2.07	1.52	2.07	1.09	2.07	2.85	1.52	2.85	2.85	1.27	1.09	1.27	1.52
552	1.18	1.42	1.93	1.42	1.93	1.01	1.93	2.66	1.42	2.66	2.66	1.18	1.01	1.18	1.42
794	1.40	1.68	2.30	1.68	2.30	1.20	2.30	3.16	1.68	3.16	3.16	1.40	1.20	1.40	1.68
311	0.55	0.66	0.90	0.66	0.90	0.47	0.90	1.24	0.66	1.24	1.24	0.55	0.47	0.55	0.66
553	0.93	1.12	1.53	1.12	1.53	0.80	1.53	2.10	1.12	2.10	2.10	0.93	0.80	0.93	1.12
795	1.04	1.25	1.70	1.25	1.70	0.89	1.70	2.33	1.25	2.33	2.33	1.04	0.89	1.04	1.25
312	0.99	1.18	1.61	1.18	1.61	0.85	1.61	2.22	1.18	2.22	2.22	0.99	0.85	0.99	1.18
554	1.22	1.47	2.00	1.47	2.00	1.05	2.00	2.75	1.47	2.75	2.75	1.22	1.05	1.22	1.47
796	0.97	1.16	1.58	1.16	1.58	0.83	1.58	2.18	1.16	2.18	2.18	0.97	0.83	0.97	1.16
313	0.61	0.73	0.99	0.73	0.99	0.52	0.99	1.36	0.73	1.36	1.36	0.61	0.52	0.61	0.73
555	0.65	0.78	1.07	0.78	1.07	0.56	1.07	1.47	0.78	1.47	1.47	0.65	0.56	0.65	0.78
797	1.13	1.35	1.84	1.35	1.84	0.97	1.84	2.53	1.35	2.53	2.53	1.13	0.97	1.13	1.35
314	1.17	1.40	1.91	1.40	1.91	1.00	1.91	2.63	1.40	2.63	2.63	1.17	1.00	1.17	1.40
556	1.29	1.55	2.12	1.55	2.12	1.11	2.12	2.91	1.55	2.91	2.91	1.29	1.11	1.29	1.55
798	0.86	1.03	1.41	1.03	1.41	0.74	1.41	1.94	1.03	1.94	1.94	0.86	0.74	0.86	1.03
315	1.45	1.74	2.37	1.74	2.37	1.24	2.37	3.26	1.74	3.26	3.26	1.45	1.24	1.45	1.74
557	0.82	0.98	1.34	0.98	1.34	0.70	1.34	1.84	0.98	1.84	1.84	0.82	0.70	0.82	0.98
799	1.31	1.58	2.15	1.58	2.15	1.13	2.15	2.95	1.58	2.95	2.95	1.31	1.13	1.31	1.58
316	1.06	1.27	1.74	1.27	1.74	0.91	1.74	2.39	1.27	2.39	2.39	1.06	0.91	1.06	1.27
558	1.14	1.37	1.86	1.37	1.86	0.98	1.86	2.56	1.37	2.56	2.56	1.14	0.98	1.14	1.37
317	1.42	1.70	2.32	1.70	2.32	1.21	2.32	3.18	1.70	3.18	3.18	1.42	1.21	1.42	1.70
559	1.29	1.54	2.10	1.54	2.10	1.10	2.10	2.89	1.54	2.89	2.89	1.29	1.10	1.29	1.54
318	0.77	0.93	1.26	0.93	1.26	0.66	1.26	1.74	0.93	1.74	1.74	0.77	0.66	0.77	0.93
319	0.68	0.81	1.11	0.81	1.11	0.58	1.11	1.53	0.81	1.53	1.53	0.68	0.58	0.68	0.81
560	1.48	1.78	2.42	1.78	2.42	1.27	2.42	3.33	1.78	3.33	3.33	1.48	1.27	1.48	1.78
561	0.82	0.98	1.34	0.98	1.34	0.70	1.34	1.85	0.98	1.85	1.85	0.82	0.70	0.82	0.98
320	1.17	1.40	1.91	1.40	1.91	1.00	1.91	2.63	1.40	2.63	2.63	1.17	1.00	1.17	1.40
562	864.29	1037.15	1414.29	1037.15	1414.29	740.82	1414.29	1944.65	1037.15	1944.65	1944.65	864.29	740.82	864.29	1037.15
321	929.76	1115.71	1521.42	1115.71	1521.42	796.93	1521.42	2091.95	1115.71	2091.95	2091.95	929.76	796.93	929.76	1115.71
563	27.27	32.73	44.63	32.73	44.63	23.38	44.63	61.36	32.73	61.36	61.36	27.27	23.38	27.27	32.73
322	22.14	26.57	36.24	26.57	36.24	18.98	36.24	49.82	26.57	49.82	49.82	22.14	18.98	22.14	26.57
564	23.28	27.93	38.09	27.93	38.09	19.95	38.09	52.38	27.93	52.38	52.38	23.28	19.95	23.28	27.93
323	31.93	38.32	52.25	38.32	52.25	27.37	52.25	71.84	38.32	71.84	71.84	31.93	27.37	31.93	38.32
565	1020.97	1225.16	1670.68	1225.16	1670.68	875.12	1670.68	2297.18	1225.16	2297.18	2297.18	1020.97	875.12	1020.97	1225.16
324	1471.08	1765.30	2407.22	1765.30	2407.22	1260.93	2407.22	3309.93	1765.30	3309.93	3309.93	1471.08	1260.93	1471.08	1765.30
566	199.41	239.30	326.31	239.30	326.31	170.93	326.31	448.68	239.30	448.68	448.68	199.41	170.93	199.41	239.30
325	421.81	506.17	690.24	506.17	690.24	361.55	690.24	949.08	506.17	949.08	949.08	421.81	361.55	421.81	506.17
567	1.18	1.42	1.93	1.42	1.93	1.01	1.93	2.66	1.42	2.66	2.66	1.18	1.01	1.18	1.42
326	1.27	1.52	2.08	1.52	2.08	1.09	2.08	2.86	1.52	2.86	2.86	1.27	1.09	1.27	1.52
568	4.18	5.01	6.83	5.01	6.83	3.58	6.83	9.39	5.01	9.39	9.39	4.18	3.58	4.18	5.01
327	4.62	5.54	7.56	5.54	7.56	3.96	7.56	10.39	5.54	10.39	10.39	4.62	3.96	4.62	5.54
569	1066.16	1279.39	1744.62	1279.39	1744.62	913.85	1744.62	2398.86	1279.39	2398.86	2398.86	1066.16	913.85	1066.16	1279.39
328	1180.11	1416.13	1931.09	1416.13	1931.09	1011.52	1931.09	2655.25	1416.13	2655.25	2655.25	1180.11	1011.52	1180.11	1416.13
329	27.50	33.00	45.00	33.00	45.00	23.57	45.00	61.88	33.00	61.88	61.88	27.50	23.57	27.50	33.00
570	27.50	33.00	45.00	33.00	45.00	23.57	45.00	61.88	33.00	61.88	61.88	27.50	23.57	27.50	33.00
571	4.74	5.69	7.76	5.69	7.76	4.07	7.76	10.67	5.69	10.67	10.67	4.74	4.07	4.74	5.69
330	4.92	5.90	8.05	5.90	8.05	4.22	8.05	11.07	5.90	11.07	11.07	4.92	4.22	4.92	5.90
572	1.59	1.90	2.60	1.90	2.60	1.36	2.60	3.57	1.90	3.57	3.57	1.59	1.36	1.59	1.90
331	1.17	1.41	1.92	1.41	1.92	1.01	1.92	2.64	1.41	2.64	2.64	1.17	1.01	1.17	1.41
573	0.06	0.07	0.10	0.07	0.10	0.05	0.10	0.14	0.07	0.14	0.14	0.06	0.05	0.06	0.07
332	0.04	0.05	0.07	0.05	0.07	0.04	0.07	0.09	0.05	0.09	0.09	0.04	0.04	0.04	0.05
574	1.56	1.88	2.56	1.88	2.56	1.34	2.56	3.52	1.88	3.52	3.52	1.56	1.34	1.56	1.88
333	1.19	1.43	1.95	1.43	1.95	1.02	1.95	2.68	1.43	2.68	2.68	1.19	1.02	1.19	1.43
575	1.17	1.40	1.91	1.40	1.91	1.00	1.91	2.63	1.40	2.63	2.63	1.17	1.00	1.17	1.40
334	1.39	1.66	2.27	1.66	2.27	1.19	2.27	3.12	1.66	3.12	3.12	1.39	1.19	1.39	1.66
576	0.87	1.05	1.43	1.05	1.43	0.75	1.43	1.96	1.05	1.96	1.96	0.87	0.75	0.87	1.05
335	1.07	1.28	1.74	1.28	1.74	0.91	1.74	2.40	1.28	2.40	2.40	1.07	0.91	1.07	1.28
577	1.00	1.20	1.64	1.20	1.64	0.86	1.64	2.25	1.20	2.25	2.25	1.00	0.86	1.00	1.20
336	1.37	1.65	2.25	1.65	2.25	1.18	2.25	3.09	1.65	3.09	3.09	1.37	1.18	1.37	1.65
578	1.12	1.34	1.83	1.34	1.83	0.96	1.83	2.52	1.34	2.52	2.52	1.12	0.96	1.12	1.34
337	0.84	1.01	1.38	1.01	1.38	0.72	1.38	1.90	1.01	1.90	1.90	0.84	0.72	0.84	1.01
579	1.17	1.40	1.91	1.40	1.91	1.00	1.91	2.63	1.40	2.63	2.63	1.17	1.00	1.17	1.40
338	1.04	1.25	1.71	1.25	1.71	0.89	1.71	2.35	1.25	2.35	2.35	1.04	0.89	1.04	1.25
339	1.48	1.77	2.41	1.77	2.41	1.26	2.41	3.32	1.77	3.32	3.32	1.48	1.26	1.48	1.77
580	0.74	0.89	1.21	0.89	1.21	0.63	1.21	1.66	0.89	1.66	1.66	0.74	0.63	0.74	0.89
581	1.53	1.83	2.50	1.83	2.50	1.31	2.50	3.43	1.83	3.43	3.43	1.53	1.31	1.53	1.83
340	0.74	0.89	1.21	0.89	1.21	0.63	1.21	1.66	0.89	1.66	1.66	0.74	0.63	0.74	0.89
582	0.92	1.11	1.51	1.11	1.51	0.79	1.51	2.08	1.11	2.08	2.08	0.92	0.79	0.92	1.11
341	0.60	0.72	0.98	0.72	0.98	0.51	0.98	1.34	0.72	1.34	1.34	0.60	0.51	0.60	0.72
583	1.11	1.33	1.82	1.33	1.82	0.95	1.82	2.50	1.33	2.50	2.50	1.11	0.95	1.11	1.33
100	1.35	1.62	2.22	1.62	2.22	1.16	2.22	3.05	1.62	3.05	3.05	1.35	1.16	1.35	1.62
342	1.20	1.44	1.97	1.44	1.97	1.03	1.97	2.70	1.44	2.70	2.70	1.20	1.03	1.20	1.44
584	1.25	1.50	2.04	1.50	2.04	1.07	2.04	2.81	1.50	2.81	2.81	1.25	1.07	1.25	1.50
101	0.81	0.97	1.32	0.97	1.32	0.69	1.32	1.82	0.97	1.82	1.82	0.81	0.69	0.81	0.97
343	1.48	1.77	2.41	1.77	2.41	1.26	2.41	3.32	1.77	3.32	3.32	1.48	1.26	1.48	1.77
585	0.62	0.75	1.02	0.75	1.02	0.53	1.02	1.40	0.75	1.40	1.40	0.62	0.53	0.62	0.75
102	1.43	1.72	2.35	1.72	2.35	1.23	2.35	3.23	1.72	3.23	3.23	1.43	1.23	1.43	1.72
344	1.43	1.72	2.34	1.72	2.34	1.23	2.34	3.22	1.72	3.22	3.22	1.43	1.23	1.43	1.72
586	0.98	1.18	1.61	1.18	1.61	0.84	1.61	2.21	1.18	2.21	2.21	0.98	0.84	0.98	1.18
103	1.05	1.26	1.72	1.26	1.72	0.90	1.72	2.37	1.26	2.37	2.37	1.05	0.90	1.05	1.26
345	0.96	1.15	1.57	1.15	1.57	0.82	1.57	2.16	1.15	2.16	2.16	0.96	0.82	0.96	1.15
587	0.98	1.17	1.60	1.17	1.60	0.84	1.60	2.19	1.17	2.19	2.19	0.98	0.84	0.98	1.17
104	1.11	1.33	1.81	1.33	1.81	0.95	1.81	2.49	1.33	2.49	2.49	1.11	0.95	1.11	1.33
346	1.02	1.23	1.67	1.23	1.67	0.88	1.67	2.30	1.23	2.30	2.30	1.02	0.88	1.02	1.23
588	1.03	1.24	1.69	1.24	1.69	0.88	1.69	2.32	1.24	2.32	2.32	1.03	0.88	1.03	1.24
105	0.79	0.95	1.29	0.95	1.29	0.68	1.29	1.77	0.95	1.77	1.77	0.79	0.68	0.79	0.95
347	0.67	0.81	1.10	0.81	1.10	0.58	1.10	1.51	0.81	1.51	1.51	0.67	0.58	0.67	0.81
589	0.84	1.01	1.38	1.01	1.38	0.72	1.38	1.90	1.01	1.90	1.90	0.84	0.72	0.84	1.01
106	1.21	1.45	1.98	1.45	1.98	1.04	1.98	2.72	1.45	2.72	2.72	1.21	1.04	1.21	1.45
348	1.09	1.31	1.79	1.31	1.79	0.94	1.79	2.46	1.31	2.46	2.46	1.09	0.94	1.09	1.31
107	0.86	1.03	1.41	1.03	1.41	0.74	1.41	1.94	1.03	1.94	1.94	0.86	0.74	0.86	1.03
349	0.78	0.94	1.28	0.94	1.28	0.67	1.28	1.76	0.94	1.76	1.76	0.78	0.67	0.78	0.94
108	1.11	1.33	1.82	1.33	1.82	0.95	1.82	2.50	1.33	2.50	2.50	1.11	0.95	1.11	1.33
109	0.92	1.10	1.50	1.10	1.50	0.79	1.50	2.07	1.10	2.07	2.07	0.92	0.79	0.92	1.10
590	1.22	1.46	2.00	1.46	2.00	1.05	2.00	2.75	1.46	2.75	2.75	1.22	1.05	1.22	1.46
591	1.44	1.72	2.35	1.72	2.35	1.23	2.35	3.23	1.72	3.23	3.23	1.44	1.23	1.44	1.72
350	1.29	1.55	2.12	1.55	2.12	1.11	2.12	2.91	1.55	2.91	2.91	1.29	1.11	1.29	1.55
592	0.95	1.14	1.55	1.14	1.55	0.81	1.55	2.13	1.14	2.13	2.13	0.95	0.81	0.95	1.14
351	1.16	1.40	1.90	1.40	1.90	1.00	1.90	2.62	1.40	2.62	2.62	1.16	1.00	1.16	1.40
593	0.89	1.07	1.46	1.07	1.46	0.76	1.46	2.00	1.07	2.00	2.00	0.89	0.76	0.89	1.07
110	1.07	1.28	1.75	1.28	1.75	0.92	1.75	2.41	1.28	2.41	2.41	1.07	0.92	1.07	1.28
352	1507.67	1809.21	2467.10	1809.21	2467.10	1292.29	2467.10	3392.26	1809.21	3392.26	3392.26	1507.67	1292.29	1507.67	1809.21
594	736.26	883.52	1204.79	883.52	1204.79	631.08	1204.79	1656.59	883.52	1656.59	1656.59	736.26	631.08	736.26	883.52
111	951.64	1141.97	1557.23	1141.97	1557.23	815.69	1557.23	2141.19	1141.97	2141.19	2141.19	951.64	815.69	951.64	1141.97
353	36.80	44.17	60.23	44.17	60.23	31.55	60.23	82.81	44.17	82.81	82.81	36.80	31.55	36.80	44.17
595	20.93	25.12	34.25	25.12	34.25	17.94	34.25	47.10	25.12	47.10	47.10	20.93	17.94	20.93	25.12
112	34.06	40.87	55.73	40.87	55.73	29.19	55.73	76.63	40.87	76.63	76.63	34.06	29.19	34.06	40.87
354	63.75	76.50	104.31	76.50	104.31	54.64	104.31	143.43	76.50	143.43	143.43	63.75	54.64	63.75	76.50
596	55.18	66.22	90.29	66.22	90.29	47.30	90.29	124.15	66.22	124.15	124.15	55.18	47.30	55.18	66.22
113	30.03	36.04	49.15	36.04	49.15	25.74	49.15	67.58	36.04	67.58	67.58	30.03	25.74	30.03	36.04
355	1623.90	1948.68	2657.30	1948.68	2657.30	1391.92	2657.30	3653.78	1948.68	3653.78	3653.78	1623.90	1391.92	1623.90	1948.68
597	1977.46	2372.96	3235.85	2372.96	3235.85	1694.97	3235.85	4449.29	2372.96	4449.29	4449.29	1977.46	1694.97	1977.46	2372.96
114	1567.36	1880.83	2564.77	1880.83	2564.77	1343.45	2564.77	3526.56	1880.83	3526.56	3526.56	1567.36	1343.45	1567.36	1880.83
356	202.01	242.42	330.57	242.42	330.57	173.15	330.57	454.53	242.42	454.53	454.53	202.01	173.15	202.01	242.42
598	250.29	300.34	409.56	300.34	409.56	214.53	409.56	563.14	300.34	563.14	563.14	250.29	214.53	250.29	300.34
115	351.82	422.18	575.70	422.18	575.70	301.56	575.70	791.59	422.18	791.59	791.59	351.82	301.56	351.82	422.18
357	1.39	1.67	2.28	1.67	2.28	1.19	2.28	3.13	1.67	3.13	3.13	1.39	1.19	1.39	1.67
599	1.64	1.97	2.69	1.97	2.69	1.41	2.69	3.69	1.97	3.69	3.69	1.64	1.41	1.64	1.97
116	1.43	1.71	2.34	1.71	2.34	1.22	2.34	3.21	1.71	3.21	3.21	1.43	1.22	1.43	1.71
358	3.56	4.28	5.83	4.28	5.83	3.05	5.83	8.02	4.28	8.02	8.02	3.56	3.05	3.56	4.28
117	4.87	5.84	7.96	5.84	7.96	4.17	7.96	10.95	5.84	10.95	10.95	4.87	4.17	4.87	5.84
359	1142.23	1370.67	1869.10	1370.67	1869.10	979.05	1869.10	2570.02	1370.67	2570.02	2570.02	1142.23	979.05	1142.23	1370.67
118	1169.03	1402.83	1912.95	1402.83	1912.95	1002.02	1912.95	2630.31	1402.83	2630.31	2630.31	1169.03	1002.02	1169.03	1402.83
119	27.50	33.00	45.00	33.00	45.00	23.57	45.00	61.88	33.00	61.88	61.88	27.50	23.57	27.50	33.00
10	1.31	1.57	2.14	1.57	2.14	1.12	2.14	2.95	1.57	2.95	2.95	1.31	1.12	1.31	1.57
11	0.93	1.11	1.52	1.11	1.52	0.79	1.52	2.08	1.11	2.08	2.08	0.93	0.79	0.93	1.11
12	1.04	1.25	1.71	1.25	1.71	0.89	1.71	2.35	1.25	2.35	2.35	1.04	0.89	1.04	1.25
13	1.17	1.40	1.91	1.40	1.91	1.00	1.91	2.63	1.40	2.63	2.63	1.17	1.00	1.17	1.40
14	1.12	1.34	1.83	1.34	1.83	0.96	1.83	2.51	1.34	2.51	2.51	1.12	0.96	1.12	1.34
15	1.06	1.27	1.74	1.27	1.74	0.91	1.74	2.39	1.27	2.39	2.39	1.06	0.91	1.06	1.27
16	0.76	0.91	1.25	0.91	1.25	0.65	1.25	1.71	0.91	1.71	1.71	0.76	0.65	0.76	0.91
17	1.22	1.47	2.00	1.47	2.00	1.05	2.00	2.75	1.47	2.75	2.75	1.22	1.05	1.22	1.47
18	1.43	1.71	2.33	1.71	2.33	1.22	2.33	3.21	1.71	3.21	3.21	1.43	1.22	1.43	1.71
19	1271.10	1525.32	2079.98	1525.32	2079.98	1089.51	2079.98	2859.97	1525.32	2859.97	2859.97	1271.10	1089.51	1271.10	1525.32
360	27.50	33.00	45.00	33.00	45.00	23.57	45.00	61.88	33.00	61.88	61.88	27.50	23.57	27.50	33.00
361	4.70	5.64	7.69	5.64	7.69	4.03	7.69	10.57	5.64	10.57	10.57	4.70	4.03	4.70	5.64
120	5.05	6.06	8.26	6.06	8.26	4.33	8.26	11.36	6.06	11.36	11.36	5.05	4.33	5.05	6.06
362	1.73	2.07	2.83	2.07	2.83	1.48	2.83	3.89	2.07	3.89	3.89	1.73	1.48	1.73	2.07
121	1.34	1.61	2.19	1.61	2.19	1.15	2.19	3.01	1.61	3.01	3.01	1.34	1.15	1.34	1.61
363	0.05	0.06	0.08	0.06	0.08	0.04	0.08	0.10	0.06	0.10	0.10	0.05	0.04	0.05	0.06
122	0.05	0.06	0.08	0.06	0.08	0.04	0.08	0.10	0.06	0.10	0.10	0.05	0.04	0.05	0.06
364	1.12	1.34	1.83	1.34	1.83	0.96	1.83	2.52	1.34	2.52	2.52	1.12	0.96	1.12	1.34
123	1.30	1.56	2.13	1.56	2.13	1.11	2.13	2.93	1.56	2.93	2.93	1.30	1.11	1.30	1.56
365	0.78	0.94	1.28	0.94	1.28	0.67	1.28	1.76	0.94	1.76	1.76	0.78	0.67	0.78	0.94
124	0.54	0.65	0.89	0.65	0.89	0.46	0.89	1.22	0.65	1.22	1.22	0.54	0.46	0.54	0.65
366	0.74	0.89	1.21	0.89	1.21	0.63	1.21	1.66	0.89	1.66	1.66	0.74	0.63	0.74	0.89
125	0.86	1.03	1.40	1.03	1.40	0.73	1.40	1.92	1.03	1.92	1.92	0.86	0.73	0.86	1.03
367	0.69	0.83	1.14	0.83	1.14	0.59	1.14	1.56	0.83	1.56	1.56	0.69	0.59	0.69	0.83
126	1.23	1.47	2.01	1.47	2.01	1.05	2.01	2.76	1.47	2.76	2.76	1.23	1.05	1.23	1.47
368	0.81	0.97	1.32	0.97	1.32	0.69	1.32	1.81	0.97	1.81	1.81	0.81	0.69	0.81	0.97
127	1.49	1.79	2.44	1.79	2.44	1.28	2.44	3.36	1.79	3.36	3.36	1.49	1.28	1.49	1.79
369	1.16	1.40	1.91	1.40	1.91	1.00	1.91	2.62	1.40	2.62	2.62	1.16	1.00	1.16	1.40
128	1.17	1.41	1.92	1.41	1.92	1.00	1.92	2.64	1.41	2.64	2.64	1.17	1.00	1.17	1.41
129	1.09	1.31	1.78	1.31	1.78	0.93	1.78	2.45	1.31	2.45	2.45	1.09	0.93	1.09	1.31
20	29.37	35.24	48.06	35.24	48.06	25.17	48.06	66.08	35.24	66.08	66.08	29.37	25.17	29.37	35.24
21	32.89	39.47	53.82	39.47	53.82	28.19	53.82	74.00	39.47	74.00	74.00	32.89	28.19	32.89	39.47
22	2422.28	2906.74	3963.74	2906.74	3963.74	2076.24	3963.74	5450.14	2906.74	5450.14	5450.14	2422.28	2076.24	2422.28	2906.74
23	378.22	453.86	618.91	453.86	618.91	324.19	618.91	851.00	453.86	851.00	851.00	378.22	324.19	378.22	453.86
24	1.34	1.60	2.19	1.60	2.19	1.14	2.19	3.00	1.60	3.00	3.00	1.34	1.14	1.34	1.60
25	4.02	4.83	6.58	4.83	6.58	3.45	6.58	9.05	4.83	9.05	9.05	4.02	3.45	4.02	4.83
26	1221.82	1466.19	1999.35	1466.19	1999.35	1047.28	1999.35	2749.11	1466.19	2749.11	2749.11	1221.82	1047.28	1221.82	1466.19
27	27.50	33.00	45.00	33.00	45.00	23.57	45.00	61.88	33.00	61.88	61.88	27.50	23.57	27.50	33.00
28	4.13	4.95	6.75	4.95	6.75	3.54	6.75	9.28	4.95	9.28	9.28	4.13	3.54	4.13	4.95
29	1.66	1.99	2.72	1.99	2.72	1.42	2.72	3.74	1.99	3.74	3.74	1.66	1.42	1.66	1.99
370	0.87	1.04	1.42	1.04	1.42	0.74	1.42	1.95	1.04	1.95	1.95	0.87	0.74	0.87	1.04
371	0.86	1.03	1.41	1.03	1.41	0.74	1.41	1.94	1.03	1.94	1.94	0.86	0.74	0.86	1.03
130	1.04	1.25	1.71	1.25	1.71	0.89	1.71	2.35	1.25	2.35	2.35	1.04	0.89	1.04	1.25
372	0.77	0.93	1.26	0.93	1.26	0.66	1.26	1.74	0.93	1.74	1.74	0.77	0.66	0.77	0.93
131	1.14	1.37	1.86	1.37	1.86	0.98	1.86	2.56	1.37	2.56	2.56	1.14	0.98	1.14	1.37
373	0.83	0.99	1.35	0.99	1.35	0.71	1.35	1.86	0.99	1.86	1.86	0.83	0.71	0.83	0.99
132	0.86	1.03	1.41	1.03	1.41	0.74	1.41	1.93	1.03	1.93	1.93	0.86	0.74	0.86	1.03
374	1.08	1.30	1.77	1.30	1.77	0.93	1.77	2.44	1.30	2.44	2.44	1.08	0.93	1.08	1.30
133	0.90	1.08	1.47	1.08	1.47	0.77	1.47	2.03	1.08	2.03	2.03	0.90	0.77	0.90	1.08
375	0.54	0.65	0.88	0.65	0.88	0.46	0.88	1.21	0.65	1.21	1.21	0.54	0.46	0.54	0.65
134	1.30	1.57	2.14	1.57	2.14	1.12	2.14	2.94	1.57	2.94	2.94	1.30	1.12	1.30	1.57
376	0.88	1.06	1.44	1.06	1.44	0.76	1.44	1.98	1.06	1.98	1.98	0.88	0.76	0.88	1.06
135	0.95	1.14	1.55	1.14	1.55	0.81	1.55	2.13	1.14	2.13	2.13	0.95	0.81	0.95	1.14
377	0.61	0.73	1.00	0.73	1.00	0.52	1.00	1.37	0.73	1.37	1.37	0.61	0.52	0.61	0.73
136	0.77	0.92	1.26	0.92	1.26	0.66	1.26	1.73	0.92	1.73	1.73	0.77	0.66	0.77	0.92
378	1.18	1.42	1.94	1.42	1.94	1.01	1.94	2.66	1.42	2.66	2.66	1.18	1.01	1.18	1.42
137	1.04	1.24	1.70	1.24	1.70	0.89	1.70	2.33	1.24	2.33	2.33	1.04	0.89	1.04	1.24
379	1.17	1.41	1.92	1.41	1.92	1.00	1.92	2.64	1.41	2.64	2.64	1.17	1.00	1.17	1.41
138	1.43	1.72	2.34	1.72	2.34	1.23	2.34	3.22	1.72	3.22	3.22	1.43	1.23	1.43	1.72
139	0.87	1.04	1.42	1.04	1.42	0.74	1.42	1.95	1.04	1.95	1.95	0.87	0.74	0.87	1.04
30	0.10	0.12	0.16	0.12	0.16	0.08	0.16	0.22	0.12	0.22	0.22	0.10	0.08	0.10	0.12
31	1.11	1.34	1.82	1.34	1.82	0.96	1.82	2.51	1.34	2.51	2.51	1.11	0.96	1.11	1.34
32	0.76	0.91	1.24	0.91	1.24	0.65	1.24	1.71	0.91	1.71	1.71	0.76	0.65	0.76	0.91
33	1.12	1.35	1.83	1.35	1.83	0.96	1.83	2.52	1.35	2.52	2.52	1.12	0.96	1.12	1.35
34	1.15	1.38	1.88	1.38	1.88	0.99	1.88	2.59	1.38	2.59	2.59	1.15	0.99	1.15	1.38
35	0.90	1.08	1.48	1.08	1.48	0.77	1.48	2.03	1.08	2.03	2.03	0.90	0.77	0.90	1.08
36	1.10	1.32	1.79	1.32	1.79	0.94	1.79	2.47	1.32	2.47	2.47	1.10	0.94	1.10	1.32
37	1.11	1.33	1.82	1.33	1.82	0.95	1.82	2.50	1.33	2.50	2.50	1.11	0.95	1.11	1.33
38	1.21	1.46	1.99	1.46	1.99	1.04	1.99	2.73	1.46	2.73	2.73	1.21	1.04	1.21	1.46
39	1.45	1.74	2.37	1.74	2.37	1.24	2.37	3.26	1.74	3.26	3.26	1.45	1.24	1.45	1.74
380	1.13	1.35	1.84	1.35	1.84	0.97	1.84	2.54	1.35	2.54	2.54	1.13	0.97	1.13	1.35
381	1.07	1.28	1.75	1.28	1.75	0.92	1.75	2.40	1.28	2.40	2.40	1.07	0.92	1.07	1.28
140	1.41	1.70	2.31	1.70	2.31	1.21	2.31	3.18	1.70	3.18	3.18	1.41	1.21	1.41	1.70
382	0.83	1.00	1.36	1.00	1.36	0.71	1.36	1.88	1.00	1.88	1.88	0.83	0.71	0.83	1.00
141	1.32	1.58	2.15	1.58	2.15	1.13	2.15	2.96	1.58	2.96	2.96	1.32	1.13	1.32	1.58
383	843.40	1012.08	1380.11	1012.08	1380.11	722.91	1380.11	1897.64	1012.08	1897.64	1897.64	843.40	722.91	843.40	1012.08
142	716.25	859.50	1172.05	859.50	1172.05	613.93	1172.05	1611.56	859.50	1611.56	1611.56	716.25	613.93	716.25	859.50
384	40.94	49.13	66.99	49.13	66.99	35.09	66.99	92.12	49.13	92.12	92.12	40.94	35.09	40.94	49.13
143	29.91	35.89	48.94	35.89	48.94	25.63	48.94	67.29	35.89	67.29	67.29	29.91	25.63	29.91	35.89
385	69.63	83.56	113.95	83.56	113.95	59.69	113.95	156.68	83.56	156.68	156.68	69.63	59.69	69.63	83.56
144	37.25	44.70	60.95	44.70	60.95	31.93	60.95	83.81	44.70	83.81	83.81	37.25	31.93	37.25	44.70
386	1015.08	1218.10	1661.04	1218.10	1661.04	870.07	1661.04	2283.94	1218.10	2283.94	2283.94	1015.08	870.07	1015.08	1218.10
145	2908.72	3490.46	4759.72	3490.46	4759.72	2493.19	4759.72	6544.62	3490.46	6544.62	6544.62	2908.72	2493.19	2908.72	3490.46
387	353.96	424.75	579.21	424.75	579.21	303.39	579.21	796.41	424.75	796.41	796.41	353.96	303.39	353.96	424.75
146	290.88	349.06	475.99	349.06	475.99	249.33	475.99	654.49	349.06	654.49	654.49	290.88	249.33	290.88	349.06
388	1.39	1.66	2.27	1.66	2.27	1.19	2.27	3.12	1.66	3.12	3.12	1.39	1.19	1.39	1.66
147	1.56	1.87	2.55	1.87	2.55	1.33	2.55	3.50	1.87	3.50	3.50	1.56	1.33	1.56	1.87
389	4.57	5.49	7.48	5.49	7.48	3.92	7.48	10.29	5.49	10.29	10.29	4.57	3.92	4.57	5.49
148	5.06	6.08	8.28	6.08	8.28	4.34	8.28	11.39	6.08	11.39	11.39	5.06	4.34	5.06	6.08
149	1228.56	1474.27	2010.37	1474.27	2010.37	1053.05	2010.37	2764.26	1474.27	2764.26	2764.26	1228.56	1053.05	1228.56	1474.27
40	0.63	0.75	1.03	0.75	1.03	0.54	1.03	1.41	0.75	1.41	1.41	0.63	0.54	0.63	0.75
41	1.35	1.62	2.21	1.62	2.21	1.16	2.21	3.04	1.62	3.04	3.04	1.35	1.16	1.35	1.62
42	1.09	1.31	1.78	1.31	1.78	0.93	1.78	2.45	1.31	2.45	2.45	1.09	0.93	1.09	1.31
43	1.29	1.55	2.11	1.55	2.11	1.10	2.11	2.90	1.55	2.90	2.90	1.29	1.10	1.29	1.55
44	1.17	1.40	1.91	1.40	1.91	1.00	1.91	2.63	1.40	2.63	2.63	1.17	1.00	1.17	1.40
45	1.31	1.57	2.14	1.57	2.14	1.12	2.14	2.95	1.57	2.95	2.95	1.31	1.12	1.31	1.57
46	1.57	1.89	2.58	1.89	2.58	1.35	2.58	3.54	1.89	3.54	3.54	1.57	1.35	1.57	1.89
47	1.05	1.26	1.71	1.26	1.71	0.90	1.71	2.35	1.26	2.35	2.35	1.05	0.90	1.05	1.26
48	1528.29	1833.95	2500.84	1833.95	2500.84	1309.96	2500.84	3438.65	1833.95	3438.65	3438.65	1528.29	1309.96	1528.29	1833.95
49	22.88	27.45	37.43	27.45	37.43	19.61	37.43	51.47	27.45	51.47	51.47	22.88	19.61	22.88	27.45
390	1187.72	1425.27	1943.55	1425.27	1943.55	1018.05	1943.55	2672.37	1425.27	2672.37	2672.37	1187.72	1018.05	1187.72	1425.27
391	27.50	33.00	45.00	33.00	45.00	23.57	45.00	61.88	33.00	61.88	61.88	27.50	23.57	27.50	33.00
150	27.50	33.00	45.00	33.00	45.00	23.57	45.00	61.88	33.00	61.88	61.88	27.50	23.57	27.50	33.00
392	4.02	4.83	6.58	4.83	6.58	3.45	6.58	9.05	4.83	9.05	9.05	4.02	3.45	4.02	4.83
151	3.23	3.88	5.29	3.88	5.29	2.77	5.29	7.27	3.88	7.27	7.27	3.23	2.77	3.23	3.88
393	0.97	1.16	1.58	1.16	1.58	0.83	1.58	2.18	1.16	2.18	2.18	0.97	0.83	0.97	1.16
152	1.14	1.37	1.86	1.37	1.86	0.98	1.86	2.56	1.37	2.56	2.56	1.14	0.98	1.14	1.37
394	0.06	0.07	0.10	0.07	0.10	0.05	0.10	0.13	0.07	0.13	0.13	0.06	0.05	0.06	0.07
153	0.09	0.11	0.15	0.11	0.15	0.08	0.15	0.21	0.11	0.21	0.21	0.09	0.08	0.09	0.11
395	1.02	1.23	1.68	1.23	1.68	0.88	1.68	2.30	1.23	2.30	2.30	1.02	0.88	1.02	1.23
154	1.25	1.50	2.05	1.50	2.05	1.07	2.05	2.82	1.50	2.82	2.82	1.25	1.07	1.25	1.50
396	1.32	1.58	2.15	1.58	2.15	1.13	2.15	2.96	1.58	2.96	2.96	1.32	1.13	1.32	1.58
155	1.09	1.31	1.78	1.31	1.78	0.93	1.78	2.45	1.31	2.45	2.45	1.09	0.93	1.09	1.31
397	1.52	1.83	2.49	1.83	2.49	1.31	2.49	3.43	1.83	3.43	3.43	1.52	1.31	1.52	1.83
156	0.81	0.97	1.32	0.97	1.32	0.69	1.32	1.82	0.97	1.82	1.82	0.81	0.69	0.81	0.97
398	1.02	1.22	1.66	1.22	1.66	0.87	1.66	2.29	1.22	2.29	2.29	1.02	0.87	1.02	1.22
157	1.24	1.48	2.02	1.48	2.02	1.06	2.02	2.78	1.48	2.78	2.78	1.24	1.06	1.24	1.48
399	1.06	1.27	1.73	1.27	1.73	0.91	1.73	2.38	1.27	2.38	2.38	1.06	0.91	1.06	1.27
158	0.99	1.19	1.62	1.19	1.62	0.85	1.62	2.22	1.19	2.22	2.22	0.99	0.85	0.99	1.19
159	1.30	1.56	2.12	1.56	2.12	1.11	2.12	2.92	1.56	2.92	2.92	1.30	1.11	1.30	1.56
50	41.87	50.25	68.52	50.25	68.52	35.89	68.52	94.22	50.25	94.22	94.22	41.87	35.89	41.87	50.25
51	2331.19	2797.43	3814.68	2797.43	3814.68	1998.16	3814.68	5245.18	2797.43	5245.18	5245.18	2331.19	1998.16	2331.19	2797.43
52	438.22	525.86	717.09	525.86	717.09	375.62	717.09	986.00	525.86	986.00	986.00	438.22	375.62	438.22	525.86
53	1.09	1.31	1.79	1.31	1.79	0.94	1.79	2.46	1.31	2.46	2.46	1.09	0.94	1.09	1.31
54	3.10	3.72	5.07	3.72	5.07	2.66	5.07	6.98	3.72	6.98	6.98	3.10	2.66	3.10	3.72
55	1369.64	1643.57	2241.23	1643.57	2241.23	1173.98	2241.23	3081.68	1643.57	3081.68	3081.68	1369.64	1173.98	1369.64	1643.57
56	27.50	33.00	45.00	33.00	45.00	23.57	45.00	61.88	33.00	61.88	61.88	27.50	23.57	27.50	33.00
57	2.74	3.29	4.49	3.29	4.49	2.35	4.49	6.17	3.29	6.17	6.17	2.74	2.35	2.74	3.29
58	1.16	1.39	1.89	1.39	1.89	0.99	1.89	2.60	1.39	2.60	2.60	1.16	0.99	1.16	1.39
59	0.05	0.06	0.08	0.06	0.08	0.04	0.08	0.11	0.06	0.11	0.11	0.05	0.04	0.05	0.06
160	0.89	1.07	1.46	1.07	1.46	0.76	1.46	2.00	1.07	2.00	2.00	0.89	0.76	0.89	1.07
161	1.31	1.58	2.15	1.58	2.15	1.13	2.15	2.95	1.58	2.95	2.95	1.31	1.13	1.31	1.58
162	1.10	1.32	1.80	1.32	1.80	0.94	1.80	2.48	1.32	2.48	2.48	1.10	0.94	1.10	1.32
163	0.94	1.13	1.54	1.13	1.54	0.81	1.54	2.12	1.13	2.12	2.12	0.94	0.81	0.94	1.13
164	0.84	1.01	1.38	1.01	1.38	0.72	1.38	1.90	1.01	1.90	1.90	0.84	0.72	0.84	1.01
165	1.13	1.36	1.85	1.36	1.85	0.97	1.85	2.55	1.36	2.55	2.55	1.13	0.97	1.13	1.36
166	1.57	1.88	2.57	1.88	2.57	1.34	2.57	3.53	1.88	3.53	3.53	1.57	1.34	1.57	1.88
167	1.02	1.22	1.66	1.22	1.66	0.87	1.66	2.29	1.22	2.29	2.29	1.02	0.87	1.02	1.22
168	0.57	0.69	0.94	0.69	0.94	0.49	0.94	1.29	0.69	1.29	1.29	0.57	0.49	0.57	0.69
169	0.94	1.12	1.53	1.12	1.53	0.80	1.53	2.11	1.12	2.11	2.11	0.94	0.80	0.94	1.12
60	1.21	1.45	1.98	1.45	1.98	1.04	1.98	2.73	1.45	2.73	2.73	1.21	1.04	1.21	1.45
61	0.93	1.11	1.52	1.11	1.52	0.80	1.52	2.09	1.11	2.09	2.09	0.93	0.80	0.93	1.11
62	1.04	1.25	1.70	1.25	1.70	0.89	1.70	2.33	1.25	2.33	2.33	1.04	0.89	1.04	1.25
63	0.99	1.18	1.61	1.18	1.61	0.85	1.61	2.22	1.18	2.22	2.22	0.99	0.85	0.99	1.18
64	1.24	1.49	2.03	1.49	2.03	1.06	2.03	2.79	1.49	2.79	2.79	1.24	1.06	1.24	1.49
65	1.33	1.59	2.17	1.59	2.17	1.14	2.17	2.99	1.59	2.99	2.99	1.33	1.14	1.33	1.59
66	0.80	0.96	1.31	0.96	1.31	0.69	1.31	1.80	0.96	1.80	1.80	0.80	0.69	0.80	0.96
67	0.83	1.00	1.36	1.00	1.36	0.71	1.36	1.87	1.00	1.87	1.87	0.83	0.71	0.83	1.00
68	1.38	1.66	2.26	1.66	2.26	1.18	2.26	3.11	1.66	3.11	3.11	1.38	1.18	1.38	1.66
69	1.45	1.74	2.37	1.74	2.37	1.24	2.37	3.26	1.74	3.26	3.26	1.45	1.24	1.45	1.74
170	1.02	1.23	1.67	1.23	1.67	0.88	1.67	2.30	1.23	2.30	2.30	1.02	0.88	1.02	1.23
171	1446.26	1735.51	2366.61	1735.51	2366.61	1239.65	2366.61	3254.08	1735.51	3254.08	3254.08	1446.26	1239.65	1446.26	1735.51
172	33.97	40.76	55.58	40.76	55.58	29.12	55.58	76.43	40.76	76.43	76.43	33.97	29.12	33.97	40.76
173	44.68	53.61	73.11	53.61	73.11	38.29	73.11	100.52	53.61	100.52	100.52	44.68	38.29	44.68	53.61
174	1329.13	1594.95	2174.94	1594.95	2174.94	1139.25	2174.94	2990.54	1594.95	2990.54	2990.54	1329.13	1139.25	1329.13	1594.95
175	356.57	427.89	583.48	427.89	583.48	305.63	583.48	802.29	427.89	802.29	802.29	356.57	305.63	356.57	427.89
176	1.48	1.78	2.43	1.78	2.43	1.27	2.43	3.34	1.78	3.34	3.34	1.48	1.27	1.48	1.78
177	3.67	4.40	6.00	4.40	6.00	3.15	6.00	8.26	4.40	8.26	8.26	3.67	3.15	3.67	4.40
178	1313.22	1575.86	2148.90	1575.86	2148.90	1125.61	2148.90	2954.73	1575.86	2954.73	2954.73	1313.22	1125.61	1313.22	1575.86
179	27.50	33.00	45.00	33.00	45.00	23.57	45.00	61.88	33.00	61.88	61.88	27.50	23.57	27.50	33.00
70	0.97	1.17	1.60	1.17	1.60	0.84	1.60	2.19	1.17	2.19	2.19	0.97	0.84	0.97	1.17
71	1.19	1.42	1.94	1.42	1.94	1.02	1.94	2.67	1.42	2.67	2.67	1.19	1.02	1.19	1.42
72	0.89	1.07	1.46	1.07	1.46	0.77	1.46	2.01	1.07	2.01	2.01	0.89	0.77	0.89	1.07
73	0.95	1.14	1.56	1.14	1.56	0.81	1.56	2.14	1.14	2.14	2.14	0.95	0.81	0.95	1.14
74	0.83	1.00	1.37	1.00	1.37	0.72	1.37	1.88	1.00	1.88	1.88	0.83	0.72	0.83	1.00
75	0.72	0.86	1.17	0.86	1.17	0.61	1.17	1.61	0.86	1.61	1.61	0.72	0.61	0.72	0.86
76	0.82	0.98	1.34	0.98	1.34	0.70	1.34	1.84	0.98	1.84	1.84	0.82	0.70	0.82	0.98
77	0.80	0.96	1.31	0.96	1.31	0.69	1.31	1.81	0.96	1.81	1.81	0.80	0.69	0.80	0.96
78	1.19	1.42	1.94	1.42	1.94	1.02	1.94	2.67	1.42	2.67	2.67	1.19	1.02	1.19	1.42
79	1.19	1.43	1.95	1.43	1.95	1.02	1.95	2.68	1.43	2.68	2.68	1.19	1.02	1.19	1.43
180	3.83	4.60	6.27	4.60	6.27	3.29	6.27	8.62	4.60	8.62	8.62	3.83	3.29	3.83	4.60
181	1.56	1.87	2.54	1.87	2.54	1.33	2.54	3.50	1.87	3.50	3.50	1.56	1.33	1.56	1.87
182	0.06	0.07	0.09	0.07	0.09	0.05	0.09	0.13	0.07	0.13	0.13	0.06	0.05	0.06	0.07
183	1.03	1.24	1.69	1.24	1.69	0.89	1.69	2.32	1.24	2.32	2.32	1.03	0.89	1.03	1.24
184	0.76	0.92	1.25	0.92	1.25	0.65	1.25	1.72	0.92	1.72	1.72	0.76	0.65	0.76	0.92
185	1.17	1.41	1.92	1.41	1.92	1.01	1.92	2.64	1.41	2.64	2.64	1.17	1.01	1.17	1.41
186	1.05	1.26	1.71	1.26	1.71	0.90	1.71	2.36	1.26	2.36	2.36	1.05	0.90	1.05	1.26
187	1.25	1.51	2.05	1.51	2.05	1.08	2.05	2.82	1.51	2.82	2.82	1.25	1.08	1.25	1.51
188	1.38	1.66	2.26	1.66	2.26	1.19	2.26	3.11	1.66	3.11	3.11	1.38	1.19	1.38	1.66
189	0.81	0.97	1.33	0.97	1.33	0.70	1.33	1.83	0.97	1.83	1.83	0.81	0.70	0.81	0.97
80	657.24	788.69	1075.49	788.69	1075.49	563.35	1075.49	1478.80	788.69	1478.80	1478.80	657.24	563.35	657.24	788.69
81	22.63	27.15	37.02	27.15	37.02	19.39	37.02	50.91	27.15	50.91	50.91	22.63	19.39	22.63	27.15
82	33.56	40.27	54.92	40.27	54.92	28.77	54.92	75.51	40.27	75.51	75.51	33.56	28.77	33.56	40.27
83	1205.96	1447.16	1973.40	1447.16	1973.40	1033.68	1973.40	2713.42	1447.16	2713.42	2713.42	1205.96	1033.68	1205.96	1447.16
84	182.20	218.64	298.14	218.64	298.14	156.17	298.14	409.94	218.64	409.94	409.94	182.20	156.17	182.20	218.64
85	1.38	1.65	2.25	1.65	2.25	1.18	2.25	3.10	1.65	3.10	3.10	1.38	1.18	1.38	1.65
86	3.53	4.24	5.78	4.24	5.78	3.03	5.78	7.95	4.24	7.95	7.95	3.53	3.03	3.53	4.24
87	1052.54	1263.05	1722.34	1263.05	1722.34	902.18	1722.34	2368.22	1263.05	2368.22	2368.22	1052.54	902.18	1052.54	1263.05
88	27.50	33.00	45.00	33.00	45.00	23.57	45.00	61.88	33.00	61.88	61.88	27.50	23.57	27.50	33.00
89	2.81	3.38	4.61	3.38	4.61	2.41	4.61	6.33	3.38	6.33	6.33	2.81	2.41	2.81	3.38
190	1.25	1.50	2.05	1.50	2.05	1.07	2.05	2.82	1.50	2.82	2.82	1.25	1.07	1.25	1.50
191	1.40	1.68	2.30	1.68	2.30	1.20	2.30	3.16	1.68	3.16	3.16	1.40	1.20	1.40	1.68
192	0.97	1.17	1.59	1.17	1.59	0.83	1.59	2.19	1.17	2.19	2.19	0.97	0.83	0.97	1.17
193	1.04	1.25	1.70	1.25	1.70	0.89	1.70	2.34	1.25	2.34	2.34	1.04	0.89	1.04	1.25
194	1.38	1.66	2.26	1.66	2.26	1.19	2.26	3.11	1.66	3.11	3.11	1.38	1.19	1.38	1.66
195	1.04	1.25	1.71	1.25	1.71	0.89	1.71	2.35	1.25	2.35	2.35	1.04	0.89	1.04	1.25
196	0.69	0.83	1.13	0.83	1.13	0.59	1.13	1.55	0.83	1.55	1.55	0.69	0.59	0.69	0.83
197	1.08	1.29	1.76	1.29	1.76	0.92	1.76	2.42	1.29	2.42	2.42	1.08	0.92	1.08	1.29
198	1.17	1.40	1.91	1.40	1.91	1.00	1.91	2.63	1.40	2.63	2.63	1.17	1.00	1.17	1.40
199	631.84	758.21	1033.92	758.21	1033.92	541.58	1033.92	1421.64	758.21	1421.64	1421.64	631.84	541.58	631.84	758.21
90	0.85	1.02	1.39	1.02	1.39	0.73	1.39	1.91	1.02	1.91	1.91	0.85	0.73	0.85	1.02
91	0.07	0.09	0.12	0.09	0.12	0.06	0.12	0.17	0.09	0.17	0.17	0.07	0.06	0.07	0.09
92	0.74	0.88	1.21	0.88	1.21	0.63	1.21	1.66	0.88	1.66	1.66	0.74	0.63	0.74	0.88
93	1.16	1.40	1.90	1.40	1.90	1.00	1.90	2.62	1.40	2.62	2.62	1.16	1.00	1.16	1.40
94	0.98	1.18	1.60	1.18	1.60	0.84	1.60	2.21	1.18	2.21	2.21	0.98	0.84	0.98	1.18
95	0.78	0.93	1.27	0.93	1.27	0.67	1.27	1.75	0.93	1.75	1.75	0.78	0.67	0.78	0.93
96	1.07	1.29	1.75	1.29	1.75	0.92	1.75	2.41	1.29	2.41	2.41	1.07	0.92	1.07	1.29
97	1.15	1.38	1.88	1.38	1.88	0.98	1.88	2.58	1.38	2.58	2.58	1.15	0.98	1.15	1.38
98	0.86	1.03	1.40	1.03	1.40	0.73	1.40	1.93	1.03	1.93	1.93	0.86	0.73	0.86	1.03
99	1.23	1.48	2.02	1.48	2.02	1.06	2.02	2.77	1.48	2.77	2.77	1.23	1.06	1.23	1.48
