tcount: 	 cost:
1	2012907.329924729
2	2012907.329924729
3	2012907.329924729
4	2012907.329924729
5	2012907.329924729
6	2012907.329924729
7	2012907.329924729
8	2012907.329924729
9	2012907.329924729
10	2012907.329924729
11	2012907.329924729
12	2012907.329924729
13	2012907.329924729
14	2012907.329924729
15	2012907.329924729
16	2012907.329924729
17	2012907.329924729
18	2012907.329924729
19	2012907.329924729
20	2012907.329924729
21	2012907.329924729
22	2012907.329924729
23	2012907.329924729
24	2012907.329924729
25	2012907.329924729
26	2012907.329924729
27	2012907.329924729
28	2012907.329924729
29	2012907.329924729
30	2012907.329924729
31	2012907.329924729
32	2012907.329924729
33	2012907.329924729
34	2012907.329924729
35	2012907.329924729
36	2012907.329924729
37	2012907.329924729
38	2012907.329924729
39	2012907.329924729
40	2012907.329924729
41	2012907.329924729
42	2012907.329924729
43	2012907.329924729
44	2012907.329924729
45	2012907.329924729
46	2012907.329924729
47	2012907.329924729
48	2012907.329924729
49	2012907.329924729
50	2012907.329924729
51	2012907.329924729
52	2012907.329924729
53	2012907.329924729
54	2012907.329924729
55	2012907.329924729
56	2012907.329924729
57	2012907.329924729
58	2012907.329924729
59	2012907.329924729
60	2012907.329924729
61	2012907.329924729
62	2012907.329924729
63	2012907.329924729
64	2012907.329924729
65	2012907.329924729
66	2012907.329924729
67	2012907.329924729
68	2012907.329924729
69	2012907.329924729
70	2012907.329924729
71	2012907.329924729
72	2012907.329924729
73	2012907.329924729
74	2012907.329924729
75	2012907.329924729
76	2012907.329924729
77	2012907.329924729
78	2012907.329924729
79	2012907.329924729
80	2012907.329924729
81	2012907.329924729
82	2012907.329924729
83	2012907.329924729
84	2012907.329924729
85	2012907.329924729
86	2012907.329924729
87	2012907.329924729
88	2012907.329924729
89	2012907.329924729
90	2012907.329924729
91	2012907.329924729
92	2012907.329924729
93	2012907.329924729
94	2012907.329924729
95	2012907.329924729
96	2012907.329924729
97	2012907.329924729
98	2012907.329924729
99	2012907.329924729
100	2012907.329924729
101	2012907.329924729
102	2012907.329924729
103	2012907.329924729
104	2012907.329924729
105	2012907.329924729
106	2012907.329924729
107	2012907.329924729
108	2012907.329924729
109	2012907.329924729
110	2012907.329924729
111	2012907.329924729
112	2012907.329924729
113	2012907.329924729
114	2012907.329924729
115	2012907.329924729
116	2012907.329924729
117	2012907.329924729
118	2012907.329924729
119	2012907.329924729
120	2012907.329924729
121	2012907.329924729
122	2012907.329924729
123	2012907.329924729
124	2012907.329924729
125	2012907.329924729
126	2012907.329924729
127	2012907.329924729
128	2012907.329924729
129	2012907.329924729
130	2012907.329924729
131	2012907.329924729
132	2012907.329924729
133	2012907.329924729
134	2012907.329924729
135	2012907.329924729
136	2012907.329924729
137	2012907.329924729
138	2012907.329924729
139	2012907.329924729
140	2012907.329924729
141	2012907.329924729
142	2012907.329924729
143	2012907.329924729
144	2012907.329924729
145	2012907.329924729
146	2012907.329924729
147	2012907.329924729
148	2012907.329924729
149	2012907.329924729
150	2012907.329924729
151	2012907.329924729
152	2012907.329924729
153	2012907.329924729
154	2012907.329924729
155	2012907.329924729
156	2012907.329924729
157	2012907.329924729
158	2012907.329924729
159	2012907.329924729
160	2012907.329924729
161	2012907.329924729
162	2012907.329924729
163	2012907.329924729
164	2012907.329924729
165	2012907.329924729
166	2012907.329924729
167	2012907.329924729
168	2012907.329924729
169	2012907.329924729
170	2012907.329924729
171	2012907.329924729
172	2012907.329924729
173	2012907.329924729
174	2012907.329924729
175	2012907.329924729
176	2012907.329924729
177	2012907.329924729
178	2012907.329924729
179	2012907.329924729
180	2012907.329924729
181	2012907.329924729
182	2012907.329924729
183	2012907.329924729
184	2012907.329924729
185	2012907.329924729
186	2012907.329924729
187	2012907.329924729
188	2012907.329924729
189	2012907.329924729
190	2012907.329924729
191	2012907.329924729
192	2012907.329924729
193	2012907.329924729
194	2012907.329924729
195	2012907.329924729
196	2012907.329924729
197	2012907.329924729
198	2012907.329924729
199	2012907.329924729
200	2012907.329924729
201	2012907.329924729
202	2012907.329924729
203	2012907.329924729
204	2012907.329924729
205	2012907.329924729
206	2012907.329924729
207	2012907.329924729
208	2012907.329924729
209	2012907.329924729
210	2012907.329924729
211	2012907.329924729
212	2012907.329924729
213	2012907.329924729
214	2012907.329924729
215	2012907.329924729
216	2012907.329924729
217	2012907.329924729
218	2012907.329924729
219	2012907.329924729
220	2012907.329924729
221	2012907.329924729
222	2012907.329924729
223	2012907.329924729
224	2012907.329924729
225	2012907.329924729
226	2012907.329924729
227	2012907.329924729
228	2012907.329924729
229	2012907.329924729
230	2012907.329924729
231	2012907.329924729
232	2012907.329924729
233	2012907.329924729
234	2012907.329924729
235	2012907.329924729
236	2012907.329924729
237	2012907.329924729
238	2012907.329924729
239	2012907.329924729
240	2012907.329924729
241	2012907.329924729
242	2012907.329924729
243	2012907.329924729
244	2012907.329924729
245	2012907.329924729
246	2012907.329924729
247	2012907.329924729
248	2012907.329924729
249	2012907.329924729
250	2012907.329924729
251	2012907.329924729
252	2012907.329924729
253	2012907.329924729
254	2012907.329924729
255	2012907.329924729
256	2012907.329924729
257	2012907.329924729
258	2012907.329924729
259	2012907.329924729
260	2012907.329924729
261	2012907.329924729
262	2012907.329924729
263	2012907.329924729
264	2012907.329924729
265	2012907.329924729
266	2012907.329924729
267	2012907.329924729
268	2012907.329924729
269	2012907.329924729
270	2012907.329924729
271	2012907.329924729
272	2012907.329924729
273	2012907.329924729
274	2012907.329924729
275	2012907.329924729
276	2012907.329924729
277	2012907.329924729
278	2012907.329924729
279	2012907.329924729
280	2012907.329924729
281	2012907.329924729
282	2012907.329924729
283	2012907.329924729
284	2012907.329924729
285	2012907.329924729
286	2012907.329924729
287	2012907.329924729
288	2012907.329924729
289	2012907.329924729
290	2012907.329924729
291	2012907.329924729
292	2012907.329924729
293	2012907.329924729
294	2012907.329924729
295	2012907.329924729
296	2012907.329924729
297	2012907.329924729
298	2012907.329924729
299	2012907.329924729
300	2012907.329924729
301	2012907.329924729
302	2012907.329924729
303	2012907.329924729
304	2012907.329924729
305	2012907.329924729
306	2012907.329924729
307	2012907.329924729
308	2012907.329924729
309	2012907.329924729
310	2012907.329924729
311	2012907.329924729
312	2012907.329924729
313	2012907.329924729
314	2012907.329924729
315	2012907.329924729
316	2012907.329924729
317	2012907.329924729
318	2012907.329924729
319	2012907.329924729
320	2012907.329924729
321	2012907.329924729
322	2012907.329924729
323	2012907.329924729
324	2012907.329924729
325	2012907.329924729
326	2012907.329924729
327	2012907.329924729
328	2012907.329924729
329	2012907.329924729
330	2012907.329924729
