tcount: 	 cost:
1	2419567.5336054177
2	2419519.7628054176
3	2419499.8044054178
4	2419308.2592054177
5	2419260.118805418
6	2419239.9756054175
7	2419219.8324054177
8	2419200.4284054176
9	2418794.7655717595
10	2418389.4492058996
11	2418134.542406734
12	2417934.588806734
13	2417740.826006734
14	2417549.742806734
15	2417336.5760067343
16	2417286.2180067343
17	2417237.338406734
18	2417189.382806734
19	2417141.704406734
20	2417094.5804067343
21	2417002.6424067346
22	2416982.591606735
23	2416962.633206735
24	2416942.952006735
25	2416923.363206735
26	2416904.698406735
27	2416447.159717889
28	2416252.6577178887
29	2416059.7265178887
30	2415868.735717889
31	2415755.176117889
32	2415643.649317889
33	2415424.199317889
34	2415318.7709178887
35	2415269.336917889
36	2415220.919317889
37	2415172.5941178887
38	2415076.4981178883
39	2415028.7273178883
40	2414981.141317888
41	2414933.555317888
42	2414886.154117888
43	2414791.9985178877
44	2414746.260517888
45	2414700.9845178877
46	2414680.748917888
47	2414660.513317888
48	2414640.554917888
49	2414512.488517888
50	2414492.068117888
51	2414471.924917888
52	2414056.848931518
53	2413784.640491333
54	2413412.295621625
55	2413301.877621625
56	2413252.720821625
57	2413204.2108216253
58	2413108.4844216253
59	2413089.2652216256
60	2412687.766502794
61	2412422.1462537255
62	2411970.919575135
63	2411862.164775135
64	2411755.535175135
65	2411706.470775135
66	2411612.130375135
67	2411565.6531751356
68	2411153.655926976
69	2410956.104726976
70	2410795.605926976
71	2410748.297126976
72	2410728.338726976
73	2410532.2659269758
74	2410225.497926976
75	2410116.743126976
76	2410009.3743269756
77	2409959.6631269753
78	2409863.6595269754
79	2409843.423926975
80	2409823.3731269753
81	2409383.105118594
82	2409114.7448827852
83	2409004.1420827853
84	2408954.8928827853
85	2408661.758236462
86	2408612.601436462
87	2408563.7218364617
88	2408469.751036462
89	2408423.643436462
90	2408403.2230364624
91	2408364.2302364623
92	2407695.7162364624
93	2402786.3194364626
94	2402419.583836463
95	2400570.4750364632
96	2399574.218236463
97	2399164.886236463
98	2396195.7300196625
99	2395931.802945578
100	2395820.3685455783
101	2395663.1961455783
102	2395612.8381455783
103	2395563.2193455785
104	2395464.8133455785
105	2395416.488145578
106	2395368.162945578
107	2395272.8985455777
108	2395225.866945578
109	2395179.020145578
110	2395062.8131212103
111	2394658.974572986
112	2394391.0453430554
113	2394081.3205430554
114	2394034.011743055
115	2393966.190143055
116	2393945.8621430546
117	2393925.7189430543
118	2393885.8021430545
119	2393865.9361430546
120	2393818.812143055
121	2393779.264943055
122	2393759.583743055
123	2393739.902543055
124	2393700.724943055
125	2393681.228543055
126	2393647.132943055
127	2393384.714389546
128	2393372.147989546
129	2374961.241240473
130	2374240.059240473
131	2373437.0108404728
132	2373023.890440473
133	2372569.5596404728
134	2361798.079049525
135	2358761.6302495245
136	2358707.114249524
137	2357490.2986495243
138	2356998.7306495244
139	2352565.8406495247
140	2352041.3782495246
141	2348585.8813607534
142	2348324.9713278185
143	2348107.738927818
144	2347838.116522904
145	2347648.881322904
146	2347526.7315971
147	2347496.1471971
148	2347460.6655971003
149	2347454.9367971
150	2347449.7623970998
151	2332051.188978225
152	2319225.827954843
153	2301599.8463715194
154	2301189.388492465
155	2300384.4822312878
156	2299991.2653153306
157	2299514.8536031004
158	2299312.4976031007
159	2298926.265603101
160	2298733.611603101
161	2298423.0744379084
162	2298300.940727125
163	2298057.1967114364
164	2297936.10981241
165	2297694.7980261147
166	2297574.511587376
167	2290750.942190752
168	2290632.0411696485
169	2290395.870896547
170	2290278.5092445486
171	2290046.0026670056
172	2289929.964881174
173	2289699.736581554
174	2281744.3601278514
175	2281515.886700276
176	2281289.6915506236
177	2281177.9948176984
178	2280954.601351848
179	2280843.120121862
180	2280621.744152163
181	2272584.8733902923
182	2272364.2507597124
183	2272144.9380017715
184	2272035.581098239
185	2271817.8217029306
186	2271709.5289029307
187	2271495.71025759
188	2271284.323841642
189	2262948.7843336416
190	2262751.4061911106
191	2262575.644989664
192	2262495.4170727422
193	2262336.377359474
194	2262179.0616697203
195	2262101.4197880696
196	2253510.7181027858
197	2253358.697586513
198	2253285.057860709
199	2253138.1170149785
200	2252994.7473192164
201	2252863.9690483403
202	2244231.885120665
203	2244110.471520665
204	2243991.275520665
205	2243931.677520665
206	2243813.220720665
207	2243695.872720665
208	2243579.910720665
209	2239988.680269317
210	2239872.995469317
211	2239757.9574693167
212	2239643.104269317
213	2239586.0010693166
214	2239471.794669317
215	2239357.957869317
216	2235677.2993594436
217	2235564.5713594435
218	2235452.0281594433
219	2235395.941359443
220	2235283.952559443
221	2235172.518159443
222	2226177.612676886
223	2226066.917476886
224	2225956.684276886
225	2225901.6138768857
226	2225791.935076886
227	2225682.6258768863
228	2225574.517876886
229	2221754.6470888853
230	2221647.3706888855
231	2221540.6486888854
232	2221434.7582888855
233	2221329.4222888853
234	2221225.1950888853
235	2217243.3918141345
236	2217140.7354141343
237	2217039.0030141347
238	2216937.8250141344
239	2216837.2938141343
240	2216737.2246141345
241	2214170.260214135
242	2214070.837814135
243	2213972.709014135
244	2213875.411814135
245	2213778.946214135
246	2213683.3122141347
247	2213588.509814135
248	2213497.6806141348
249	2213428.750214135
250	2213361.390614135
251	2213295.047414135
252	2213229.073814135
253	2210585.787014135
254	2210520.645014135
255	2210456.3346141353
256	2210392.8558141356
257	2210329.469414136
258	2210235.4986141357
259	2200156.9784169565
260	2200095.4400169565
261	2200034.2712169564
262	2199943.349616957
263	2199884.583216957
264	2199826.5560169565
265	2197085.6948169568
266	2197002.1652169568
267	2196948.850416957
268	2196908.841216957
269	2196849.8900169567
270	2196815.147616957
271	2196769.964016957
272	2196740.488416957
273	2193906.488016957
274	2193863.614416957
275	2193835.155216957
276	2193792.6512169573
277	2193764.3768169573
278	2193722.1500169574
279	2190887.872416957
280	2190846.2000169572
281	2190818.664816957
282	2190777.546816957
283	2190736.521216957
284	2187900.765216957
285	2187860.016816957
286	2187819.453216957
287	2187792.564816957
288	2187752.740416957
289	2183257.994901483
290	2183218.909701483
291	2183192.945301483
292	2183154.229701483
293	2183116.807701483
294	2171985.2063951716
295	2171949.2627951712
296	2171919.4175951714
297	2171900.475595171
298	2171882.3651951714
299	2167273.8418440926
300	2167256.1010440923
301	2167238.5450440925
302	2167221.0814440926
303	2167203.8026440926
304	2164248.3886440927
305	2164232.0338440924
306	2164210.9666440925
307	2154941.3770999312
308	2139009.298149188
309	2131220.069719259
310	2120820.449719259
311	2113432.2862750688
312	2095940.1336139312
313	2090084.1848402098
314	2079120.7775229744
315	2071396.784322974
316	2065288.8671229745
317	2049168.5965243313
318	2039361.1681243314
319	2023531.026460559
320	2020105.111660559
321	2010591.6449415067
322	2008423.0169415069
323	2005265.2469415069
324	1996867.8425415067
