tcount: 	 cost:
1	118651.68435000023
2	118651.68435000023
3	118651.68435000023
4	118651.68435000023
5	118651.68435000023
6	118651.68435000023
7	118651.68435000023
8	118651.68435000023
9	118651.68435000023
10	118651.68435000023
11	118651.68435000023
12	118651.68435000023
13	118651.68435000023
14	118651.68435000023
15	118651.68435000023
16	118651.68435000023
17	118651.68435000023
18	118651.68435000023
19	118651.68435000023
20	118651.68435000023
21	118651.68435000023
22	118651.68435000023
23	118651.68435000023
24	118651.68435000023
25	118651.68435000023
26	118651.68435000023
27	118651.68435000023
28	118651.68435000023
29	118651.68435000023
30	118651.68435000023
31	118651.68435000023
32	118651.68435000023
33	118651.68435000023
34	118651.68435000023
35	118651.68435000023
36	118651.68435000023
37	118651.68435000023
38	118651.68435000023
39	118651.68435000023
40	118651.68435000023
41	118651.68435000023
42	118651.68435000023
43	118651.68435000023
44	118651.68435000023
45	118651.68435000023
46	118651.68435000023
47	118651.68435000023
48	118651.68435000023
49	118651.68435000023
50	118651.68435000023
51	118651.68435000023
52	118651.68435000023
53	118651.68435000023
54	118651.68435000023
55	118651.68435000023
56	118651.68435000023
57	118651.68435000023
58	118651.68435000023
59	118651.68435000023
60	118651.68435000023
61	118651.68435000023
62	118651.68435000023
63	118651.68435000023
64	118651.68435000023
65	118651.68435000023
66	118651.68435000023
67	118651.68435000023
68	118651.68435000023
69	118651.68435000023
70	118651.68435000023
71	118651.68435000023
72	118651.68435000023
73	118651.68435000023
74	118651.68435000023
75	118651.68435000023
76	118651.68435000023
77	118651.68435000023
78	118651.68435000023
79	118651.68435000023
80	118651.68435000023
81	118651.68435000023
82	118651.68435000023
83	118651.68435000023
84	118651.68435000023
85	118651.68435000023
86	118651.68435000023
87	118651.68435000023
88	118651.68435000023
89	118651.68435000023
90	118651.68435000023
91	118651.68435000023
92	118651.68435000023
93	118651.68435000023
94	118651.68435000023
95	118651.68435000023
96	118651.68435000023
97	118651.68435000023
98	118651.68435000023
99	118651.68435000023
100	118651.68435000023
101	118651.68435000023
102	118651.68435000023
103	118651.68435000023
104	118651.68435000023
105	118651.68435000023
106	118651.68435000023
107	118651.68435000023
108	118651.68435000023
109	118651.68435000023
110	118651.68435000023
111	118651.68435000023
112	118651.68435000023
113	118651.68435000023
114	118651.68435000023
115	118651.68435000023
116	118651.68435000023
117	118651.68435000023
118	118651.68435000023
119	118651.68435000023
120	118651.68435000023
121	118651.68435000023
122	118651.68435000023
123	118651.68435000023
124	118651.68435000023
125	118651.68435000023
126	118651.68435000023
127	118651.68435000023
128	118651.68435000023
129	118651.68435000023
130	118651.68435000023
131	118651.68435000023
132	118651.68435000023
133	118651.68435000023
134	118651.68435000023
135	118651.68435000023
136	118651.68435000023
137	118651.68435000023
138	118651.68435000023
139	118651.68435000023
140	118651.68435000023
141	118651.68435000023
142	118651.68435000023
143	118651.68435000023
144	118651.68435000023
145	118651.68435000023
146	118651.68435000023
147	118651.68435000023
148	118651.68435000023
149	118651.68435000023
150	118651.68435000023
151	118651.68435000023
152	118651.68435000023
153	118651.68435000023
154	118651.68435000023
155	118651.68435000023
156	118651.68435000023
157	118651.68435000023
158	118651.68435000023
159	118651.68435000023
160	118651.68435000023
161	118651.68435000023
162	118651.68435000023
163	118651.68435000023
164	118651.68435000023
165	118651.68435000023
166	118651.68435000023
167	118651.68435000023
168	118651.68435000023
169	118651.68435000023
170	118651.68435000023
171	118651.68435000023
172	118651.68435000023
173	118651.68435000023
174	118651.68435000023
175	118651.68435000023
176	118651.68435000023
177	118651.68435000023
178	118651.68435000023
179	118651.68435000023
180	118651.68435000023
181	118651.68435000023
182	118651.68435000023
183	118651.68435000023
184	118651.68435000023
185	118651.68435000023
186	118651.68435000023
187	118651.68435000023
188	118651.68435000023
189	118651.68435000023
190	118651.68435000023
191	118651.68435000023
192	118651.68435000023
193	118651.68435000023
194	118651.68435000023
195	118651.68435000023
196	118651.68435000023
197	118651.68435000023
198	118651.68435000023
199	118651.68435000023
200	118651.68435000023
201	118651.68435000023
202	118651.68435000023
203	118651.68435000023
204	118651.68435000023
205	118651.68435000023
206	118651.68435000023
207	118651.68435000023
208	118651.68435000023
209	118651.68435000023
210	118651.68435000023
211	118651.68435000023
212	118651.68435000023
213	118651.68435000023
214	118651.68435000023
215	118651.68435000023
216	118651.68435000023
217	118651.68435000023
218	118651.68435000023
219	118651.68435000023
220	118651.68435000023
221	118651.68435000023
222	118651.68435000023
223	118651.68435000023
224	118651.68435000023
225	118651.68435000023
226	118651.68435000023
227	118651.68435000023
228	118651.68435000023
229	118651.68435000023
230	118651.68435000023
231	118651.68435000023
232	118651.68435000023
233	118651.68435000023
234	118651.68435000023
235	118651.68435000023
236	118651.68435000023
237	118651.68435000023
238	118651.68435000023
239	118651.68435000023
240	118651.68435000023
241	118651.68435000023
242	118651.68435000023
243	118651.68435000023
244	118651.68435000023
245	118651.68435000023
246	118651.68435000023
247	118651.68435000023
248	118651.68435000023
249	118651.68435000023
250	118651.68435000023
251	118651.68435000023
252	118651.68435000023
253	118651.68435000023
254	118651.68435000023
255	118651.68435000023
256	118651.68435000023
257	118651.68435000023
258	118651.68435000023
259	118651.68435000023
260	118651.68435000023
261	118651.68435000023
262	118651.68435000023
263	118651.68435000023
264	118651.68435000023
265	118651.68435000023
266	118651.68435000023
267	118651.68435000023
268	118651.68435000023
269	118651.68435000023
270	118651.68435000023
271	118651.68435000023
272	118651.68435000023
273	118651.68435000023
274	118651.68435000023
275	118651.68435000023
276	118651.68435000023
277	118651.68435000023
278	118651.68435000023
279	118651.68435000023
280	118651.68435000023
281	118651.68435000023
282	118651.68435000023
283	118651.68435000023
284	118651.68435000023
285	118651.68435000023
286	118651.68435000023
287	118651.68435000023
288	118651.68435000023
289	118651.68435000023
290	118651.68435000023
291	118651.68435000023
292	118651.68435000023
293	118651.68435000023
294	118651.68435000023
295	118651.68435000023
296	118651.68435000023
297	118651.68435000023
298	118651.68435000023
299	118651.68435000023
300	118651.68435000023
301	118651.68435000023
302	118651.68435000023
303	118651.68435000023
304	118651.68435000023
305	118651.68435000023
306	118651.68435000023
307	118651.68435000023
308	118651.68435000023
309	118651.68435000023
310	118651.68435000023
311	118651.68435000023
312	118651.68435000023
313	118651.68435000023
314	118651.68435000023
315	118651.68435000023
316	118651.68435000023
317	118651.68435000023
318	118651.68435000023
319	118651.68435000023
320	118651.68435000023
321	118651.68435000023
322	118651.68435000023
323	118651.68435000023
324	118651.68435000023
325	118651.68435000023
326	118651.68435000023
327	118651.68435000023
328	118651.68435000023
329	118651.68435000023
330	118651.68435000023
331	118651.68435000023
332	118651.68435000023
333	118651.68435000023
334	118651.68435000023
335	118651.68435000023
336	118651.68435000023
337	118651.68435000023
338	118651.68435000023
339	118651.68435000023
340	118651.68435000023
341	118651.68435000023
342	118651.68435000023
343	118651.68435000023
344	118651.68435000023
345	118651.68435000023
346	118651.68435000023
347	118651.68435000023
348	118651.68435000023
349	118651.68435000023
350	118651.68435000023
351	118651.68435000023
352	118651.68435000023
353	118651.68435000023
354	118651.68435000023
355	118651.68435000023
356	118651.68435000023
357	118651.68435000023
358	118651.68435000023
359	118651.68435000023
360	118651.68435000023
361	118651.68435000023
362	118651.68435000023
363	118651.68435000023
364	118651.68435000023
365	118651.68435000023
366	118651.68435000023
367	118651.68435000023
368	118651.68435000023
369	118651.68435000023
370	118651.68435000023
371	118651.68435000023
372	118651.68435000023
373	118651.68435000023
374	118651.68435000023
375	118651.68435000023
376	118651.68435000023
377	118651.68435000023
378	118651.68435000023
379	118651.68435000023
380	118651.68435000023
381	118651.68435000023
382	118651.68435000023
383	118651.68435000023
384	118651.68435000023
385	118651.68435000023
386	118651.68435000023
387	118651.68435000023
388	118651.68435000023
389	118651.68435000023
390	118651.68435000023
391	118651.68435000023
392	118651.68435000023
393	118651.68435000023
394	118651.68435000023
395	118651.68435000023
396	118651.68435000023
397	118651.68435000023
398	118651.68435000023
399	118651.68435000023
