tcount: 	 cost:
1	1936137.894647108
2	1935835.6842110977
3	1935616.3347186577
4	1935477.729718171
5	1935344.5651075712
6	1935182.1044071056
7	1935039.6640187758
8	1934904.0495266903
9	1934783.6002653327
10	1934617.9827843981
11	1934471.783464038
12	1934324.6277306704
13	1934177.309349864
15	1934114.2163693968
16	1933965.5398248918
17	1933895.2695714475
18	1933786.82913273
19	1933677.4257835867
20	1933606.4423729477
21	1933551.96926535
22	1933255.8956500897
23	1933013.6923345835
24	1932770.2577716736
25	1932676.2627833947
26	1932529.8674555956
27	1932422.2895595178
28	1932314.5257821332
29	1932165.6963260025
30	1932022.69882946
31	1931951.2941965042
32	1931879.2625979797
33	1931813.3733935594
34	1931740.5855420274
35	1931667.5919472435
36	1931610.3176118026
37	1931315.384168396
38	1931108.3220078596
39	1930867.8059028056
40	1930621.587922911
41	1930518.7203790182
42	1930375.5626809327
43	1930217.8275933152
44	1930072.5082301497
45	1929933.5043010213
46	1929824.8953175398
47	1929754.1607459658
48	1929643.6754689834
49	1929572.1943802147
50	1929499.8277509995
51	1929369.8853385504
52	1929266.7314661948
53	1929162.9566525458
54	1929089.5849312583
55	1929033.1725120768
56	1928810.5145173622
57	1928646.4333264444
58	1928509.2079721338
59	1928364.1277122202
60	1928197.2948634464
61	1928090.600095843
62	1928020.4924898376
63	1927895.3521417652
64	1927786.0329930575
65	1927677.2566728578
66	1927565.977030214
67	1927464.2202757683
68	1927407.8078565868
69	1927078.222859355
70	1926843.0877069642
71	1926536.1155109468
72	1926380.8982155176
73	1926216.5469428578
74	1926092.748557372
75	1926023.1914611221
76	1925874.7540198693
77	1925733.602274441
78	1925633.4754908902
79	1925481.365309233
80	1925370.1381949547
81	1925257.725784036
82	1925184.9810283172
83	1925111.6093070298
84	1925038.2375857423
85	1924981.0063461142
86	1924685.9051901146
87	1924387.0147333688
88	1924083.2281640228
89	1923776.2559680054
90	1923617.8639741058
91	1923369.8412233235
92	1923119.9628612178
93	1922966.498079022
94	1922825.8940608944
95	1922661.0026247504
96	1922523.9116230328
97	1922455.5653621072
98	1922310.5281980068
99	1922172.3632881392
100	1922066.4408197966
101	1921907.0308366073
102	1921809.4654358916
103	1921663.3092113447
104	1921524.23810592
105	1921244.3506802525
106	1921136.8836133885
107	1920988.4461721356
108	1920918.1759186913
109	1920847.527538743
110	1920776.6303197301
111	1920625.9978533972
112	1920554.5932204414
113	1920483.1454916727
114	1920331.6330681453
115	1920221.3459657205
116	1920110.150523512
117	1920008.005680758
118	1919935.8447947947
119	1919863.5212613926
120	1919751.6562004464
121	1919678.9545405405
122	1919612.760293507
123	1919432.2598616187
124	1919358.3807263884
125	1919284.0039130284
126	1919226.9019608393
127	1919153.075657235
128	1919085.5087184429
129	1919017.5350561668
130	1918960.2176249127
131	1918890.9221113133
132	1916880.3311656276
133	1915870.3860160848
134	1913188.7908792682
135	1911920.6270559195
136	1909035.6777773472
137	1907530.5572667858
138	1903931.222222269
139	1900802.3908272495
140	1900666.1004034688
141	1900525.3768337152
142	1900397.4306851462
143	1900291.7154299556
144	1900193.6067056083
145	1900129.2427142533
146	1898636.3606570563
147	1898436.0579109688
148	1898195.710206786
149	1898039.2728240932
150	1897888.1621512566
151	1897737.0945742328
152	1897589.6232818004
153	1897443.5866088793
154	1897302.971817526
155	1897176.1790362203
156	1897066.3955278706
157	1896868.1600199726
158	1896791.7730224677
159	1896718.779427684
160	1896651.8734145535
161	1895817.5815712097
162	1893214.595928207
163	1893106.3232020824
164	1882472.688288306
165	1874254.1475386512
166	1873967.295834516
167	1873750.5041745948
168	1873536.4329946316
169	1873326.7699057634
170	1873155.8683504236
171	1872987.7184529398
172	1872822.3710537471
173	1872516.2453212675
174	1872370.8984795357
175	1872225.6222121832
176	1872082.019667594
177	1871938.4171230048
178	1871795.1398732935
179	1871653.7532389758
180	1871380.1081896157
181	1871253.81447428
182	1871128.3636555609
183	1871003.9552264435
184	1870881.043995236
185	1870759.1308959685
186	1870644.3114468686
187	1870417.8978937082
188	1870306.6036031335
189	1870196.0166452802
190	1870085.9539713464
191	1869975.9421378481
192	1869866.5278709803
193	1869651.4229192599
194	1869544.9269510212
195	1869438.5342486035
196	1869335.7622544996
197	1868495.1784224617
198	1868292.906796157
199	1868192.391924298
200	1868091.9546701005
201	1867992.6040631665
202	1867893.5639268793
203	1867795.2999672086
204	1867602.031989657
205	1867507.29264381
206	1867413.8292075645
207	1866341.7777640484
208	1866248.8544424272
209	1866068.2726969703
210	1864948.3418052415
211	1864859.5432095523
212	1864771.294389375
213	1864683.6359655394
214	1863350.2886679526
215	1863263.870952267
216	1863177.574805323
217	1863091.7607637125
218	1861612.6934467657
219	1861530.8364184943
220	1861450.6560598551
221	1861372.58833233
222	1859863.933207585
223	1859710.7234668694
224	1859635.427753063
225	1859560.9856596976
226	1859486.6088463375
227	1859338.1795729802
228	1859264.5590126277
229	1859191.18729134
230	1859118.2367923693
231	1858972.5415376795
232	1858900.0887168385
233	1858827.7651834365
234	1858755.6904890991
235	1858611.962322741
236	1858540.2226590945
237	1858468.5131422784
238	1856816.1052504089
239	1856744.4517783883
240	1856672.8773024434
241	1856601.4295736747
242	1856459.8856843784
243	1856389.3631983462
244	1856319.3742519824
245	1854645.7527625132
246	1854576.0338978914
247	1854506.9727571893
248	1854438.0426265083
249	1852721.005122203
250	1852652.5175049847
251	1852584.2574356853
252	1852448.989835636
253	1852381.9193471281
254	1852315.2166957397
255	1852183.6232910862
256	1850474.2709653259
257	1850408.6359630832
258	1850278.0777246947
259	1850213.154488549
260	1850148.9737248854
261	1850022.0725581124
262	1849959.8603392192
263	1848215.0832551955
264	1848093.2191807912
265	1848034.1971779782
266	1847976.2414039858
267	1846040.3774852396
268	1845983.1031497987
269	1845925.9581017967
270	1845818.8627360018
271	1845766.8306363046
272	1843848.2481385604
273	1843752.450300129
274	1843705.9389965788
275	1843616.7103598602
276	1843572.25479241
277	1841532.486868586
278	1841445.5449202638
279	1841402.3895051677
280	1841359.4398333235
281	1841273.8560486997
282	1839216.5050331824
283	1839131.3563592497
284	1839088.884893909
285	1839046.6094360074
286	1838962.64741399
287	1838921.055905844
288	1838838.1282134398
289	1838796.8167838594
290	1838755.6390326773
291	1838673.417882906
292	1834290.3009995644
293	1834208.2659017097
294	1834167.390215713
295	1834086.0645423091
296	1834046.262764463
297	1834006.507626519
298	1833927.4755571352
299	1833888.2107333639
300	1833810.9621234336
301	1833772.536318923
302	1829285.6126833316
303	1829247.574363964
304	1829172.1992645748
305	1829134.847368214
306	1829060.8996433914
307	1829024.339039348
308	1828952.8466234824
309	1828917.5579442887
310	1828847.746987227
311	1828813.133348645
312	1825672.5687357301
313	1825638.5258675194
314	1825571.3315590834
315	1825537.8108773758
316	1825471.4621987508
317	1825438.5500013982
318	1825373.0449689194
319	1825340.5045341798
320	1825276.223169707
321	1825244.2393569802
322	1822079.779854943
323	1822016.662097614
324	1821985.3049123713
325	1821922.843861619
326	1821891.8587982026
327	1821830.7029948889
328	1821800.2186452032
329	1821739.642017722
330	1821679.9402828384
331	1818874.6728171494
332	1818815.1660260092
333	1818785.4487717384
334	1818726.3817312098
335	1818667.625161328
336	1818638.4838812742
337	1818580.8915763174
338	1818552.5771720633
339	1818497.0029263094
340	1815251.6588380756
341	1815225.1912154472
342	1815174.0353228764
343	1815125.7575433997
344	1815102.8461689856
345	1815057.540569913
346	1815012.387882467
347	1814989.8977303696
348	1814945.3386484918
349	1814901.2438847437
350	1813492.3871445248
351	1813470.4475021833
352	1813426.644673313
353	1813383.0906835077
354	1813339.5797895154
355	1813317.8458904256
356	1813274.5310038722
357	1813231.2689489445
358	1813188.3850205208
359	1813166.943056309
360	1810117.6187275066
361	1810074.8209907087
362	1810032.1094455367
363	1810010.873224577
364	1809968.4869742831
365	1809926.273107241
366	1809884.2316234508
367	1809842.2763312864
368	1809800.354399122
369	1808878.7280645145
370	1808836.849228163
371	1808795.1761350636
372	1808753.5461377772
373	1808711.9592363036
374	1808670.501622269
375	1808629.0440082343
376	1808587.6294900128
377	1808566.9868746214
378	1807616.1697741
379	1807575.0374549432
380	1807533.9051357866
381	1807492.8687440688
382	1807451.8754481638
383	1807411.0017038847
384	1807370.2572470447
385	1807329.7185334566
386	1807289.2562756813
387	1805938.745779293
388	1805898.5973170083
389	1805858.632737363
390	1805818.6681577174
391	1805778.713313885
392	1805738.8544049684
393	1805699.1658881134
394	1805659.629892565
395	1804900.7409609044
396	1804861.5554852919
397	1804822.514786363
398	1804783.4788429772
399	1804744.615282843
400	1804706.0102975864
401	1804667.6972472083
402	1804610.728528827
403	1801448.5885366309
404	1801410.892716008
405	1801373.4554702633
406	1801336.1894310347
407	1801280.4357372436
408	1801243.3327386621
409	1801206.8574891766
410	1801170.732966512
411	1800194.185039364
412	1800140.7119721232
413	1800105.4763618275
414	1800070.7104327742
415	1800036.2217107022
416	1800019.139324371
