0	0.00	0.00	0.00	0.00	0.00	0.00	0.00	0.00	0.00	0.00	0.00	0.00	0.00	0.00	0.00
1	15.12	18.14	24.74	18.14	24.74	12.96	24.74	34.01	18.14	34.01	34.01	15.12	12.96	15.12	18.14
2	15.23	18.27	24.91	18.27	24.91	13.05	24.91	34.26	18.27	34.26	34.26	15.23	13.05	15.23	18.27
3	15.05	18.06	24.63	18.06	24.63	12.90	24.63	33.86	18.06	33.86	33.86	15.05	12.90	15.05	18.06
4	15.47	18.56	25.31	18.56	25.31	13.26	25.31	34.80	18.56	34.80	34.80	15.47	13.26	15.47	18.56
5	14.98	17.97	24.50	17.97	24.50	12.84	24.50	33.69	17.97	33.69	33.69	14.98	12.84	14.98	17.97
6	14.97	17.96	24.49	17.96	24.49	12.83	24.49	33.68	17.96	33.68	33.68	14.97	12.83	14.97	17.96
7	15.02	18.02	24.57	18.02	24.57	12.87	24.57	33.79	18.02	33.79	33.79	15.02	12.87	15.02	18.02
8	15.33	18.39	25.08	18.39	25.08	13.14	25.08	34.48	18.39	34.48	34.48	15.33	13.14	15.33	18.39
800	199.95	239.94	327.19	239.94	327.19	171.39	327.19	449.89	239.94	449.89	449.89	199.95	171.39	199.95	239.94
9	14.53	17.44	23.78	17.44	23.78	12.46	23.78	32.70	17.44	32.70	32.70	14.53	12.46	14.53	17.44
801	394.03	472.84	644.78	472.84	644.78	337.74	644.78	886.58	472.84	886.58	886.58	394.03	337.74	394.03	472.84
802	283.83	340.60	464.45	340.60	464.45	243.29	464.45	638.63	340.60	638.63	638.63	283.83	243.29	283.83	340.60
803	292.68	351.22	478.94	351.22	478.94	250.87	478.94	658.54	351.22	658.54	658.54	292.68	250.87	292.68	351.22
804	472.33	566.80	772.91	566.80	772.91	404.86	772.91	1062.75	566.80	1062.75	1062.75	472.33	404.86	472.33	566.80
805	428.78	514.54	701.65	514.54	701.65	367.53	701.65	964.76	514.54	964.76	964.76	428.78	367.53	428.78	514.54
806	329.46	395.35	539.11	395.35	539.11	282.39	539.11	741.28	395.35	741.28	741.28	329.46	282.39	329.46	395.35
807	467.08	560.49	764.30	560.49	764.30	400.35	764.30	1050.92	560.49	1050.92	1050.92	467.08	400.35	467.08	560.49
808	551.93	662.32	903.16	662.32	903.16	473.09	903.16	1241.85	662.32	1241.85	1241.85	551.93	473.09	551.93	662.32
809	297.74	357.29	487.21	357.29	487.21	255.21	487.21	669.92	357.29	669.92	669.92	297.74	255.21	297.74	357.29
1000	4.53	5.44	7.42	5.44	7.42	3.89	7.42	10.20	5.44	10.20	10.20	4.53	3.89	4.53	5.44
810	533.18	639.81	872.47	639.81	872.47	457.01	872.47	1199.64	639.81	1199.64	1199.64	533.18	457.01	533.18	639.81
811	473.19	567.83	774.31	567.83	774.31	405.59	774.31	1064.68	567.83	1064.68	1064.68	473.19	405.59	473.19	567.83
812	505.64	606.77	827.41	606.77	827.41	433.41	827.41	1137.69	606.77	1137.69	1137.69	505.64	433.41	505.64	606.77
813	233.38	280.05	381.89	280.05	381.89	200.04	381.89	525.09	280.05	525.09	525.09	233.38	200.04	233.38	280.05
814	277.37	332.84	453.87	332.84	453.87	237.74	453.87	624.07	332.84	624.07	624.07	277.37	237.74	277.37	332.84
815	385.30	462.36	630.49	462.36	630.49	330.26	630.49	866.93	462.36	866.93	866.93	385.30	330.26	385.30	462.36
816	192.77	231.32	315.44	231.32	315.44	165.23	315.44	433.73	231.32	433.73	433.73	192.77	165.23	192.77	231.32
817	420.26	504.31	687.70	504.31	687.70	360.22	687.70	945.58	504.31	945.58	945.58	420.26	360.22	420.26	504.31
818	268.23	321.87	438.91	321.87	438.91	229.91	438.91	603.51	321.87	603.51	603.51	268.23	229.91	268.23	321.87
819	280.92	337.10	459.68	337.10	459.68	240.79	459.68	632.06	337.10	632.06	632.06	280.92	240.79	280.92	337.10
820	202.04	242.45	330.61	242.45	330.61	173.18	330.61	454.59	242.45	454.59	454.59	202.04	173.18	202.04	242.45
821	310.48	372.57	508.05	372.57	508.05	266.12	508.05	698.57	372.57	698.57	698.57	310.48	266.12	310.48	372.57
1001	0.00	0.00	0.00	0.00	0.00	0.00	0.00	0.00	0.00	0.00	0.00	0.00	0.00	0.00	0.00
822	511.69	614.03	837.31	614.03	837.31	438.59	837.31	1151.31	614.03	1151.31	1151.31	511.69	438.59	511.69	614.03
823	341.81	410.17	559.32	410.17	559.32	292.98	559.32	769.07	410.17	769.07	769.07	341.81	292.98	341.81	410.17
824	443.99	532.79	726.53	532.79	726.53	380.56	726.53	998.98	532.79	998.98	998.98	443.99	380.56	443.99	532.79
825	531.25	637.50	869.32	637.50	869.32	455.36	869.32	1195.31	637.50	1195.31	1195.31	531.25	455.36	531.25	637.50
826	317.98	381.57	520.32	381.57	520.32	272.55	520.32	715.44	381.57	715.44	715.44	317.98	272.55	317.98	381.57
827	347.40	416.88	568.47	416.88	568.47	297.77	568.47	781.65	416.88	781.65	781.65	347.40	297.77	347.40	416.88
828	305.93	367.12	500.62	367.12	500.62	262.23	500.62	688.35	367.12	688.35	688.35	305.93	262.23	305.93	367.12
829	573.73	688.47	938.82	688.47	938.82	491.76	938.82	1290.88	688.47	1290.88	1290.88	573.73	491.76	573.73	688.47
830	476.03	571.24	778.96	571.24	778.96	408.03	778.96	1071.08	571.24	1071.08	1071.08	476.03	408.03	476.03	571.24
831	561.20	673.44	918.33	673.44	918.33	481.03	918.33	1262.70	673.44	1262.70	1262.70	561.20	481.03	561.20	673.44
832	412.53	495.03	675.04	495.03	675.04	353.59	675.04	928.18	495.03	928.18	928.18	412.53	353.59	412.53	495.03
833	303.64	364.37	496.87	364.37	496.87	260.26	496.87	683.19	364.37	683.19	683.19	303.64	260.26	303.64	364.37
834	279.14	334.97	456.78	334.97	456.78	239.26	456.78	628.07	334.97	628.07	628.07	279.14	239.26	279.14	334.97
835	432.64	519.17	707.96	519.17	707.96	370.84	707.96	973.44	519.17	973.44	973.44	432.64	370.84	432.64	519.17
836	422.12	506.54	690.74	506.54	690.74	361.81	690.74	949.76	506.54	949.76	949.76	422.12	361.81	422.12	506.54
837	434.17	521.00	710.45	521.00	710.45	372.14	710.45	976.88	521.00	976.88	976.88	434.17	372.14	434.17	521.00
838	526.18	631.41	861.01	631.41	861.01	451.01	861.01	1183.89	631.41	1183.89	1183.89	526.18	451.01	526.18	631.41
839	394.64	473.57	645.78	473.57	645.78	338.26	645.78	887.94	473.57	887.94	887.94	394.64	338.26	394.64	473.57
840	570.36	684.43	933.31	684.43	933.31	488.88	933.31	1283.31	684.43	1283.31	1283.31	570.36	488.88	570.36	684.43
841	470.36	564.43	769.68	564.43	769.68	403.16	769.68	1058.31	564.43	1058.31	1058.31	470.36	403.16	470.36	564.43
600	4.26	5.11	6.97	5.11	6.97	3.65	6.97	9.58	5.11	9.58	9.58	4.26	3.65	4.26	5.11
842	419.41	503.29	686.30	503.29	686.30	359.49	686.30	943.67	503.29	943.67	943.67	419.41	359.49	419.41	503.29
601	4.42	5.30	7.23	5.30	7.23	3.79	7.23	9.94	5.30	9.94	9.94	4.42	3.79	4.42	5.30
843	466.98	560.37	764.14	560.37	764.14	400.26	764.14	1050.69	560.37	1050.69	1050.69	466.98	400.26	466.98	560.37
602	4.11	4.93	6.72	4.93	6.72	3.52	6.72	9.24	4.93	9.24	9.24	4.11	3.52	4.11	4.93
844	324.77	389.72	531.44	389.72	531.44	278.37	531.44	730.73	389.72	730.73	730.73	324.77	278.37	324.77	389.72
603	4.07	4.88	6.65	4.88	6.65	3.49	6.65	9.15	4.88	9.15	9.15	4.07	3.49	4.07	4.88
845	317.51	381.01	519.56	381.01	519.56	272.15	519.56	714.39	381.01	714.39	714.39	317.51	272.15	317.51	381.01
604	4.30	5.16	7.04	5.16	7.04	3.69	7.04	9.68	5.16	9.68	9.68	4.30	3.69	4.30	5.16
846	300.83	360.99	492.26	360.99	492.26	257.85	492.26	676.86	360.99	676.86	676.86	300.83	257.85	300.83	360.99
605	4.26	5.11	6.97	5.11	6.97	3.65	6.97	9.58	5.11	9.58	9.58	4.26	3.65	4.26	5.11
847	228.76	274.51	374.33	274.51	374.33	196.08	374.33	514.71	274.51	514.71	514.71	228.76	196.08	228.76	274.51
606	4.09	4.91	6.70	4.91	6.70	3.51	6.70	9.21	4.91	9.21	9.21	4.09	3.51	4.09	4.91
848	337.52	405.02	552.30	405.02	552.30	289.30	552.30	759.41	405.02	759.41	759.41	337.52	289.30	337.52	405.02
607	4.53	5.43	7.40	5.43	7.40	3.88	7.40	10.18	5.43	10.18	10.18	4.53	3.88	4.53	5.43
849	499.18	599.01	816.83	599.01	816.83	427.86	816.83	1123.14	599.01	1123.14	1123.14	499.18	427.86	499.18	599.01
608	4.34	5.21	7.10	5.21	7.10	3.72	7.10	9.77	5.21	9.77	9.77	4.34	3.72	4.34	5.21
609	4.93	5.92	8.07	5.92	8.07	4.23	8.07	11.10	5.92	11.10	11.10	4.93	4.23	4.93	5.92
850	376.05	451.26	615.35	451.26	615.35	322.33	615.35	846.11	451.26	846.11	846.11	376.05	322.33	376.05	451.26
851	415.69	498.83	680.22	498.83	680.22	356.31	680.22	935.31	498.83	935.31	935.31	415.69	356.31	415.69	498.83
610	4.61	5.53	7.54	5.53	7.54	3.95	7.54	10.37	5.53	10.37	10.37	4.61	3.95	4.61	5.53
852	362.05	434.46	592.45	434.46	592.45	310.33	592.45	814.61	434.46	814.61	814.61	362.05	310.33	362.05	434.46
611	4.33	5.19	7.08	5.19	7.08	3.71	7.08	9.73	5.19	9.73	9.73	4.33	3.71	4.33	5.19
853	303.18	363.82	496.12	363.82	496.12	259.87	496.12	682.16	363.82	682.16	682.16	303.18	259.87	303.18	363.82
612	3.99	4.79	6.53	4.79	6.53	3.42	6.53	8.98	4.79	8.98	8.98	3.99	3.42	3.99	4.79
854	408.42	490.10	668.32	490.10	668.32	350.07	668.32	918.94	490.10	918.94	918.94	408.42	350.07	408.42	490.10
613	4.55	5.46	7.45	5.46	7.45	3.90	7.45	10.24	5.46	10.24	10.24	4.55	3.90	4.55	5.46
855	379.96	455.95	621.75	455.95	621.75	325.68	621.75	854.91	455.95	854.91	854.91	379.96	325.68	379.96	455.95
614	4.33	5.20	7.09	5.20	7.09	3.71	7.09	9.75	5.20	9.75	9.75	4.33	3.71	4.33	5.20
856	508.44	610.13	832.00	610.13	832.00	435.81	832.00	1143.99	610.13	1143.99	1143.99	508.44	435.81	508.44	610.13
615	4.63	5.56	7.58	5.56	7.58	3.97	7.58	10.43	5.56	10.43	10.43	4.63	3.97	4.63	5.56
857	301.73	362.08	493.75	362.08	493.75	258.63	493.75	678.90	362.08	678.90	678.90	301.73	258.63	301.73	362.08
616	4.57	5.48	7.47	5.48	7.47	3.91	7.47	10.28	5.48	10.28	10.28	4.57	3.91	4.57	5.48
858	313.32	375.98	512.70	375.98	512.70	268.56	512.70	704.96	375.98	704.96	704.96	313.32	268.56	313.32	375.98
617	4.18	5.01	6.83	5.01	6.83	3.58	6.83	9.39	5.01	9.39	9.39	4.18	3.58	4.18	5.01
859	280.95	337.14	459.74	337.14	459.74	240.81	459.74	632.14	337.14	632.14	632.14	280.95	240.81	280.95	337.14
618	4.47	5.36	7.31	5.36	7.31	3.83	7.31	10.05	5.36	10.05	10.05	4.47	3.83	4.47	5.36
619	4.27	5.12	6.98	5.12	6.98	3.66	6.98	9.60	5.12	9.60	9.60	4.27	3.66	4.27	5.12
860	564.15	676.98	923.15	676.98	923.15	483.56	923.15	1269.34	676.98	1269.34	1269.34	564.15	483.56	564.15	676.98
861	222.31	266.77	363.78	266.77	363.78	190.55	363.78	500.19	266.77	500.19	500.19	222.31	190.55	222.31	266.77
620	3.87	4.64	6.33	4.64	6.33	3.31	6.33	8.70	4.64	8.70	8.70	3.87	3.31	3.87	4.64
862	325.93	391.11	533.33	391.11	533.33	279.36	533.33	733.33	391.11	733.33	733.33	325.93	279.36	325.93	391.11
621	4.53	5.44	7.42	5.44	7.42	3.89	7.42	10.20	5.44	10.20	10.20	4.53	3.89	4.53	5.44
863	567.06	680.47	927.91	680.47	927.91	486.05	927.91	1275.88	680.47	1275.88	1275.88	567.06	486.05	567.06	680.47
622	4.38	5.26	7.17	5.26	7.17	3.76	7.17	9.86	5.26	9.86	9.86	4.38	3.76	4.38	5.26
864	394.08	472.90	644.86	472.90	644.86	337.79	644.86	886.69	472.90	886.69	886.69	394.08	337.79	394.08	472.90
623	4.06	4.87	6.64	4.87	6.64	3.48	6.64	9.13	4.87	9.13	9.13	4.06	3.48	4.06	4.87
865	566.34	679.61	926.74	679.61	926.74	485.44	926.74	1274.27	679.61	1274.27	1274.27	566.34	485.44	566.34	679.61
624	4.22	5.06	6.90	5.06	6.90	3.61	6.90	9.49	5.06	9.49	9.49	4.22	3.61	4.22	5.06
866	548.88	658.65	898.16	658.65	898.16	470.46	898.16	1234.97	658.65	1234.97	1234.97	548.88	470.46	548.88	658.65
625	4.18	5.02	6.85	5.02	6.85	3.59	6.85	9.41	5.02	9.41	9.41	4.18	3.59	4.18	5.02
867	408.27	489.92	668.07	489.92	668.07	349.94	668.07	918.60	489.92	918.60	918.60	408.27	349.94	408.27	489.92
626	4.65	5.58	7.61	5.58	7.61	3.99	7.61	10.46	5.58	10.46	10.46	4.65	3.99	4.65	5.58
868	289.72	347.66	474.08	347.66	474.08	248.33	474.08	651.86	347.66	651.86	651.86	289.72	248.33	289.72	347.66
627	4.47	5.36	7.31	5.36	7.31	3.83	7.31	10.05	5.36	10.05	10.05	4.47	3.83	4.47	5.36
869	361.92	434.30	592.23	434.30	592.23	310.21	592.23	814.31	434.30	814.31	814.31	361.92	310.21	361.92	434.30
628	4.28	5.14	7.01	5.14	7.01	3.67	7.01	9.64	5.14	9.64	9.64	4.28	3.67	4.28	5.14
629	4.48	5.38	7.34	5.38	7.34	3.84	7.34	10.09	5.38	10.09	10.09	4.48	3.84	4.48	5.38
870	515.03	618.03	842.77	618.03	842.77	441.45	842.77	1158.81	618.03	1158.81	1158.81	515.03	441.45	515.03	618.03
871	502.99	603.59	823.08	603.59	823.08	431.14	823.08	1131.73	603.59	1131.73	1131.73	502.99	431.14	502.99	603.59
630	3.63	4.36	5.95	4.36	5.95	3.11	5.95	8.18	4.36	8.18	8.18	3.63	3.11	3.63	4.36
872	284.82	341.78	466.06	341.78	466.06	244.13	466.06	640.84	341.78	640.84	640.84	284.82	244.13	284.82	341.78
631	4.18	5.02	6.85	5.02	6.85	3.59	6.85	9.41	5.02	9.41	9.41	4.18	3.59	4.18	5.02
873	406.58	487.89	665.30	487.89	665.30	348.49	665.30	914.79	487.89	914.79	914.79	406.58	348.49	406.58	487.89
632	3.85	4.62	6.30	4.62	6.30	3.30	6.30	8.66	4.62	8.66	8.66	3.85	3.30	3.85	4.62
874	322.75	387.30	528.14	387.30	528.14	276.64	528.14	726.19	387.30	726.19	726.19	322.75	276.64	322.75	387.30
633	4.61	5.53	7.54	5.53	7.54	3.95	7.54	10.37	5.53	10.37	10.37	4.61	3.95	4.61	5.53
875	219.28	263.14	358.83	263.14	358.83	187.96	358.83	493.39	263.14	493.39	493.39	219.28	187.96	219.28	263.14
634	4.29	5.15	7.02	5.15	7.02	3.68	7.02	9.66	5.15	9.66	9.66	4.29	3.68	4.29	5.15
876	417.57	501.08	683.29	501.08	683.29	357.91	683.29	939.53	501.08	939.53	939.53	417.57	357.91	417.57	501.08
635	4.43	5.31	7.24	5.31	7.24	3.79	7.24	9.96	5.31	9.96	9.96	4.43	3.79	4.43	5.31
877	459.60	551.52	752.07	551.52	752.07	393.94	752.07	1034.10	551.52	1034.10	1034.10	459.60	393.94	459.60	551.52
636	4.33	5.19	7.08	5.19	7.08	3.71	7.08	9.73	5.19	9.73	9.73	4.33	3.71	4.33	5.19
878	266.28	319.53	435.72	319.53	435.72	228.24	435.72	599.12	319.53	599.12	599.12	266.28	228.24	266.28	319.53
637	4.55	5.46	7.45	5.46	7.45	3.90	7.45	10.24	5.46	10.24	10.24	4.55	3.90	4.55	5.46
879	407.77	489.32	667.25	489.32	667.25	349.51	667.25	917.48	489.32	917.48	917.48	407.77	349.51	407.77	489.32
638	4.25	5.10	6.95	5.10	6.95	3.64	6.95	9.56	5.10	9.56	9.56	4.25	3.64	4.25	5.10
639	4.23	5.08	6.93	5.08	6.93	3.63	6.93	9.53	5.08	9.53	9.53	4.23	3.63	4.23	5.08
880	270.64	324.77	442.87	324.77	442.87	231.98	442.87	608.94	324.77	608.94	608.94	270.64	231.98	270.64	324.77
881	438.43	526.12	717.44	526.12	717.44	375.80	717.44	986.48	526.12	986.48	986.48	438.43	375.80	438.43	526.12
640	4.28	5.13	7.00	5.13	7.00	3.66	7.00	9.62	5.13	9.62	9.62	4.28	3.66	4.28	5.13
882	307.09	368.51	502.51	368.51	502.51	263.22	502.51	690.96	368.51	690.96	690.96	307.09	263.22	307.09	368.51
641	4.23	5.07	6.91	5.07	6.91	3.62	6.91	9.51	5.07	9.51	9.51	4.23	3.62	4.23	5.07
883	358.20	429.84	586.15	429.84	586.15	307.03	586.15	805.95	429.84	805.95	805.95	358.20	307.03	358.20	429.84
400	269.70	323.64	441.33	323.64	441.33	231.17	441.33	606.83	323.64	606.83	606.83	269.70	231.17	269.70	323.64
642	3.80	4.56	6.22	4.56	6.22	3.26	6.22	8.55	4.56	8.55	8.55	3.80	3.26	3.80	4.56
884	227.01	272.41	371.47	272.41	371.47	194.58	371.47	510.77	272.41	510.77	510.77	227.01	194.58	227.01	272.41
401	490.05	588.06	801.90	588.06	801.90	420.04	801.90	1102.61	588.06	1102.61	1102.61	490.05	420.04	490.05	588.06
643	4.38	5.26	7.17	5.26	7.17	3.76	7.17	9.86	5.26	9.86	9.86	4.38	3.76	4.38	5.26
885	482.88	579.46	790.17	579.46	790.17	413.90	790.17	1086.49	579.46	1086.49	1086.49	482.88	413.90	482.88	579.46
402	432.39	518.87	707.55	518.87	707.55	370.62	707.55	972.88	518.87	972.88	972.88	432.39	370.62	432.39	518.87
644	4.07	4.89	6.67	4.89	6.67	3.49	6.67	9.17	4.89	9.17	9.17	4.07	3.49	4.07	4.89
886	200.30	240.36	327.76	240.36	327.76	171.69	327.76	450.68	240.36	450.68	450.68	200.30	171.69	200.30	240.36
403	458.65	550.38	750.52	550.38	750.52	393.13	750.52	1031.96	550.38	1031.96	1031.96	458.65	393.13	458.65	550.38
645	4.51	5.41	7.38	5.41	7.38	3.86	7.38	10.14	5.41	10.14	10.14	4.51	3.86	4.51	5.41
887	318.66	382.39	521.44	382.39	521.44	273.14	521.44	716.98	382.39	716.98	716.98	318.66	273.14	318.66	382.39
404	511.07	613.28	836.29	613.28	836.29	438.06	836.29	1149.90	613.28	1149.90	1149.90	511.07	438.06	511.07	613.28
646	4.39	5.27	7.19	5.27	7.19	3.76	7.19	9.88	5.27	9.88	9.88	4.39	3.76	4.39	5.27
888	350.29	420.35	573.20	420.35	573.20	300.25	573.20	788.16	420.35	788.16	788.16	350.29	300.25	350.29	420.35
405	317.63	381.16	519.76	381.16	519.76	272.26	519.76	714.68	381.16	714.68	714.68	317.63	272.26	317.63	381.16
647	4.60	5.52	7.53	5.52	7.53	3.94	7.53	10.35	5.52	10.35	10.35	4.60	3.94	4.60	5.52
889	253.35	304.02	414.57	304.02	414.57	217.16	414.57	570.04	304.02	570.04	570.04	253.35	217.16	253.35	304.02
406	492.60	591.12	806.07	591.12	806.07	422.23	806.07	1108.35	591.12	1108.35	1108.35	492.60	422.23	492.60	591.12
648	4.18	5.02	6.85	5.02	6.85	3.59	6.85	9.41	5.02	9.41	9.41	4.18	3.59	4.18	5.02
407	499.54	599.45	817.43	599.45	817.43	428.18	817.43	1123.97	599.45	1123.97	1123.97	499.54	428.18	499.54	599.45
649	4.35	5.22	7.12	5.22	7.12	3.73	7.12	9.79	5.22	9.79	9.79	4.35	3.73	4.35	5.22
408	267.83	321.40	438.27	321.40	438.27	229.57	438.27	602.62	321.40	602.62	602.62	267.83	229.57	267.83	321.40
409	513.23	615.87	839.82	615.87	839.82	439.91	839.82	1154.76	615.87	1154.76	1154.76	513.23	439.91	513.23	615.87
890	447.66	537.19	732.53	537.19	732.53	383.71	732.53	1007.23	537.19	1007.23	1007.23	447.66	383.71	447.66	537.19
891	552.19	662.63	903.59	662.63	903.59	473.31	903.59	1242.43	662.63	1242.43	1242.43	552.19	473.31	552.19	662.63
650	4.18	5.02	6.85	5.02	6.85	3.59	6.85	9.41	5.02	9.41	9.41	4.18	3.59	4.18	5.02
892	345.00	414.00	564.55	414.00	564.55	295.71	564.55	776.25	414.00	776.25	776.25	345.00	295.71	345.00	414.00
651	4.63	5.55	7.57	5.55	7.57	3.96	7.57	10.41	5.55	10.41	10.41	4.63	3.96	4.63	5.55
893	219.14	262.97	358.60	262.97	358.60	187.84	358.60	493.07	262.97	493.07	493.07	219.14	187.84	219.14	262.97
410	454.26	545.11	743.33	545.11	743.33	389.36	743.33	1022.08	545.11	1022.08	1022.08	454.26	389.36	454.26	545.11
652	3.87	4.64	6.33	4.64	6.33	3.31	6.33	8.70	4.64	8.70	8.70	3.87	3.31	3.87	4.64
894	543.71	652.45	889.70	652.45	889.70	466.04	889.70	1223.34	652.45	1223.34	1223.34	543.71	466.04	543.71	652.45
411	398.77	478.52	652.53	478.52	652.53	341.80	652.53	897.23	478.52	897.23	897.23	398.77	341.80	398.77	478.52
653	4.10	4.92	6.71	4.92	6.71	3.51	6.71	9.23	4.92	9.23	9.23	4.10	3.51	4.10	4.92
895	311.97	374.36	510.49	374.36	510.49	267.40	510.49	701.93	374.36	701.93	701.93	311.97	267.40	311.97	374.36
412	296.61	355.93	485.36	355.93	485.36	254.24	485.36	667.37	355.93	667.37	667.37	296.61	254.24	296.61	355.93
654	3.98	4.78	6.52	4.78	6.52	3.41	6.52	8.96	4.78	8.96	8.96	3.98	3.41	3.98	4.78
896	567.08	680.50	927.95	680.50	927.95	486.07	927.95	1275.94	680.50	1275.94	1275.94	567.08	486.07	567.08	680.50
413	320.55	384.66	524.54	384.66	524.54	274.76	524.54	721.24	384.66	721.24	721.24	320.55	274.76	320.55	384.66
655	4.41	5.29	7.21	5.29	7.21	3.78	7.21	9.92	5.29	9.92	9.92	4.41	3.78	4.41	5.29
897	476.30	571.56	779.40	571.56	779.40	408.26	779.40	1071.68	571.56	1071.68	1071.68	476.30	408.26	476.30	571.56
414	200.10	240.12	327.44	240.12	327.44	171.51	327.44	450.23	240.12	450.23	450.23	200.10	171.51	200.10	240.12
656	4.26	5.11	6.97	5.11	6.97	3.65	6.97	9.58	5.11	9.58	9.58	4.26	3.65	4.26	5.11
898	456.53	547.84	747.05	547.84	747.05	391.31	747.05	1027.20	547.84	1027.20	1027.20	456.53	391.31	456.53	547.84
415	414.49	497.39	678.26	497.39	678.26	355.28	678.26	932.61	497.39	932.61	932.61	414.49	355.28	414.49	497.39
657	4.44	5.33	7.27	5.33	7.27	3.81	7.27	9.99	5.33	9.99	9.99	4.44	3.81	4.44	5.33
899	219.08	262.89	358.49	262.89	358.49	187.78	358.49	492.92	262.89	492.92	492.92	219.08	187.78	219.08	262.89
416	458.13	549.75	749.66	549.75	749.66	392.68	749.66	1030.78	549.75	1030.78	1030.78	458.13	392.68	458.13	549.75
658	4.30	5.16	7.04	5.16	7.04	3.69	7.04	9.68	5.16	9.68	9.68	4.30	3.69	4.30	5.16
417	276.33	331.59	452.17	331.59	452.17	236.85	452.17	621.73	331.59	621.73	621.73	276.33	236.85	276.33	331.59
659	4.33	5.19	7.08	5.19	7.08	3.71	7.08	9.73	5.19	9.73	9.73	4.33	3.71	4.33	5.19
418	329.52	395.42	539.21	395.42	539.21	282.44	539.21	741.41	395.42	741.41	741.41	329.52	282.44	329.52	395.42
419	530.43	636.51	867.97	636.51	867.97	454.65	867.97	1193.46	636.51	1193.46	1193.46	530.43	454.65	530.43	636.51
660	4.28	5.13	7.00	5.13	7.00	3.66	7.00	9.62	5.13	9.62	9.62	4.28	3.66	4.28	5.13
661	4.58	5.49	7.49	5.49	7.49	3.92	7.49	10.29	5.49	10.29	10.29	4.58	3.92	4.58	5.49
420	281.14	337.37	460.05	337.37	460.05	240.98	460.05	632.57	337.37	632.57	632.57	281.14	240.98	281.14	337.37
662	4.16	4.99	6.80	4.99	6.80	3.56	6.80	9.36	4.99	9.36	9.36	4.16	3.56	4.16	4.99
421	506.96	608.35	829.57	608.35	829.57	434.54	829.57	1140.66	608.35	1140.66	1140.66	506.96	434.54	506.96	608.35
663	3.77	4.52	6.16	4.52	6.16	3.23	6.16	8.48	4.52	8.48	8.48	3.77	3.23	3.77	4.52
422	521.52	625.82	853.39	625.82	853.39	447.01	853.39	1173.41	625.82	1173.41	1173.41	521.52	447.01	521.52	625.82
664	4.45	5.34	7.28	5.34	7.28	3.81	7.28	10.01	5.34	10.01	10.01	4.45	3.81	4.45	5.34
423	259.96	311.95	425.39	311.95	425.39	222.82	425.39	584.91	311.95	584.91	584.91	259.96	222.82	259.96	311.95
665	4.28	5.13	7.00	5.13	7.00	3.66	7.00	9.62	5.13	9.62	9.62	4.28	3.66	4.28	5.13
424	492.49	590.99	805.90	590.99	805.90	422.14	805.90	1108.11	590.99	1108.11	1108.11	492.49	422.14	492.49	590.99
666	4.08	4.90	6.68	4.90	6.68	3.50	6.68	9.19	4.90	9.19	9.19	4.08	3.50	4.08	4.90
425	426.43	511.72	697.80	511.72	697.80	365.51	697.80	959.48	511.72	959.48	959.48	426.43	365.51	426.43	511.72
667	4.26	5.11	6.97	5.11	6.97	3.65	6.97	9.58	5.11	9.58	9.58	4.26	3.65	4.26	5.11
426	201.20	241.44	329.24	241.44	329.24	172.46	329.24	452.70	241.44	452.70	452.70	201.20	172.46	201.20	241.44
668	4.18	5.01	6.83	5.01	6.83	3.58	6.83	9.39	5.01	9.39	9.39	4.18	3.58	4.18	5.01
427	209.83	251.79	343.35	251.79	343.35	179.85	343.35	472.11	251.79	472.11	472.11	209.83	179.85	209.83	251.79
669	4.12	4.94	6.74	4.94	6.74	3.53	6.74	9.26	4.94	9.26	9.26	4.12	3.53	4.12	4.94
428	327.32	392.78	535.61	392.78	535.61	280.56	535.61	736.46	392.78	736.46	736.46	327.32	280.56	327.32	392.78
429	436.48	523.78	714.25	523.78	714.25	374.13	714.25	982.09	523.78	982.09	982.09	436.48	374.13	436.48	523.78
670	4.71	5.65	7.70	5.65	7.70	4.04	7.70	10.59	5.65	10.59	10.59	4.71	4.04	4.71	5.65
671	4.50	5.40	7.36	5.40	7.36	3.86	7.36	10.13	5.40	10.13	10.13	4.50	3.86	4.50	5.40
430	424.45	509.34	694.55	509.34	694.55	363.81	694.55	955.01	509.34	955.01	955.01	424.45	363.81	424.45	509.34
672	4.12	4.94	6.74	4.94	6.74	3.53	6.74	9.26	4.94	9.26	9.26	4.12	3.53	4.12	4.94
431	482.72	579.26	789.90	579.26	789.90	413.76	789.90	1086.11	579.26	1086.11	1086.11	482.72	413.76	482.72	579.26
673	4.23	5.08	6.93	5.08	6.93	3.63	6.93	9.53	5.08	9.53	9.53	4.23	3.63	4.23	5.08
432	292.49	350.99	478.62	350.99	478.62	250.71	478.62	658.11	350.99	658.11	658.11	292.49	250.71	292.49	350.99
674	4.02	4.82	6.57	4.82	6.57	3.44	6.57	9.04	4.82	9.04	9.04	4.02	3.44	4.02	4.82
433	350.92	421.10	574.23	421.10	574.23	300.79	574.23	789.56	421.10	789.56	789.56	350.92	300.79	350.92	421.10
675	4.14	4.97	6.78	4.97	6.78	3.55	6.78	9.32	4.97	9.32	9.32	4.14	3.55	4.14	4.97
434	359.99	431.99	589.08	431.99	589.08	308.56	589.08	809.98	431.99	809.98	809.98	359.99	308.56	359.99	431.99
676	3.68	4.42	6.03	4.42	6.03	3.16	6.03	8.29	4.42	8.29	8.29	3.68	3.16	3.68	4.42
435	264.40	317.28	432.65	317.28	432.65	226.63	432.65	594.90	317.28	594.90	594.90	264.40	226.63	264.40	317.28
677	4.38	5.25	7.16	5.25	7.16	3.75	7.16	9.84	5.25	9.84	9.84	4.38	3.75	4.38	5.25
436	456.63	547.95	747.20	547.95	747.20	391.39	747.20	1027.41	547.95	1027.41	1027.41	456.63	391.39	456.63	547.95
678	3.99	4.79	6.53	4.79	6.53	3.42	6.53	8.98	4.79	8.98	8.98	3.99	3.42	3.99	4.79
437	308.40	370.08	504.65	370.08	504.65	264.34	504.65	693.90	370.08	693.90	693.90	308.40	264.34	308.40	370.08
679	4.55	5.46	7.45	5.46	7.45	3.90	7.45	10.24	5.46	10.24	10.24	4.55	3.90	4.55	5.46
438	305.64	366.77	500.14	366.77	500.14	261.98	500.14	687.69	366.77	687.69	687.69	305.64	261.98	305.64	366.77
439	480.50	576.60	786.27	576.60	786.27	411.86	786.27	1081.13	576.60	1081.13	1081.13	480.50	411.86	480.50	576.60
680	4.51	5.41	7.38	5.41	7.38	3.86	7.38	10.14	5.41	10.14	10.14	4.51	3.86	4.51	5.41
681	4.43	5.32	7.25	5.32	7.25	3.80	7.25	9.98	5.32	9.98	9.98	4.43	3.80	4.43	5.32
440	258.67	310.40	423.27	310.40	423.27	221.71	423.27	582.00	310.40	582.00	582.00	258.67	221.71	258.67	310.40
682	4.80	5.76	7.85	5.76	7.85	4.11	7.85	10.80	5.76	10.80	10.80	4.80	4.11	4.80	5.76
441	382.27	458.72	625.53	458.72	625.53	327.66	625.53	860.10	458.72	860.10	860.10	382.27	327.66	382.27	458.72
683	4.30	5.16	7.04	5.16	7.04	3.69	7.04	9.68	5.16	9.68	9.68	4.30	3.69	4.30	5.16
200	14.40	17.28	23.56	17.28	23.56	12.34	23.56	32.40	17.28	32.40	32.40	14.40	12.34	14.40	17.28
442	450.43	540.52	737.07	540.52	737.07	386.09	737.07	1013.48	540.52	1013.48	1013.48	450.43	386.09	450.43	540.52
684	4.12	4.94	6.74	4.94	6.74	3.53	6.74	9.26	4.94	9.26	9.26	4.12	3.53	4.12	4.94
201	15.17	18.20	24.82	18.20	24.82	13.00	24.82	34.13	18.20	34.13	34.13	15.17	13.00	15.17	18.20
443	570.18	684.22	933.03	684.22	933.03	488.73	933.03	1282.91	684.22	1282.91	1282.91	570.18	488.73	570.18	684.22
685	4.67	5.60	7.64	5.60	7.64	4.00	7.64	10.50	5.60	10.50	10.50	4.67	4.00	4.67	5.60
202	15.38	18.45	25.16	18.45	25.16	13.18	25.16	34.59	18.45	34.59	34.59	15.38	13.18	15.38	18.45
444	550.97	661.16	901.58	661.16	901.58	472.26	901.58	1239.68	661.16	1239.68	1239.68	550.97	472.26	550.97	661.16
686	4.64	5.57	7.60	5.57	7.60	3.98	7.60	10.44	5.57	10.44	10.44	4.64	3.98	4.64	5.57
203	15.74	18.89	25.76	18.89	25.76	13.49	25.76	35.42	18.89	35.42	35.42	15.74	13.49	15.74	18.89
445	279.10	334.92	456.71	334.92	456.71	239.23	456.71	627.98	334.92	627.98	627.98	279.10	239.23	279.10	334.92
687	5.27	6.32	8.62	6.32	8.62	4.51	8.62	11.85	6.32	11.85	11.85	5.27	4.51	5.27	6.32
204	15.10	18.12	24.71	18.12	24.71	12.94	24.71	33.98	18.12	33.98	33.98	15.10	12.94	15.10	18.12
446	232.86	279.43	381.04	279.43	381.04	199.59	381.04	523.93	279.43	523.93	523.93	232.86	199.59	232.86	279.43
688	4.53	5.44	7.42	5.44	7.42	3.89	7.42	10.20	5.44	10.20	10.20	4.53	3.89	4.53	5.44
205	14.90	17.88	24.38	17.88	24.38	12.77	24.38	33.53	17.88	33.53	33.53	14.90	12.77	14.90	17.88
447	364.78	437.73	596.90	437.73	596.90	312.66	596.90	820.74	437.73	820.74	820.74	364.78	312.66	364.78	437.73
689	4.23	5.07	6.91	5.07	6.91	3.62	6.91	9.51	5.07	9.51	9.51	4.23	3.62	4.23	5.07
206	14.88	17.86	24.35	17.86	24.35	12.76	24.35	33.49	17.86	33.49	33.49	14.88	12.76	14.88	17.86
448	277.43	332.92	453.98	332.92	453.98	237.80	453.98	624.23	332.92	624.23	624.23	277.43	237.80	277.43	332.92
207	14.26	17.11	23.33	17.11	23.33	12.22	23.33	32.08	17.11	32.08	32.08	14.26	12.22	14.26	17.11
449	250.93	301.12	410.62	301.12	410.62	215.09	410.62	564.60	301.12	564.60	564.60	250.93	215.09	250.93	301.12
208	15.24	18.29	24.94	18.29	24.94	13.06	24.94	34.29	18.29	34.29	34.29	15.24	13.06	15.24	18.29
209	15.21	18.25	24.89	18.25	24.89	13.04	24.89	34.22	18.25	34.22	34.22	15.21	13.04	15.21	18.25
690	4.33	5.20	7.09	5.20	7.09	3.71	7.09	9.75	5.20	9.75	9.75	4.33	3.71	4.33	5.20
691	4.13	4.95	6.75	4.95	6.75	3.54	6.75	9.28	4.95	9.28	9.28	4.13	3.54	4.13	4.95
450	534.38	641.26	874.45	641.26	874.45	458.04	874.45	1202.36	641.26	1202.36	1202.36	534.38	458.04	534.38	641.26
692	4.18	5.02	6.85	5.02	6.85	3.59	6.85	9.41	5.02	9.41	9.41	4.18	3.59	4.18	5.02
451	537.11	644.53	878.90	644.53	878.90	460.38	878.90	1208.49	644.53	1208.49	1208.49	537.11	460.38	537.11	644.53
693	3.97	4.77	6.50	4.77	6.50	3.41	6.50	8.94	4.77	8.94	8.94	3.97	3.41	3.97	4.77
210	15.04	18.05	24.61	18.05	24.61	12.89	24.61	33.84	18.05	33.84	33.84	15.04	12.89	15.04	18.05
452	484.45	581.34	792.74	581.34	792.74	415.24	792.74	1090.01	581.34	1090.01	1090.01	484.45	415.24	484.45	581.34
694	4.28	5.14	7.01	5.14	7.01	3.67	7.01	9.64	5.14	9.64	9.64	4.28	3.67	4.28	5.14
211	15.28	18.34	25.01	18.34	25.01	13.10	25.01	34.39	18.34	34.39	34.39	15.28	13.10	15.28	18.34
453	471.19	565.43	771.04	565.43	771.04	403.88	771.04	1060.18	565.43	1060.18	1060.18	471.19	403.88	471.19	565.43
695	4.49	5.39	7.35	5.39	7.35	3.85	7.35	10.11	5.39	10.11	10.11	4.49	3.85	4.49	5.39
212	15.73	18.87	25.73	18.87	25.73	13.48	25.73	35.38	18.87	35.38	35.38	15.73	13.48	15.73	18.87
454	245.88	295.06	402.35	295.06	402.35	210.76	402.35	553.24	295.06	553.24	553.24	245.88	210.76	245.88	295.06
696	4.47	5.36	7.31	5.36	7.31	3.83	7.31	10.05	5.36	10.05	10.05	4.47	3.83	4.47	5.36
213	15.14	18.17	24.78	18.17	24.78	12.98	24.78	34.07	18.17	34.07	34.07	15.14	12.98	15.14	18.17
455	214.14	256.97	350.41	256.97	350.41	183.55	350.41	481.82	256.97	481.82	481.82	214.14	183.55	214.14	256.97
697	3.53	4.23	5.77	4.23	5.77	3.02	5.77	7.93	4.23	7.93	7.93	3.53	3.02	3.53	4.23
214	15.85	19.02	25.94	19.02	25.94	13.59	25.94	35.66	19.02	35.66	35.66	15.85	13.59	15.85	19.02
456	384.71	461.65	629.52	461.65	629.52	329.75	629.52	865.59	461.65	865.59	865.59	384.71	329.75	384.71	461.65
698	4.28	5.13	7.00	5.13	7.00	3.66	7.00	9.62	5.13	9.62	9.62	4.28	3.66	4.28	5.13
215	15.96	19.15	26.11	19.15	26.11	13.68	26.11	35.91	19.15	35.91	35.91	15.96	13.68	15.96	19.15
457	286.13	343.36	468.22	343.36	468.22	245.26	468.22	643.80	343.36	643.80	643.80	286.13	245.26	286.13	343.36
699	4.49	5.39	7.35	5.39	7.35	3.85	7.35	10.11	5.39	10.11	10.11	4.49	3.85	4.49	5.39
216	15.21	18.25	24.89	18.25	24.89	13.04	24.89	34.22	18.25	34.22	34.22	15.21	13.04	15.21	18.25
458	377.03	452.43	616.95	452.43	616.95	323.16	616.95	848.31	452.43	848.31	848.31	377.03	323.16	377.03	452.43
217	15.23	18.27	24.91	18.27	24.91	13.05	24.91	34.26	18.27	34.26	34.26	15.23	13.05	15.23	18.27
459	4.30	5.16	7.04	5.16	7.04	3.69	7.04	9.68	5.16	9.68	9.68	4.30	3.69	4.30	5.16
218	14.62	17.54	23.92	17.54	23.92	12.53	23.92	32.89	17.54	32.89	32.89	14.62	12.53	14.62	17.54
219	15.40	18.48	25.20	18.48	25.20	13.20	25.20	34.65	18.48	34.65	34.65	15.40	13.20	15.40	18.48
460	4.43	5.31	7.24	5.31	7.24	3.79	7.24	9.96	5.31	9.96	9.96	4.43	3.79	4.43	5.31
461	4.33	5.20	7.09	5.20	7.09	3.71	7.09	9.75	5.20	9.75	9.75	4.33	3.71	4.33	5.20
220	15.06	18.07	24.64	18.07	24.64	12.91	24.64	33.88	18.07	33.88	33.88	15.06	12.91	15.06	18.07
462	4.31	5.17	7.05	5.17	7.05	3.69	7.05	9.69	5.17	9.69	9.69	4.31	3.69	4.31	5.17
221	15.14	18.17	24.78	18.17	24.78	12.98	24.78	34.07	18.17	34.07	34.07	15.14	12.98	15.14	18.17
463	4.73	5.68	7.75	5.68	7.75	4.06	7.75	10.65	5.68	10.65	10.65	4.73	4.06	4.73	5.68
222	14.51	17.41	23.74	17.41	23.74	12.44	23.74	32.64	17.41	32.64	32.64	14.51	12.44	14.51	17.41
464	4.25	5.10	6.95	5.10	6.95	3.64	6.95	9.56	5.10	9.56	9.56	4.25	3.64	4.25	5.10
223	15.65	18.78	25.61	18.78	25.61	13.41	25.61	35.21	18.78	35.21	35.21	15.65	13.41	15.65	18.78
465	4.64	5.57	7.60	5.57	7.60	3.98	7.60	10.44	5.57	10.44	10.44	4.64	3.98	4.64	5.57
224	14.72	17.66	24.08	17.66	24.08	12.61	24.08	33.11	17.66	33.11	33.11	14.72	12.61	14.72	17.66
466	4.39	5.27	7.19	5.27	7.19	3.76	7.19	9.88	5.27	9.88	9.88	4.39	3.76	4.39	5.27
225	15.51	18.61	25.38	18.61	25.38	13.29	25.38	34.89	18.61	34.89	34.89	15.51	13.29	15.51	18.61
467	4.35	5.22	7.12	5.22	7.12	3.73	7.12	9.79	5.22	9.79	9.79	4.35	3.73	4.35	5.22
226	15.36	18.43	25.13	18.43	25.13	13.16	25.13	34.56	18.43	34.56	34.56	15.36	13.16	15.36	18.43
468	4.58	5.50	7.50	5.50	7.50	3.93	7.50	10.31	5.50	10.31	10.31	4.58	3.93	4.58	5.50
227	14.99	17.99	24.53	17.99	24.53	12.85	24.53	33.73	17.99	33.73	33.73	14.99	12.85	14.99	17.99
469	4.13	4.95	6.75	4.95	6.75	3.54	6.75	9.28	4.95	9.28	9.28	4.13	3.54	4.13	4.95
228	14.72	17.66	24.08	17.66	24.08	12.61	24.08	33.11	17.66	33.11	33.11	14.72	12.61	14.72	17.66
229	15.11	18.13	24.72	18.13	24.72	12.95	24.72	33.99	18.13	33.99	33.99	15.11	12.95	15.11	18.13
470	4.42	5.30	7.23	5.30	7.23	3.79	7.23	9.94	5.30	9.94	9.94	4.42	3.79	4.42	5.30
471	4.38	5.26	7.17	5.26	7.17	3.76	7.17	9.86	5.26	9.86	9.86	4.38	3.76	4.38	5.26
230	397.63	477.16	650.67	477.16	650.67	340.83	650.67	894.68	477.16	894.68	894.68	397.63	340.83	397.63	477.16
472	4.38	5.25	7.16	5.25	7.16	3.75	7.16	9.84	5.25	9.84	9.84	4.38	3.75	4.38	5.25
231	552.71	663.25	904.43	663.25	904.43	473.75	904.43	1243.59	663.25	1243.59	1243.59	552.71	473.75	552.71	663.25
473	4.02	4.82	6.57	4.82	6.57	3.44	6.57	9.04	4.82	9.04	9.04	4.02	3.44	4.02	4.82
232	455.48	546.57	745.32	546.57	745.32	390.41	745.32	1024.82	546.57	1024.82	1024.82	455.48	390.41	455.48	546.57
474	4.31	5.17	7.05	5.17	7.05	3.69	7.05	9.69	5.17	9.69	9.69	4.31	3.69	4.31	5.17
233	502.50	603.00	822.27	603.00	822.27	430.71	822.27	1130.63	603.00	1130.63	1130.63	502.50	430.71	502.50	603.00
475	4.73	5.67	7.73	5.67	7.73	4.05	7.73	10.63	5.67	10.63	10.63	4.73	4.05	4.73	5.67
234	542.87	651.44	888.33	651.44	888.33	465.31	888.33	1221.45	651.44	1221.45	1221.45	542.87	465.31	542.87	651.44
476	4.53	5.44	7.42	5.44	7.42	3.89	7.42	10.20	5.44	10.20	10.20	4.53	3.89	4.53	5.44
235	435.00	522.00	711.82	522.00	711.82	372.86	711.82	978.75	522.00	978.75	978.75	435.00	372.86	435.00	522.00
477	4.44	5.33	7.27	5.33	7.27	3.81	7.27	9.99	5.33	9.99	9.99	4.44	3.81	4.44	5.33
236	396.03	475.23	648.04	475.23	648.04	339.45	648.04	891.06	475.23	891.06	891.06	396.03	339.45	396.03	475.23
478	4.45	5.34	7.28	5.34	7.28	3.81	7.28	10.01	5.34	10.01	10.01	4.45	3.81	4.45	5.34
237	408.03	489.63	667.68	489.63	667.68	349.74	667.68	918.06	489.63	918.06	918.06	408.03	349.74	408.03	489.63
479	4.23	5.07	6.91	5.07	6.91	3.62	6.91	9.51	5.07	9.51	9.51	4.23	3.62	4.23	5.07
238	554.25	665.10	906.95	665.10	906.95	475.07	906.95	1247.06	665.10	1247.06	1247.06	554.25	475.07	554.25	665.10
239	533.22	639.86	872.54	639.86	872.54	457.04	872.54	1199.74	639.86	1199.74	1199.74	533.22	457.04	533.22	639.86
480	4.07	4.88	6.65	4.88	6.65	3.49	6.65	9.15	4.88	9.15	9.15	4.07	3.49	4.07	4.88
481	4.15	4.98	6.79	4.98	6.79	3.56	6.79	9.34	4.98	9.34	9.34	4.15	3.56	4.15	4.98
240	291.75	350.10	477.41	350.10	477.41	250.07	477.41	656.44	350.10	656.44	656.44	291.75	250.07	291.75	350.10
482	4.38	5.25	7.16	5.25	7.16	3.75	7.16	9.84	5.25	9.84	9.84	4.38	3.75	4.38	5.25
241	454.13	544.95	743.11	544.95	743.11	389.25	743.11	1021.78	544.95	1021.78	1021.78	454.13	389.25	454.13	544.95
483	4.61	5.53	7.54	5.53	7.54	3.95	7.54	10.37	5.53	10.37	10.37	4.61	3.95	4.61	5.53
242	194.35	233.22	318.03	233.22	318.03	166.59	318.03	437.29	233.22	437.29	437.29	194.35	166.59	194.35	233.22
484	4.43	5.31	7.24	5.31	7.24	3.79	7.24	9.96	5.31	9.96	9.96	4.43	3.79	4.43	5.31
243	473.85	568.62	775.39	568.62	775.39	406.16	775.39	1066.16	568.62	1066.16	1066.16	473.85	406.16	473.85	568.62
485	4.48	5.37	7.32	5.37	7.32	3.84	7.32	10.07	5.37	10.07	10.07	4.48	3.84	4.48	5.37
244	332.42	398.90	543.95	398.90	543.95	284.93	543.95	747.94	398.90	747.94	747.94	332.42	284.93	332.42	398.90
486	4.33	5.19	7.08	5.19	7.08	3.71	7.08	9.73	5.19	9.73	9.73	4.33	3.71	4.33	5.19
245	205.37	246.44	336.05	246.44	336.05	176.03	336.05	462.08	246.44	462.08	462.08	205.37	176.03	205.37	246.44
487	4.53	5.44	7.42	5.44	7.42	3.89	7.42	10.20	5.44	10.20	10.20	4.53	3.89	4.53	5.44
246	251.65	301.98	411.79	301.98	411.79	215.70	411.79	566.21	301.98	566.21	566.21	251.65	215.70	251.65	301.98
488	4.08	4.90	6.68	4.90	6.68	3.50	6.68	9.19	4.90	9.19	9.19	4.08	3.50	4.08	4.90
247	256.43	307.72	419.62	307.72	419.62	219.80	419.62	576.98	307.72	576.98	576.98	256.43	219.80	256.43	307.72
489	4.48	5.37	7.32	5.37	7.32	3.84	7.32	10.07	5.37	10.07	10.07	4.48	3.84	4.48	5.37
248	464.99	557.99	760.90	557.99	760.90	398.56	760.90	1046.23	557.99	1046.23	1046.23	464.99	398.56	464.99	557.99
249	519.58	623.50	850.23	623.50	850.23	445.36	850.23	1169.06	623.50	1169.06	1169.06	519.58	445.36	519.58	623.50
490	4.49	5.39	7.35	5.39	7.35	3.85	7.35	10.11	5.39	10.11	10.11	4.49	3.85	4.49	5.39
491	4.20	5.04	6.87	5.04	6.87	3.60	6.87	9.45	5.04	9.45	9.45	4.20	3.60	4.20	5.04
250	323.07	387.68	528.65	387.68	528.65	276.91	528.65	726.90	387.68	726.90	726.90	323.07	276.91	323.07	387.68
492	4.28	5.13	7.00	5.13	7.00	3.66	7.00	9.62	5.13	9.62	9.62	4.28	3.66	4.28	5.13
251	251.42	301.70	411.41	301.70	411.41	215.50	411.41	565.69	301.70	565.69	565.69	251.42	215.50	251.42	301.70
493	4.09	4.91	6.70	4.91	6.70	3.51	6.70	9.21	4.91	9.21	9.21	4.09	3.51	4.09	4.91
252	408.58	490.30	668.59	490.30	668.59	350.21	668.59	919.31	490.30	919.31	919.31	408.58	350.21	408.58	490.30
494	4.07	4.89	6.67	4.89	6.67	3.49	6.67	9.17	4.89	9.17	9.17	4.07	3.49	4.07	4.89
253	210.99	253.19	345.26	253.19	345.26	180.85	345.26	474.73	253.19	474.73	474.73	210.99	180.85	210.99	253.19
495	4.48	5.37	7.32	5.37	7.32	3.84	7.32	10.07	5.37	10.07	10.07	4.48	3.84	4.48	5.37
254	486.87	584.24	796.69	584.24	796.69	417.31	796.69	1095.45	584.24	1095.45	1095.45	486.87	417.31	486.87	584.24
496	4.33	5.19	7.08	5.19	7.08	3.71	7.08	9.73	5.19	9.73	9.73	4.33	3.71	4.33	5.19
255	323.30	387.96	529.04	387.96	529.04	277.11	529.04	727.43	387.96	727.43	727.43	323.30	277.11	323.30	387.96
497	4.22	5.06	6.90	5.06	6.90	3.61	6.90	9.49	5.06	9.49	9.49	4.22	3.61	4.22	5.06
256	448.58	538.29	734.03	538.29	734.03	384.49	734.03	1009.29	538.29	1009.29	1009.29	448.58	384.49	448.58	538.29
498	4.50	5.40	7.36	5.40	7.36	3.86	7.36	10.13	5.40	10.13	10.13	4.50	3.86	4.50	5.40
257	554.58	665.50	907.50	665.50	907.50	475.36	907.50	1247.81	665.50	1247.81	1247.81	554.58	475.36	554.58	665.50
499	4.48	5.38	7.34	5.38	7.34	3.84	7.34	10.09	5.38	10.09	10.09	4.48	3.84	4.48	5.38
258	511.40	613.68	836.84	613.68	836.84	438.34	836.84	1150.65	613.68	1150.65	1150.65	511.40	438.34	511.40	613.68
259	262.75	315.30	429.95	315.30	429.95	225.21	429.95	591.19	315.30	591.19	591.19	262.75	225.21	262.75	315.30
260	430.05	516.06	703.72	516.06	703.72	368.61	703.72	967.61	516.06	967.61	967.61	430.05	368.61	430.05	516.06
261	393.51	472.21	643.92	472.21	643.92	337.29	643.92	885.39	472.21	885.39	885.39	393.51	337.29	393.51	472.21
262	574.62	689.55	940.30	689.55	940.30	492.54	940.30	1292.91	689.55	1292.91	1292.91	574.62	492.54	574.62	689.55
263	573.91	688.69	939.12	688.69	939.12	491.92	939.12	1291.29	688.69	1291.29	1291.29	573.91	491.92	573.91	688.69
264	480.01	576.01	785.47	576.01	785.47	411.44	785.47	1080.02	576.01	1080.02	1080.02	480.01	411.44	480.01	576.01
265	411.04	493.25	672.61	493.25	672.61	352.32	672.61	924.84	493.25	924.84	924.84	411.04	352.32	411.04	493.25
266	383.07	459.68	626.84	459.68	626.84	328.34	626.84	861.90	459.68	861.90	861.90	383.07	328.34	383.07	459.68
267	416.37	499.64	681.33	499.64	681.33	356.89	681.33	936.83	499.64	936.83	936.83	416.37	356.89	416.37	499.64
268	446.25	535.50	730.23	535.50	730.23	382.50	730.23	1004.06	535.50	1004.06	1004.06	446.25	382.50	446.25	535.50
269	436.62	523.94	714.46	523.94	714.46	374.24	714.46	982.39	523.94	982.39	982.39	436.62	374.24	436.62	523.94
270	514.19	617.03	841.40	617.03	841.40	440.74	841.40	1156.93	617.03	1156.93	1156.93	514.19	440.74	514.19	617.03
271	202.37	242.84	331.15	242.84	331.15	173.46	331.15	455.33	242.84	455.33	455.33	202.37	173.46	202.37	242.84
272	306.36	367.63	501.31	367.63	501.31	262.59	501.31	689.31	367.63	689.31	689.31	306.36	262.59	306.36	367.63
273	239.37	287.24	391.69	287.24	391.69	205.17	391.69	538.58	287.24	538.58	538.58	239.37	205.17	239.37	287.24
274	248.84	298.61	407.20	298.61	407.20	213.29	407.20	559.89	298.61	559.89	559.89	248.84	213.29	248.84	298.61
275	542.81	651.37	888.23	651.37	888.23	465.26	888.23	1221.32	651.37	1221.32	1221.32	542.81	465.26	542.81	651.37
276	282.51	339.01	462.29	339.01	462.29	242.15	462.29	635.64	339.01	635.64	635.64	282.51	242.15	282.51	339.01
277	467.89	561.47	765.64	561.47	765.64	401.05	765.64	1052.76	561.47	1052.76	1052.76	467.89	401.05	467.89	561.47
278	468.65	562.38	766.88	562.38	766.88	401.70	766.88	1054.46	562.38	1054.46	1054.46	468.65	401.70	468.65	562.38
279	466.93	560.32	764.07	560.32	764.07	400.23	764.07	1050.60	560.32	1050.60	1050.60	466.93	400.23	466.93	560.32
280	227.56	273.07	372.37	273.07	372.37	195.05	372.37	512.01	273.07	512.01	512.01	227.56	195.05	227.56	273.07
281	512.98	615.57	839.41	615.57	839.41	439.69	839.41	1154.19	615.57	1154.19	1154.19	512.98	439.69	512.98	615.57
282	249.84	299.81	408.83	299.81	408.83	214.15	408.83	562.14	299.81	562.14	562.14	249.84	214.15	249.84	299.81
283	371.82	446.18	608.43	446.18	608.43	318.70	608.43	836.59	446.18	836.59	836.59	371.82	318.70	371.82	446.18
284	194.74	233.69	318.67	233.69	318.67	166.92	318.67	438.17	233.69	438.17	438.17	194.74	166.92	194.74	233.69
285	384.73	461.68	629.56	461.68	629.56	329.77	629.56	865.65	461.68	865.65	865.65	384.73	329.77	384.73	461.68
286	538.11	645.73	880.54	645.73	880.54	461.24	880.54	1210.74	645.73	1210.74	1210.74	538.11	461.24	538.11	645.73
287	434.07	520.88	710.29	520.88	710.29	372.06	710.29	976.65	520.88	976.65	976.65	434.07	372.06	434.07	520.88
288	527.86	633.43	863.77	633.43	863.77	452.45	863.77	1187.68	633.43	1187.68	1187.68	527.86	452.45	527.86	633.43
289	370.25	444.30	605.86	444.30	605.86	317.36	605.86	833.06	444.30	833.06	833.06	370.25	317.36	370.25	444.30
290	218.78	262.54	358.01	262.54	358.01	187.53	358.01	492.26	262.54	492.26	492.26	218.78	187.53	218.78	262.54
291	279.74	335.69	457.76	335.69	457.76	239.78	457.76	629.42	335.69	629.42	629.42	279.74	239.78	279.74	335.69
292	444.93	533.92	728.07	533.92	728.07	381.37	728.07	1001.10	533.92	1001.10	1001.10	444.93	381.37	444.93	533.92
293	543.39	652.07	889.19	652.07	889.19	465.76	889.19	1222.63	652.07	1222.63	1222.63	543.39	465.76	543.39	652.07
294	386.20	463.44	631.96	463.44	631.96	331.03	631.96	868.95	463.44	868.95	868.95	386.20	331.03	386.20	463.44
295	383.11	459.73	626.90	459.73	626.90	328.38	626.90	861.99	459.73	861.99	861.99	383.11	328.38	383.11	459.73
296	464.73	557.68	760.47	557.68	760.47	398.34	760.47	1045.65	557.68	1045.65	1045.65	464.73	398.34	464.73	557.68
297	556.42	667.70	910.50	667.70	910.50	476.93	910.50	1251.94	667.70	1251.94	1251.94	556.42	476.93	556.42	667.70
298	314.12	376.94	514.01	376.94	514.01	269.24	514.01	706.76	376.94	706.76	706.76	314.12	269.24	314.12	376.94
299	354.34	425.21	579.83	425.21	579.83	303.72	579.83	797.27	425.21	797.27	797.27	354.34	303.72	354.34	425.21
900	401.34	481.61	656.74	481.61	656.74	344.01	656.74	903.02	481.61	903.02	903.02	401.34	344.01	401.34	481.61
901	480.49	576.59	786.26	576.59	786.26	411.85	786.26	1081.11	576.59	1081.11	1081.11	480.49	411.85	480.49	576.59
902	553.93	664.71	906.42	664.71	906.42	474.79	906.42	1246.33	664.71	1246.33	1246.33	553.93	474.79	553.93	664.71
903	518.78	622.54	848.92	622.54	848.92	444.67	848.92	1167.26	622.54	1167.26	1167.26	518.78	444.67	518.78	622.54
904	259.77	311.72	425.07	311.72	425.07	222.66	425.07	584.48	311.72	584.48	584.48	259.77	222.66	259.77	311.72
905	341.59	409.91	558.97	409.91	558.97	292.79	558.97	768.58	409.91	768.58	768.58	341.59	292.79	341.59	409.91
906	279.70	335.64	457.69	335.64	457.69	239.74	457.69	629.33	335.64	629.33	629.33	279.70	239.74	279.70	335.64
907	534.92	641.90	875.32	641.90	875.32	458.50	875.32	1203.56	641.90	1203.56	1203.56	534.92	458.50	534.92	641.90
908	194.78	233.73	318.72	233.73	318.72	166.95	318.72	438.24	233.73	438.24	438.24	194.78	166.95	194.78	233.73
909	351.69	422.03	575.50	422.03	575.50	301.45	575.50	791.31	422.03	791.31	791.31	351.69	301.45	351.69	422.03
910	373.76	448.51	611.60	448.51	611.60	320.36	611.60	840.96	448.51	840.96	840.96	373.76	320.36	373.76	448.51
911	299.71	359.65	490.43	359.65	490.43	256.89	490.43	674.34	359.65	674.34	674.34	299.71	256.89	299.71	359.65
912	438.48	526.18	717.52	526.18	717.52	375.84	717.52	986.59	526.18	986.59	986.59	438.48	375.84	438.48	526.18
913	502.13	602.56	821.67	602.56	821.67	430.40	821.67	1129.80	602.56	1129.80	1129.80	502.13	430.40	502.13	602.56
914	328.69	394.43	537.86	394.43	537.86	281.74	537.86	739.56	394.43	739.56	739.56	328.69	281.74	328.69	394.43
915	410.64	492.77	671.96	492.77	671.96	351.98	671.96	923.94	492.77	923.94	923.94	410.64	351.98	410.64	492.77
916	553.06	663.67	905.00	663.67	905.00	474.05	905.00	1244.38	663.67	1244.38	1244.38	553.06	474.05	553.06	663.67
917	248.37	298.04	406.42	298.04	406.42	212.89	406.42	558.83	298.04	558.83	558.83	248.37	212.89	248.37	298.04
918	249.96	299.95	409.02	299.95	409.02	214.25	409.02	562.41	299.95	562.41	562.41	249.96	214.25	249.96	299.95
919	218.66	262.39	357.80	262.39	357.80	187.42	357.80	491.98	262.39	491.98	491.98	218.66	187.42	218.66	262.39
920	564.87	677.84	924.33	677.84	924.33	484.17	924.33	1270.95	677.84	1270.95	1270.95	564.87	484.17	564.87	677.84
921	258.71	310.45	423.34	310.45	423.34	221.75	423.34	582.09	310.45	582.09	582.09	258.71	221.75	258.71	310.45
922	274.35	329.22	448.94	329.22	448.94	235.16	448.94	617.29	329.22	617.29	617.29	274.35	235.16	274.35	329.22
923	344.78	413.73	564.18	413.73	564.18	295.52	564.18	775.74	413.73	775.74	775.74	344.78	295.52	344.78	413.73
924	377.68	453.21	618.01	453.21	618.01	323.72	618.01	849.77	453.21	849.77	849.77	377.68	323.72	377.68	453.21
925	470.26	564.31	769.51	564.31	769.51	403.08	769.51	1058.08	564.31	1058.08	1058.08	470.26	403.08	470.26	564.31
926	389.75	467.70	637.77	467.70	637.77	334.07	637.77	876.94	467.70	876.94	876.94	389.75	334.07	389.75	467.70
927	417.46	500.95	683.11	500.95	683.11	357.82	683.11	939.28	500.95	939.28	939.28	417.46	357.82	417.46	500.95
928	192.56	231.07	315.10	231.07	315.10	165.05	315.10	433.26	231.07	433.26	433.26	192.56	165.05	192.56	231.07
929	342.76	411.31	560.88	411.31	560.88	293.79	560.88	771.21	411.31	771.21	771.21	342.76	293.79	342.76	411.31
930	369.55	443.46	604.72	443.46	604.72	316.76	604.72	831.49	443.46	831.49	831.49	369.55	316.76	369.55	443.46
931	473.53	568.23	774.86	568.23	774.86	405.88	774.86	1065.43	568.23	1065.43	1065.43	473.53	405.88	473.53	568.23
932	360.52	432.62	589.94	432.62	589.94	309.01	589.94	811.16	432.62	811.16	811.16	360.52	309.01	360.52	432.62
933	234.05	280.86	382.99	280.86	382.99	200.61	382.99	526.61	280.86	526.61	526.61	234.05	200.61	234.05	280.86
934	438.41	526.09	717.40	526.09	717.40	375.78	717.40	986.42	526.09	986.42	986.42	438.41	375.78	438.41	526.09
935	554.86	665.83	907.95	665.83	907.95	475.59	907.95	1248.43	665.83	1248.43	1248.43	554.86	475.59	554.86	665.83
936	492.37	590.84	805.69	590.84	805.69	422.03	805.69	1107.83	590.84	1107.83	1107.83	492.37	422.03	492.37	590.84
937	235.65	282.78	385.61	282.78	385.61	201.99	385.61	530.21	282.78	530.21	530.21	235.65	201.99	235.65	282.78
938	290.23	348.27	474.91	348.27	474.91	248.76	474.91	653.01	348.27	653.01	653.01	290.23	248.76	290.23	348.27
939	320.70	384.84	524.78	384.84	524.78	274.89	524.78	721.58	384.84	721.58	721.58	320.70	274.89	320.70	384.84
940	303.33	364.00	496.36	364.00	496.36	260.00	496.36	682.50	364.00	682.50	682.50	303.33	260.00	303.33	364.00
941	518.28	621.94	848.10	621.94	848.10	444.24	848.10	1166.14	621.94	1166.14	1166.14	518.28	444.24	518.28	621.94
700	4.04	4.85	6.61	4.85	6.61	3.46	6.61	9.09	4.85	9.09	9.09	4.04	3.46	4.04	4.85
942	368.38	442.05	602.80	442.05	602.80	315.75	602.80	828.84	442.05	828.84	828.84	368.38	315.75	368.38	442.05
701	4.84	5.81	7.92	5.81	7.92	4.15	7.92	10.89	5.81	10.89	10.89	4.84	4.15	4.84	5.81
943	561.38	673.65	918.61	673.65	918.61	481.18	918.61	1263.09	673.65	1263.09	1263.09	561.38	481.18	561.38	673.65
702	4.81	5.77	7.87	5.77	7.87	4.12	7.87	10.82	5.77	10.82	10.82	4.81	4.12	4.81	5.77
944	495.92	595.10	811.50	595.10	811.50	425.07	811.50	1115.81	595.10	1115.81	1115.81	495.92	425.07	495.92	595.10
703	4.44	5.33	7.27	5.33	7.27	3.81	7.27	9.99	5.33	9.99	9.99	4.44	3.81	4.44	5.33
945	427.95	513.54	700.28	513.54	700.28	366.81	700.28	962.89	513.54	962.89	962.89	427.95	366.81	427.95	513.54
704	4.24	5.09	6.94	5.09	6.94	3.64	6.94	9.54	5.09	9.54	9.54	4.24	3.64	4.24	5.09
946	278.48	334.17	455.69	334.17	455.69	238.69	455.69	626.57	334.17	626.57	626.57	278.48	238.69	278.48	334.17
705	4.34	5.21	7.10	5.21	7.10	3.72	7.10	9.77	5.21	9.77	9.77	4.34	3.72	4.34	5.21
947	462.74	555.29	757.21	555.29	757.21	396.64	757.21	1041.17	555.29	1041.17	1041.17	462.74	396.64	462.74	555.29
706	4.33	5.20	7.09	5.20	7.09	3.71	7.09	9.75	5.20	9.75	9.75	4.33	3.71	4.33	5.20
948	252.15	302.58	412.61	302.58	412.61	216.13	412.61	567.34	302.58	567.34	567.34	252.15	216.13	252.15	302.58
707	4.60	5.52	7.53	5.52	7.53	3.94	7.53	10.35	5.52	10.35	10.35	4.60	3.94	4.60	5.52
949	420.93	505.12	688.80	505.12	688.80	360.80	688.80	947.10	505.12	947.10	947.10	420.93	360.80	420.93	505.12
708	4.18	5.02	6.85	5.02	6.85	3.59	6.85	9.41	5.02	9.41	9.41	4.18	3.59	4.18	5.02
709	3.96	4.75	6.48	4.75	6.48	3.39	6.48	8.91	4.75	8.91	8.91	3.96	3.39	3.96	4.75
950	275.96	331.15	451.57	331.15	451.57	236.54	451.57	620.91	331.15	620.91	620.91	275.96	236.54	275.96	331.15
951	250.64	300.77	410.14	300.77	410.14	214.84	410.14	563.94	300.77	563.94	563.94	250.64	214.84	250.64	300.77
710	4.17	5.00	6.82	5.00	6.82	3.57	6.82	9.38	5.00	9.38	9.38	4.17	3.57	4.17	5.00
952	309.03	370.83	505.68	370.83	505.68	264.88	505.68	695.31	370.83	695.31	695.31	309.03	264.88	309.03	370.83
711	4.47	5.36	7.31	5.36	7.31	3.83	7.31	10.05	5.36	10.05	10.05	4.47	3.83	4.47	5.36
953	413.67	496.40	676.91	496.40	676.91	354.57	676.91	930.75	496.40	930.75	930.75	413.67	354.57	413.67	496.40
712	4.38	5.26	7.17	5.26	7.17	3.76	7.17	9.86	5.26	9.86	9.86	4.38	3.76	4.38	5.26
954	376.35	451.62	615.85	451.62	615.85	322.59	615.85	846.79	451.62	846.79	846.79	376.35	322.59	376.35	451.62
713	3.54	4.25	5.80	4.25	5.80	3.04	5.80	7.97	4.25	7.97	7.97	3.54	3.04	3.54	4.25
955	485.28	582.34	794.10	582.34	794.10	415.96	794.10	1091.89	582.34	1091.89	1091.89	485.28	415.96	485.28	582.34
714	3.90	4.68	6.38	4.68	6.38	3.34	6.38	8.78	4.68	8.78	8.78	3.90	3.34	3.90	4.68
956	352.58	423.09	576.94	423.09	576.94	302.21	576.94	793.29	423.09	793.29	793.29	352.58	302.21	352.58	423.09
715	4.05	4.86	6.63	4.86	6.63	3.47	6.63	9.11	4.86	9.11	9.11	4.05	3.47	4.05	4.86
957	494.22	593.06	808.72	593.06	808.72	423.61	808.72	1111.99	593.06	1111.99	1111.99	494.22	423.61	494.22	593.06
716	4.14	4.97	6.78	4.97	6.78	3.55	6.78	9.32	4.97	9.32	9.32	4.14	3.55	4.14	4.97
958	497.47	596.96	814.04	596.96	814.04	426.40	814.04	1119.30	596.96	1119.30	1119.30	497.47	426.40	497.47	596.96
717	3.91	4.69	6.40	4.69	6.40	3.35	6.40	8.79	4.69	8.79	8.79	3.91	3.35	3.91	4.69
959	396.60	475.92	648.98	475.92	648.98	339.94	648.98	892.35	475.92	892.35	892.35	396.60	339.94	396.60	475.92
718	4.54	5.45	7.43	5.45	7.43	3.89	7.43	10.22	5.45	10.22	10.22	4.54	3.89	4.54	5.45
719	4.39	5.27	7.19	5.27	7.19	3.76	7.19	9.88	5.27	9.88	9.88	4.39	3.76	4.39	5.27
960	327.72	393.26	536.26	393.26	536.26	280.90	536.26	737.36	393.26	737.36	737.36	327.72	280.90	327.72	393.26
961	550.17	660.20	900.27	660.20	900.27	471.57	900.27	1237.88	660.20	1237.88	1237.88	550.17	471.57	550.17	660.20
720	4.18	5.01	6.83	5.01	6.83	3.58	6.83	9.39	5.01	9.39	9.39	4.18	3.58	4.18	5.01
962	476.92	572.31	780.42	572.31	780.42	408.79	780.42	1073.08	572.31	1073.08	1073.08	476.92	408.79	476.92	572.31
721	4.25	5.10	6.95	5.10	6.95	3.64	6.95	9.56	5.10	9.56	9.56	4.25	3.64	4.25	5.10
963	509.52	611.43	833.77	611.43	833.77	436.74	833.77	1146.43	611.43	1146.43	1146.43	509.52	436.74	509.52	611.43
722	4.47	5.36	7.31	5.36	7.31	3.83	7.31	10.05	5.36	10.05	10.05	4.47	3.83	4.47	5.36
964	371.28	445.53	607.54	445.53	607.54	318.24	607.54	835.37	445.53	835.37	835.37	371.28	318.24	371.28	445.53
723	4.43	5.32	7.25	5.32	7.25	3.80	7.25	9.98	5.32	9.98	9.98	4.43	3.80	4.43	5.32
965	380.76	456.91	623.06	456.91	623.06	326.36	623.06	856.71	456.91	856.71	856.71	380.76	326.36	380.76	456.91
724	4.29	5.15	7.02	5.15	7.02	3.68	7.02	9.66	5.15	9.66	9.66	4.29	3.68	4.29	5.15
966	373.40	448.08	611.02	448.08	611.02	320.06	611.02	840.15	448.08	840.15	840.15	373.40	320.06	373.40	448.08
725	4.13	4.96	6.76	4.96	6.76	3.54	6.76	9.30	4.96	9.30	9.30	4.13	3.54	4.13	4.96
967	398.89	478.67	652.73	478.67	652.73	341.91	652.73	897.51	478.67	897.51	897.51	398.89	341.91	398.89	478.67
726	4.04	4.85	6.61	4.85	6.61	3.46	6.61	9.09	4.85	9.09	9.09	4.04	3.46	4.04	4.85
968	254.33	305.20	416.18	305.20	416.18	218.00	416.18	572.25	305.20	572.25	572.25	254.33	218.00	254.33	305.20
727	3.79	4.55	6.20	4.55	6.20	3.25	6.20	8.53	4.55	8.53	8.53	3.79	3.25	3.79	4.55
969	466.58	559.90	763.50	559.90	763.50	399.93	763.50	1049.81	559.90	1049.81	1049.81	466.58	399.93	466.58	559.90
728	4.07	4.88	6.65	4.88	6.65	3.49	6.65	9.15	4.88	9.15	9.15	4.07	3.49	4.07	4.88
729	3.80	4.56	6.22	4.56	6.22	3.26	6.22	8.55	4.56	8.55	8.55	3.80	3.26	3.80	4.56
970	528.60	634.32	864.98	634.32	864.98	453.09	864.98	1189.35	634.32	1189.35	1189.35	528.60	453.09	528.60	634.32
971	385.13	462.16	630.22	462.16	630.22	330.11	630.22	866.55	462.16	866.55	866.55	385.13	330.11	385.13	462.16
730	440.29	528.35	720.48	528.35	720.48	377.39	720.48	990.66	528.35	990.66	990.66	440.29	377.39	440.29	528.35
972	193.12	231.74	316.01	231.74	316.01	165.53	316.01	434.51	231.74	434.51	434.51	193.12	165.53	193.12	231.74
731	340.07	408.08	556.47	408.08	556.47	291.49	556.47	765.15	408.08	765.15	765.15	340.07	291.49	340.07	408.08
973	241.08	289.30	394.50	289.30	394.50	206.64	394.50	542.44	289.30	542.44	542.44	241.08	206.64	241.08	289.30
732	296.59	355.91	485.33	355.91	485.33	254.22	485.33	667.33	355.91	667.33	667.33	296.59	254.22	296.59	355.91
974	246.34	295.61	403.10	295.61	403.10	211.15	403.10	554.27	295.61	554.27	554.27	246.34	211.15	246.34	295.61
733	300.79	360.95	492.20	360.95	492.20	257.82	492.20	676.78	360.95	676.78	676.78	300.79	257.82	300.79	360.95
975	554.86	665.83	907.95	665.83	907.95	475.59	907.95	1248.43	665.83	1248.43	1248.43	554.86	475.59	554.86	665.83
734	310.06	372.07	507.37	372.07	507.37	265.76	507.37	697.63	372.07	697.63	697.63	310.06	265.76	310.06	372.07
976	286.85	344.22	469.39	344.22	469.39	245.87	469.39	645.41	344.22	645.41	645.41	286.85	245.87	286.85	344.22
735	369.24	443.09	604.21	443.09	604.21	316.49	604.21	830.79	443.09	830.79	830.79	369.24	316.49	369.24	443.09
977	251.53	301.84	411.60	301.84	411.60	215.60	411.60	565.95	301.84	565.95	565.95	251.53	215.60	251.53	301.84
736	198.23	237.88	324.38	237.88	324.38	169.91	324.38	446.03	237.88	446.03	446.03	198.23	169.91	198.23	237.88
978	554.77	665.72	907.80	665.72	907.80	475.51	907.80	1248.23	665.72	1248.23	1248.23	554.77	475.51	554.77	665.72
737	469.85	563.82	768.85	563.82	768.85	402.73	768.85	1057.16	563.82	1057.16	1057.16	469.85	402.73	469.85	563.82
979	211.10	253.32	345.44	253.32	345.44	180.94	345.44	474.98	253.32	474.98	474.98	211.10	180.94	211.10	253.32
738	564.44	677.33	923.63	677.33	923.63	483.81	923.63	1269.99	677.33	1269.99	1269.99	564.44	483.81	564.44	677.33
739	422.81	507.37	691.87	507.37	691.87	362.41	691.87	951.32	507.37	951.32	951.32	422.81	362.41	422.81	507.37
980	501.56	601.87	820.73	601.87	820.73	429.91	820.73	1128.51	601.87	1128.51	1128.51	501.56	429.91	501.56	601.87
981	4.63	5.55	7.57	5.55	7.57	3.96	7.57	10.41	5.55	10.41	10.41	4.63	3.96	4.63	5.55
740	296.17	355.40	484.64	355.40	484.64	253.86	484.64	666.38	355.40	666.38	666.38	296.17	253.86	296.17	355.40
982	4.63	5.55	7.57	5.55	7.57	3.96	7.57	10.41	5.55	10.41	10.41	4.63	3.96	4.63	5.55
741	409.13	490.96	669.49	490.96	669.49	350.69	669.49	920.55	490.96	920.55	920.55	409.13	350.69	409.13	490.96
983	4.63	5.55	7.57	5.55	7.57	3.96	7.57	10.41	5.55	10.41	10.41	4.63	3.96	4.63	5.55
500	3.57	4.28	5.84	4.28	5.84	3.06	5.84	8.03	4.28	8.03	8.03	3.57	3.06	3.57	4.28
742	467.65	561.18	765.25	561.18	765.25	400.84	765.25	1052.21	561.18	1052.21	1052.21	467.65	400.84	467.65	561.18
984	4.34	5.21	7.10	5.21	7.10	3.72	7.10	9.77	5.21	9.77	9.77	4.34	3.72	4.34	5.21
501	4.46	5.35	7.30	5.35	7.30	3.82	7.30	10.03	5.35	10.03	10.03	4.46	3.82	4.46	5.35
743	279.13	334.96	456.76	334.96	456.76	239.26	456.76	628.05	334.96	628.05	628.05	279.13	239.26	279.13	334.96
985	4.77	5.72	7.80	5.72	7.80	4.09	7.80	10.73	5.72	10.73	10.73	4.77	4.09	4.77	5.72
502	4.57	5.48	7.47	5.48	7.47	3.91	7.47	10.28	5.48	10.28	10.28	4.57	3.91	4.57	5.48
744	210.72	252.86	344.81	252.86	344.81	180.61	344.81	474.11	252.86	474.11	474.11	210.72	180.61	210.72	252.86
986	4.45	5.34	7.28	5.34	7.28	3.81	7.28	10.01	5.34	10.01	10.01	4.45	3.81	4.45	5.34
503	3.94	4.73	6.45	4.73	6.45	3.38	6.45	8.87	4.73	8.87	8.87	3.94	3.38	3.94	4.73
745	422.38	506.85	691.16	506.85	691.16	362.04	691.16	950.34	506.85	950.34	950.34	422.38	362.04	422.38	506.85
987	4.59	5.51	7.51	5.51	7.51	3.94	7.51	10.33	5.51	10.33	10.33	4.59	3.94	4.59	5.51
504	4.27	5.12	6.98	5.12	6.98	3.66	6.98	9.60	5.12	9.60	9.60	4.27	3.66	4.27	5.12
746	507.63	609.16	830.67	609.16	830.67	435.11	830.67	1142.18	609.16	1142.18	1142.18	507.63	435.11	507.63	609.16
988	4.34	5.21	7.10	5.21	7.10	3.72	7.10	9.77	5.21	9.77	9.77	4.34	3.72	4.34	5.21
505	4.70	5.64	7.69	5.64	7.69	4.03	7.69	10.58	5.64	10.58	10.58	4.70	4.03	4.70	5.64
747	481.54	577.85	787.98	577.85	787.98	412.75	787.98	1083.47	577.85	1083.47	1083.47	481.54	412.75	481.54	577.85
989	4.53	5.44	7.42	5.44	7.42	3.89	7.42	10.20	5.44	10.20	10.20	4.53	3.89	4.53	5.44
506	3.87	4.64	6.33	4.64	6.33	3.31	6.33	8.70	4.64	8.70	8.70	3.87	3.31	3.87	4.64
748	339.23	407.07	555.10	407.07	555.10	290.76	555.10	763.26	407.07	763.26	763.26	339.23	290.76	339.23	407.07
507	4.36	5.23	7.13	5.23	7.13	3.74	7.13	9.81	5.23	9.81	9.81	4.36	3.74	4.36	5.23
749	266.13	319.36	435.49	319.36	435.49	228.11	435.49	598.80	319.36	598.80	598.80	266.13	228.11	266.13	319.36
508	3.99	4.79	6.53	4.79	6.53	3.42	6.53	8.98	4.79	8.98	8.98	3.99	3.42	3.99	4.79
509	4.30	5.16	7.04	5.16	7.04	3.69	7.04	9.68	5.16	9.68	9.68	4.30	3.69	4.30	5.16
990	4.28	5.14	7.01	5.14	7.01	3.67	7.01	9.64	5.14	9.64	9.64	4.28	3.67	4.28	5.14
991	4.49	5.39	7.35	5.39	7.35	3.85	7.35	10.11	5.39	10.11	10.11	4.49	3.85	4.49	5.39
750	272.05	326.46	445.17	326.46	445.17	233.19	445.17	612.11	326.46	612.11	612.11	272.05	233.19	272.05	326.46
992	4.81	5.77	7.87	5.77	7.87	4.12	7.87	10.82	5.77	10.82	10.82	4.81	4.12	4.81	5.77
751	369.28	443.13	604.27	443.13	604.27	316.52	604.27	830.87	443.13	830.87	830.87	369.28	316.52	369.28	443.13
993	4.58	5.50	7.50	5.50	7.50	3.93	7.50	10.31	5.50	10.31	10.31	4.58	3.93	4.58	5.50
510	3.93	4.71	6.42	4.71	6.42	3.36	6.42	8.83	4.71	8.83	8.83	3.93	3.36	3.93	4.71
752	361.33	433.59	591.26	433.59	591.26	309.71	591.26	812.98	433.59	812.98	812.98	361.33	309.71	361.33	433.59
994	4.47	5.36	7.31	5.36	7.31	3.83	7.31	10.05	5.36	10.05	10.05	4.47	3.83	4.47	5.36
511	3.91	4.69	6.40	4.69	6.40	3.35	6.40	8.79	4.69	8.79	8.79	3.91	3.35	3.91	4.69
753	445.14	534.17	728.41	534.17	728.41	381.55	728.41	1001.57	534.17	1001.57	1001.57	445.14	381.55	445.14	534.17
995	4.45	5.34	7.28	5.34	7.28	3.81	7.28	10.01	5.34	10.01	10.01	4.45	3.81	4.45	5.34
512	3.92	4.70	6.41	4.70	6.41	3.36	6.41	8.81	4.70	8.81	8.81	3.92	3.36	3.92	4.70
754	271.18	325.41	443.74	325.41	443.74	232.44	443.74	610.14	325.41	610.14	610.14	271.18	232.44	271.18	325.41
996	4.23	5.08	6.93	5.08	6.93	3.63	6.93	9.53	5.08	9.53	9.53	4.23	3.63	4.23	5.08
513	4.54	5.45	7.43	5.45	7.43	3.89	7.43	10.22	5.45	10.22	10.22	4.54	3.89	4.54	5.45
755	574.98	689.97	940.87	689.97	940.87	492.84	940.87	1293.69	689.97	1293.69	1293.69	574.98	492.84	574.98	689.97
997	4.68	5.61	7.65	5.61	7.65	4.01	7.65	10.52	5.61	10.52	10.52	4.68	4.01	4.68	5.61
514	4.35	5.22	7.12	5.22	7.12	3.73	7.12	9.79	5.22	9.79	9.79	4.35	3.73	4.35	5.22
756	315.67	378.80	516.55	378.80	516.55	270.57	516.55	710.25	378.80	710.25	710.25	315.67	270.57	315.67	378.80
998	4.58	5.49	7.49	5.49	7.49	3.92	7.49	10.29	5.49	10.29	10.29	4.58	3.92	4.58	5.49
515	4.24	5.09	6.94	5.09	6.94	3.64	6.94	9.54	5.09	9.54	9.54	4.24	3.64	4.24	5.09
757	521.86	626.23	853.95	626.23	853.95	447.31	853.95	1174.18	626.23	1174.18	1174.18	521.86	447.31	521.86	626.23
999	4.40	5.28	7.20	5.28	7.20	3.77	7.20	9.90	5.28	9.90	9.90	4.40	3.77	4.40	5.28
516	4.41	5.29	7.21	5.29	7.21	3.78	7.21	9.92	5.29	9.92	9.92	4.41	3.78	4.41	5.29
758	402.45	482.94	658.55	482.94	658.55	344.96	658.55	905.51	482.94	905.51	905.51	402.45	344.96	402.45	482.94
517	3.98	4.78	6.52	4.78	6.52	3.41	6.52	8.96	4.78	8.96	8.96	3.98	3.41	3.98	4.78
759	270.58	324.70	442.77	324.70	442.77	231.93	442.77	608.81	324.70	608.81	608.81	270.58	231.93	270.58	324.70
518	4.38	5.25	7.16	5.25	7.16	3.75	7.16	9.84	5.25	9.84	9.84	4.38	3.75	4.38	5.25
519	4.48	5.37	7.32	5.37	7.32	3.84	7.32	10.07	5.37	10.07	10.07	4.48	3.84	4.48	5.37
760	563.41	676.09	921.94	676.09	921.94	482.92	921.94	1267.67	676.09	1267.67	1267.67	563.41	482.92	563.41	676.09
761	428.57	514.28	701.29	514.28	701.29	367.34	701.29	964.28	514.28	964.28	964.28	428.57	367.34	428.57	514.28
520	3.93	4.72	6.44	4.72	6.44	3.37	6.44	8.85	4.72	8.85	8.85	3.93	3.37	3.93	4.72
762	485.43	582.52	794.35	582.52	794.35	416.09	794.35	1092.23	582.52	1092.23	1092.23	485.43	416.09	485.43	582.52
521	4.79	5.75	7.84	5.75	7.84	4.11	7.84	10.78	5.75	10.78	10.78	4.79	4.11	4.79	5.75
763	237.57	285.09	388.76	285.09	388.76	203.64	388.76	534.54	285.09	534.54	534.54	237.57	203.64	237.57	285.09
522	4.35	5.22	7.12	5.22	7.12	3.73	7.12	9.79	5.22	9.79	9.79	4.35	3.73	4.35	5.22
764	307.37	368.84	502.96	368.84	502.96	263.46	502.96	691.58	368.84	691.58	691.58	307.37	263.46	307.37	368.84
523	3.76	4.51	6.15	4.51	6.15	3.22	6.15	8.46	4.51	8.46	8.46	3.76	3.22	3.76	4.51
765	568.47	682.17	930.23	682.17	930.23	487.26	930.23	1279.07	682.17	1279.07	1279.07	568.47	487.26	568.47	682.17
524	4.08	4.90	6.68	4.90	6.68	3.50	6.68	9.19	4.90	9.19	9.19	4.08	3.50	4.08	4.90
766	431.58	517.89	706.21	517.89	706.21	369.92	706.21	971.04	517.89	971.04	971.04	431.58	369.92	431.58	517.89
525	4.50	5.40	7.36	5.40	7.36	3.86	7.36	10.13	5.40	10.13	10.13	4.50	3.86	4.50	5.40
767	533.58	640.29	873.12	640.29	873.12	457.35	873.12	1200.54	640.29	1200.54	1200.54	533.58	457.35	533.58	640.29
526	4.25	5.10	6.95	5.10	6.95	3.64	6.95	9.56	5.10	9.56	9.56	4.25	3.64	4.25	5.10
768	384.84	461.81	629.74	461.81	629.74	329.86	629.74	865.89	461.81	865.89	865.89	384.84	329.86	384.84	461.81
527	4.41	5.29	7.21	5.29	7.21	3.78	7.21	9.92	5.29	9.92	9.92	4.41	3.78	4.41	5.29
769	394.02	472.82	644.75	472.82	644.75	337.73	644.75	886.54	472.82	886.54	886.54	394.02	337.73	394.02	472.82
528	3.82	4.58	6.25	4.58	6.25	3.27	6.25	8.59	4.58	8.59	8.59	3.82	3.27	3.82	4.58
529	4.28	5.14	7.01	5.14	7.01	3.67	7.01	9.64	5.14	9.64	9.64	4.28	3.67	4.28	5.14
770	491.03	589.24	803.51	589.24	803.51	420.89	803.51	1104.83	589.24	1104.83	1104.83	491.03	420.89	491.03	589.24
771	469.00	562.80	767.45	562.80	767.45	402.00	767.45	1055.25	562.80	1055.25	1055.25	469.00	402.00	469.00	562.80
530	4.37	5.24	7.15	5.24	7.15	3.74	7.15	9.83	5.24	9.83	9.83	4.37	3.74	4.37	5.24
772	401.04	481.25	656.25	481.25	656.25	343.75	656.25	902.34	481.25	902.34	902.34	401.04	343.75	401.04	481.25
531	4.53	5.43	7.40	5.43	7.40	3.88	7.40	10.18	5.43	10.18	10.18	4.53	3.88	4.53	5.43
773	207.92	249.50	340.23	249.50	340.23	178.21	340.23	467.81	249.50	467.81	467.81	207.92	178.21	207.92	249.50
532	4.57	5.48	7.47	5.48	7.47	3.91	7.47	10.28	5.48	10.28	10.28	4.57	3.91	4.57	5.48
774	214.39	257.27	350.82	257.27	350.82	183.76	350.82	482.38	257.27	482.38	482.38	214.39	183.76	214.39	257.27
533	3.93	4.72	6.44	4.72	6.44	3.37	6.44	8.85	4.72	8.85	8.85	3.93	3.37	3.93	4.72
775	471.87	566.24	772.15	566.24	772.15	404.46	772.15	1061.70	566.24	1061.70	1061.70	471.87	404.46	471.87	566.24
534	4.27	5.12	6.98	5.12	6.98	3.66	6.98	9.60	5.12	9.60	9.60	4.27	3.66	4.27	5.12
776	218.66	262.39	357.80	262.39	357.80	187.42	357.80	491.98	262.39	491.98	491.98	218.66	187.42	218.66	262.39
535	4.09	4.91	6.70	4.91	6.70	3.51	6.70	9.21	4.91	9.21	9.21	4.09	3.51	4.09	4.91
777	419.91	503.89	687.12	503.89	687.12	359.92	687.12	944.79	503.89	944.79	944.79	419.91	359.92	419.91	503.89
536	3.91	4.69	6.40	4.69	6.40	3.35	6.40	8.79	4.69	8.79	8.79	3.91	3.35	3.91	4.69
778	566.83	680.20	927.55	680.20	927.55	485.86	927.55	1275.38	680.20	1275.38	1275.38	566.83	485.86	566.83	680.20
537	4.18	5.02	6.85	5.02	6.85	3.59	6.85	9.41	5.02	9.41	9.41	4.18	3.59	4.18	5.02
779	373.79	448.55	611.66	448.55	611.66	320.39	611.66	841.03	448.55	841.03	841.03	373.79	320.39	373.79	448.55
538	4.50	5.40	7.36	5.40	7.36	3.86	7.36	10.13	5.40	10.13	10.13	4.50	3.86	4.50	5.40
539	3.88	4.65	6.34	4.65	6.34	3.32	6.34	8.72	4.65	8.72	8.72	3.88	3.32	3.88	4.65
780	489.90	587.88	801.65	587.88	801.65	419.91	801.65	1102.28	587.88	1102.28	1102.28	489.90	419.91	489.90	587.88
781	373.92	448.70	611.86	448.70	611.86	320.50	611.86	841.31	448.70	841.31	841.31	373.92	320.50	373.92	448.70
540	4.63	5.56	7.58	5.56	7.58	3.97	7.58	10.43	5.56	10.43	10.43	4.63	3.97	4.63	5.56
782	463.17	555.81	757.92	555.81	757.92	397.01	757.92	1042.14	555.81	1042.14	1042.14	463.17	397.01	463.17	555.81
541	4.15	4.98	6.79	4.98	6.79	3.56	6.79	9.34	4.98	9.34	9.34	4.15	3.56	4.15	4.98
783	511.34	613.61	836.74	613.61	836.74	438.29	836.74	1150.52	613.61	1150.52	1150.52	511.34	438.29	511.34	613.61
300	395.78	474.93	647.63	474.93	647.63	339.24	647.63	890.49	474.93	890.49	890.49	395.78	339.24	395.78	474.93
542	4.26	5.11	6.97	5.11	6.97	3.65	6.97	9.58	5.11	9.58	9.58	4.26	3.65	4.26	5.11
784	322.64	387.17	527.96	387.17	527.96	276.55	527.96	725.94	387.17	725.94	725.94	322.64	276.55	322.64	387.17
301	451.38	541.66	738.63	541.66	738.63	386.90	738.63	1015.61	541.66	1015.61	1015.61	451.38	386.90	451.38	541.66
543	3.78	4.54	6.19	4.54	6.19	3.24	6.19	8.51	4.54	8.51	8.51	3.78	3.24	3.78	4.54
785	419.93	503.92	687.16	503.92	687.16	359.94	687.16	944.85	503.92	944.85	944.85	419.93	359.94	419.93	503.92
302	427.93	513.51	700.24	513.51	700.24	366.79	700.24	962.83	513.51	962.83	962.83	427.93	366.79	427.93	513.51
544	3.79	4.55	6.20	4.55	6.20	3.25	6.20	8.53	4.55	8.53	8.53	3.79	3.25	3.79	4.55
786	218.05	261.66	356.81	261.66	356.81	186.90	356.81	490.61	261.66	490.61	490.61	218.05	186.90	218.05	261.66
303	227.56	273.07	372.37	273.07	372.37	195.05	372.37	512.01	273.07	512.01	512.01	227.56	195.05	227.56	273.07
545	4.12	4.94	6.74	4.94	6.74	3.53	6.74	9.26	4.94	9.26	9.26	4.12	3.53	4.12	4.94
787	482.24	578.69	789.12	578.69	789.12	413.35	789.12	1085.04	578.69	1085.04	1085.04	482.24	413.35	482.24	578.69
304	307.18	368.62	502.66	368.62	502.66	263.30	502.66	691.16	368.62	691.16	691.16	307.18	263.30	307.18	368.62
546	4.42	5.30	7.23	5.30	7.23	3.79	7.23	9.94	5.30	9.94	9.94	4.42	3.79	4.42	5.30
788	268.56	322.27	439.46	322.27	439.46	230.19	439.46	604.26	322.27	604.26	604.26	268.56	230.19	268.56	322.27
305	546.39	655.67	894.10	655.67	894.10	468.34	894.10	1229.38	655.67	1229.38	1229.38	546.39	468.34	546.39	655.67
547	4.26	5.11	6.97	5.11	6.97	3.65	6.97	9.58	5.11	9.58	9.58	4.26	3.65	4.26	5.11
789	265.49	318.59	434.44	318.59	434.44	227.56	434.44	597.36	318.59	597.36	597.36	265.49	227.56	265.49	318.59
306	275.77	330.92	451.25	330.92	451.25	236.37	451.25	620.48	330.92	620.48	620.48	275.77	236.37	275.77	330.92
548	4.31	5.17	7.05	5.17	7.05	3.69	7.05	9.69	5.17	9.69	9.69	4.31	3.69	4.31	5.17
307	450.75	540.90	737.59	540.90	737.59	386.36	737.59	1014.19	540.90	1014.19	1014.19	450.75	386.36	450.75	540.90
549	4.10	4.92	6.71	4.92	6.71	3.51	6.71	9.23	4.92	9.23	9.23	4.10	3.51	4.10	4.92
308	276.48	331.77	452.41	331.77	452.41	236.98	452.41	622.07	331.77	622.07	622.07	276.48	236.98	276.48	331.77
309	250.36	300.43	409.68	300.43	409.68	214.59	409.68	563.31	300.43	563.31	563.31	250.36	214.59	250.36	300.43
790	431.84	518.21	706.65	518.21	706.65	370.15	706.65	971.64	518.21	971.64	971.64	431.84	370.15	431.84	518.21
791	541.64	649.97	886.32	649.97	886.32	464.26	886.32	1218.69	649.97	1218.69	1218.69	541.64	464.26	541.64	649.97
550	4.49	5.39	7.35	5.39	7.35	3.85	7.35	10.11	5.39	10.11	10.11	4.49	3.85	4.49	5.39
792	410.46	492.55	671.66	492.55	671.66	351.82	671.66	923.53	492.55	923.53	923.53	410.46	351.82	410.46	492.55
551	4.48	5.38	7.34	5.38	7.34	3.84	7.34	10.09	5.38	10.09	10.09	4.48	3.84	4.48	5.38
793	428.22	513.86	700.72	513.86	700.72	367.04	700.72	963.49	513.86	963.49	963.49	428.22	367.04	428.22	513.86
310	351.43	421.71	575.06	421.71	575.06	301.22	575.06	790.71	421.71	790.71	790.71	351.43	301.22	351.43	421.71
552	4.30	5.16	7.04	5.16	7.04	3.69	7.04	9.68	5.16	9.68	9.68	4.30	3.69	4.30	5.16
794	329.33	395.19	538.90	395.19	538.90	282.28	538.90	740.98	395.19	740.98	740.98	329.33	282.28	329.33	395.19
311	268.83	322.60	439.91	322.60	439.91	230.43	439.91	604.88	322.60	604.88	604.88	268.83	230.43	268.83	322.60
553	4.14	4.97	6.78	4.97	6.78	3.55	6.78	9.32	4.97	9.32	9.32	4.14	3.55	4.14	4.97
795	455.06	546.07	744.64	546.07	744.64	390.05	744.64	1023.88	546.07	1023.88	1023.88	455.06	390.05	455.06	546.07
312	334.58	401.49	547.49	401.49	547.49	286.78	547.49	752.79	401.49	752.79	752.79	334.58	286.78	334.58	401.49
554	4.43	5.32	7.25	5.32	7.25	3.80	7.25	9.98	5.32	9.98	9.98	4.43	3.80	4.43	5.32
796	384.47	461.36	629.13	461.36	629.13	329.54	629.13	865.05	461.36	865.05	865.05	384.47	329.54	384.47	461.36
313	257.33	308.80	421.09	308.80	421.09	220.57	421.09	579.00	308.80	579.00	579.00	257.33	220.57	257.33	308.80
555	4.36	5.23	7.13	5.23	7.13	3.74	7.13	9.81	5.23	9.81	9.81	4.36	3.74	4.36	5.23
797	540.42	648.50	884.32	648.50	884.32	463.21	884.32	1215.94	648.50	1215.94	1215.94	540.42	463.21	540.42	648.50
314	327.68	393.22	536.21	393.22	536.21	280.87	536.21	737.29	393.22	737.29	737.29	327.68	280.87	327.68	393.22
556	4.41	5.29	7.21	5.29	7.21	3.78	7.21	9.92	5.29	9.92	9.92	4.41	3.78	4.41	5.29
798	195.58	234.70	320.05	234.70	320.05	167.64	320.05	440.06	234.70	440.06	440.06	195.58	167.64	195.58	234.70
315	243.90	292.68	399.11	292.68	399.11	209.06	399.11	548.78	292.68	548.78	548.78	243.90	209.06	243.90	292.68
557	4.16	4.99	6.80	4.99	6.80	3.56	6.80	9.36	4.99	9.36	9.36	4.16	3.56	4.16	4.99
799	512.47	614.96	838.58	614.96	838.58	439.26	838.58	1153.05	614.96	1153.05	1153.05	512.47	439.26	512.47	614.96
316	429.15	514.98	702.25	514.98	702.25	367.84	702.25	965.59	514.98	965.59	965.59	429.15	367.84	429.15	514.98
558	4.43	5.32	7.25	5.32	7.25	3.80	7.25	9.98	5.32	9.98	9.98	4.43	3.80	4.43	5.32
317	519.38	623.26	849.90	623.26	849.90	445.19	849.90	1168.61	623.26	1168.61	1168.61	519.38	445.19	519.38	623.26
559	4.34	5.21	7.10	5.21	7.10	3.72	7.10	9.77	5.21	9.77	9.77	4.34	3.72	4.34	5.21
318	309.48	371.37	506.41	371.37	506.41	265.26	506.41	696.32	371.37	696.32	696.32	309.48	265.26	309.48	371.37
319	554.58	665.49	907.49	665.49	907.49	475.35	907.49	1247.79	665.49	1247.79	1247.79	554.58	475.35	554.58	665.49
560	4.02	4.82	6.57	4.82	6.57	3.44	6.57	9.04	4.82	9.04	9.04	4.02	3.44	4.02	4.82
561	4.48	5.37	7.32	5.37	7.32	3.84	7.32	10.07	5.37	10.07	10.07	4.48	3.84	4.48	5.37
320	563.12	675.74	921.46	675.74	921.46	482.67	921.46	1267.01	675.74	1267.01	1267.01	563.12	482.67	563.12	675.74
562	3.86	4.63	6.31	4.63	6.31	3.31	6.31	8.68	4.63	8.68	8.68	3.86	3.31	3.86	4.63
321	334.31	401.17	547.05	401.17	547.05	286.55	547.05	752.19	401.17	752.19	752.19	334.31	286.55	334.31	401.17
563	4.44	5.33	7.27	5.33	7.27	3.81	7.27	9.99	5.33	9.99	9.99	4.44	3.81	4.44	5.33
322	416.30	499.56	681.22	499.56	681.22	356.83	681.22	936.68	499.56	936.68	936.68	416.30	356.83	416.30	499.56
564	4.14	4.97	6.78	4.97	6.78	3.55	6.78	9.32	4.97	9.32	9.32	4.14	3.55	4.14	4.97
323	226.46	271.75	370.57	271.75	370.57	194.11	370.57	509.53	271.75	509.53	509.53	226.46	194.11	226.46	271.75
565	3.97	4.77	6.50	4.77	6.50	3.41	6.50	8.94	4.77	8.94	8.94	3.97	3.41	3.97	4.77
324	240.81	288.97	394.05	288.97	394.05	206.41	394.05	541.82	288.97	541.82	541.82	240.81	206.41	240.81	288.97
566	4.11	4.93	6.72	4.93	6.72	3.52	6.72	9.24	4.93	9.24	9.24	4.11	3.52	4.11	4.93
325	512.21	614.65	838.16	614.65	838.16	439.04	838.16	1152.47	614.65	1152.47	1152.47	512.21	439.04	512.21	614.65
567	4.73	5.67	7.73	5.67	7.73	4.05	7.73	10.63	5.67	10.63	10.63	4.73	4.05	4.73	5.67
326	350.19	420.23	573.04	420.23	573.04	300.16	573.04	787.93	420.23	787.93	787.93	350.19	300.16	350.19	420.23
568	4.38	5.25	7.16	5.25	7.16	3.75	7.16	9.84	5.25	9.84	9.84	4.38	3.75	4.38	5.25
327	403.14	483.77	659.69	483.77	659.69	345.55	659.69	907.07	483.77	907.07	907.07	403.14	345.55	403.14	483.77
569	3.68	4.41	6.01	4.41	6.01	3.15	6.01	8.27	4.41	8.27	8.27	3.68	3.15	3.68	4.41
328	278.25	333.90	455.32	333.90	455.32	238.50	455.32	626.06	333.90	626.06	626.06	278.25	238.50	278.25	333.90
329	453.58	544.29	742.21	544.29	742.21	388.78	742.21	1020.54	544.29	1020.54	1020.54	453.58	388.78	453.58	544.29
570	4.40	5.28	7.20	5.28	7.20	3.77	7.20	9.90	5.28	9.90	9.90	4.40	3.77	4.40	5.28
571	4.73	5.67	7.73	5.67	7.73	4.05	7.73	10.63	5.67	10.63	10.63	4.73	4.05	4.73	5.67
330	200.93	241.12	328.80	241.12	328.80	172.23	328.80	452.10	241.12	452.10	452.10	200.93	172.23	200.93	241.12
572	4.06	4.87	6.64	4.87	6.64	3.48	6.64	9.13	4.87	9.13	9.13	4.06	3.48	4.06	4.87
331	302.57	363.08	495.11	363.08	495.11	259.34	495.11	680.78	363.08	680.78	680.78	302.57	259.34	302.57	363.08
573	4.17	5.00	6.82	5.00	6.82	3.57	6.82	9.38	5.00	9.38	9.38	4.17	3.57	4.17	5.00
332	255.10	306.12	417.44	306.12	417.44	218.66	417.44	573.98	306.12	573.98	573.98	255.10	218.66	255.10	306.12
574	4.12	4.94	6.74	4.94	6.74	3.53	6.74	9.26	4.94	9.26	9.26	4.12	3.53	4.12	4.94
333	219.02	262.82	358.39	262.82	358.39	187.73	358.39	492.79	262.82	492.79	492.79	219.02	187.73	219.02	262.82
575	4.27	5.12	6.98	5.12	6.98	3.66	6.98	9.60	5.12	9.60	9.60	4.27	3.66	4.27	5.12
334	399.63	479.56	653.95	479.56	653.95	342.54	653.95	899.18	479.56	899.18	899.18	399.63	342.54	399.63	479.56
576	4.32	5.18	7.06	5.18	7.06	3.70	7.06	9.71	5.18	9.71	9.71	4.32	3.70	4.32	5.18
335	419.37	503.24	686.24	503.24	686.24	359.46	686.24	943.58	503.24	943.58	943.58	419.37	359.46	419.37	503.24
577	4.43	5.32	7.25	5.32	7.25	3.80	7.25	9.98	5.32	9.98	9.98	4.43	3.80	4.43	5.32
336	405.27	486.32	663.16	486.32	663.16	347.37	663.16	911.85	486.32	911.85	911.85	405.27	347.37	405.27	486.32
578	4.55	5.46	7.45	5.46	7.45	3.90	7.45	10.24	5.46	10.24	10.24	4.55	3.90	4.55	5.46
337	554.67	665.60	907.64	665.60	907.64	475.43	907.64	1248.00	665.60	1248.00	1248.00	554.67	475.43	554.67	665.60
579	3.95	4.74	6.46	4.74	6.46	3.39	6.46	8.89	4.74	8.89	8.89	3.95	3.39	3.95	4.74
338	349.93	419.92	572.62	419.92	572.62	299.94	572.62	787.35	419.92	787.35	787.35	349.93	299.94	349.93	419.92
339	528.43	634.12	864.71	634.12	864.71	452.94	864.71	1188.98	634.12	1188.98	1188.98	528.43	452.94	528.43	634.12
580	4.05	4.86	6.63	4.86	6.63	3.47	6.63	9.11	4.86	9.11	9.11	4.05	3.47	4.05	4.86
581	4.28	5.14	7.01	5.14	7.01	3.67	7.01	9.64	5.14	9.64	9.64	4.28	3.67	4.28	5.14
340	539.09	646.91	882.15	646.91	882.15	462.08	882.15	1212.96	646.91	1212.96	1212.96	539.09	462.08	539.09	646.91
582	4.08	4.90	6.68	4.90	6.68	3.50	6.68	9.19	4.90	9.19	9.19	4.08	3.50	4.08	4.90
341	416.30	499.56	681.22	499.56	681.22	356.83	681.22	936.68	499.56	936.68	936.68	416.30	356.83	416.30	499.56
583	3.73	4.48	6.11	4.48	6.11	3.20	6.11	8.40	4.48	8.40	8.40	3.73	3.20	3.73	4.48
100	15.31	18.37	25.05	18.37	25.05	13.12	25.05	34.44	18.37	34.44	34.44	15.31	13.12	15.31	18.37
342	481.34	577.61	787.65	577.61	787.65	412.58	787.65	1083.02	577.61	1083.02	1083.02	481.34	412.58	481.34	577.61
584	4.54	5.45	7.43	5.45	7.43	3.89	7.43	10.22	5.45	10.22	10.22	4.54	3.89	4.54	5.45
101	14.77	17.72	24.16	17.72	24.16	12.66	24.16	33.23	17.72	33.23	33.23	14.77	12.66	14.77	17.72
343	363.88	436.66	595.45	436.66	595.45	311.90	595.45	818.74	436.66	818.74	818.74	363.88	311.90	363.88	436.66
585	3.88	4.65	6.34	4.65	6.34	3.32	6.34	8.72	4.65	8.72	8.72	3.88	3.32	3.88	4.65
102	14.21	17.05	23.25	17.05	23.25	12.18	23.25	31.97	17.05	31.97	31.97	14.21	12.18	14.21	17.05
344	244.76	293.71	400.51	293.71	400.51	209.79	400.51	550.71	293.71	550.71	550.71	244.76	209.79	244.76	293.71
586	3.95	4.74	6.46	4.74	6.46	3.39	6.46	8.89	4.74	8.89	8.89	3.95	3.39	3.95	4.74
103	14.99	17.99	24.53	17.99	24.53	12.85	24.53	33.73	17.99	33.73	33.73	14.99	12.85	14.99	17.99
345	252.52	303.02	413.21	303.02	413.21	216.44	413.21	568.16	303.02	568.16	568.16	252.52	216.44	252.52	303.02
587	4.25	5.10	6.95	5.10	6.95	3.64	6.95	9.56	5.10	9.56	9.56	4.25	3.64	4.25	5.10
104	14.70	17.64	24.05	17.64	24.05	12.60	24.05	33.08	17.64	33.08	33.08	14.70	12.60	14.70	17.64
346	245.02	294.03	400.95	294.03	400.95	210.02	400.95	551.31	294.03	551.31	551.31	245.02	210.02	245.02	294.03
588	4.91	5.89	8.03	5.89	8.03	4.21	8.03	11.04	5.89	11.04	11.04	4.91	4.21	4.91	5.89
105	15.62	18.74	25.55	18.74	25.55	13.39	25.55	35.14	18.74	35.14	35.14	15.62	13.39	15.62	18.74
347	452.01	542.41	739.65	542.41	739.65	387.44	739.65	1017.02	542.41	1017.02	1017.02	452.01	387.44	452.01	542.41
589	4.39	5.27	7.19	5.27	7.19	3.76	7.19	9.88	5.27	9.88	9.88	4.39	3.76	4.39	5.27
106	15.11	18.13	24.72	18.13	24.72	12.95	24.72	33.99	18.13	33.99	33.99	15.11	12.95	15.11	18.13
348	240.63	288.75	393.75	288.75	393.75	206.25	393.75	541.41	288.75	541.41	541.41	240.63	206.25	240.63	288.75
107	15.07	18.08	24.65	18.08	24.65	12.91	24.65	33.90	18.08	33.90	33.90	15.07	12.91	15.07	18.08
349	385.13	462.16	630.22	462.16	630.22	330.11	630.22	866.55	462.16	866.55	866.55	385.13	330.11	385.13	462.16
108	15.33	18.39	25.08	18.39	25.08	13.14	25.08	34.48	18.39	34.48	34.48	15.33	13.14	15.33	18.39
109	14.92	17.90	24.41	17.90	24.41	12.79	24.41	33.56	17.90	33.56	33.56	14.92	12.79	14.92	17.90
590	4.36	5.23	7.13	5.23	7.13	3.74	7.13	9.81	5.23	9.81	9.81	4.36	3.74	4.36	5.23
591	4.35	5.22	7.12	5.22	7.12	3.73	7.12	9.79	5.22	9.79	9.79	4.35	3.73	4.35	5.22
350	529.69	635.63	866.77	635.63	866.77	454.02	866.77	1191.81	635.63	1191.81	1191.81	529.69	454.02	529.69	635.63
592	3.83	4.60	6.27	4.60	6.27	3.29	6.27	8.62	4.60	8.62	8.62	3.83	3.29	3.83	4.60
351	337.22	404.66	551.81	404.66	551.81	289.04	551.81	758.74	404.66	758.74	758.74	337.22	289.04	337.22	404.66
593	4.27	5.12	6.98	5.12	6.98	3.66	6.98	9.60	5.12	9.60	9.60	4.27	3.66	4.27	5.12
110	15.27	18.32	24.98	18.32	24.98	13.09	24.98	34.35	18.32	34.35	34.35	15.27	13.09	15.27	18.32
352	384.88	461.86	629.81	461.86	629.81	329.90	629.81	865.99	461.86	865.99	865.99	384.88	329.90	384.88	461.86
594	3.93	4.71	6.42	4.71	6.42	3.36	6.42	8.83	4.71	8.83	8.83	3.93	3.36	3.93	4.71
111	15.54	18.65	25.43	18.65	25.43	13.32	25.43	34.97	18.65	34.97	34.97	15.54	13.32	15.54	18.65
353	347.71	417.25	568.98	417.25	568.98	298.04	568.98	782.34	417.25	782.34	782.34	347.71	298.04	347.71	417.25
595	3.97	4.77	6.50	4.77	6.50	3.41	6.50	8.94	4.77	8.94	8.94	3.97	3.41	3.97	4.77
112	15.19	18.23	24.86	18.23	24.86	13.02	24.86	34.18	18.23	34.18	34.18	15.19	13.02	15.19	18.23
354	565.78	678.93	925.81	678.93	925.81	484.95	925.81	1272.99	678.93	1272.99	1272.99	565.78	484.95	565.78	678.93
596	4.70	5.64	7.69	5.64	7.69	4.03	7.69	10.58	5.64	10.58	10.58	4.70	4.03	4.70	5.64
113	15.10	18.12	24.71	18.12	24.71	12.94	24.71	33.98	18.12	33.98	33.98	15.10	12.94	15.10	18.12
355	463.53	556.24	758.51	556.24	758.51	397.31	758.51	1042.95	556.24	1042.95	1042.95	463.53	397.31	463.53	556.24
597	4.45	5.34	7.28	5.34	7.28	3.81	7.28	10.01	5.34	10.01	10.01	4.45	3.81	4.45	5.34
114	14.88	17.86	24.35	17.86	24.35	12.76	24.35	33.49	17.86	33.49	33.49	14.88	12.76	14.88	17.86
356	363.52	436.22	594.85	436.22	594.85	311.59	594.85	817.91	436.22	817.91	817.91	363.52	311.59	363.52	436.22
598	4.48	5.37	7.32	5.37	7.32	3.84	7.32	10.07	5.37	10.07	10.07	4.48	3.84	4.48	5.37
115	14.93	17.92	24.44	17.92	24.44	12.80	24.44	33.60	17.92	33.60	33.60	14.93	12.80	14.93	17.92
357	463.79	556.55	758.93	556.55	758.93	397.54	758.93	1043.53	556.55	1043.53	1043.53	463.79	397.54	463.79	556.55
599	4.05	4.86	6.63	4.86	6.63	3.47	6.63	9.11	4.86	9.11	9.11	4.05	3.47	4.05	4.86
116	15.01	18.01	24.56	18.01	24.56	12.86	24.56	33.77	18.01	33.77	33.77	15.01	12.86	15.01	18.01
358	227.65	273.18	372.52	273.18	372.52	195.13	372.52	512.21	273.18	512.21	512.21	227.65	195.13	227.65	273.18
117	14.52	17.42	23.75	17.42	23.75	12.44	23.75	32.66	17.42	32.66	32.66	14.52	12.44	14.52	17.42
359	406.28	487.53	664.81	487.53	664.81	348.24	664.81	914.12	487.53	914.12	914.12	406.28	348.24	406.28	487.53
118	15.05	18.06	24.63	18.06	24.63	12.90	24.63	33.86	18.06	33.86	33.86	15.05	12.90	15.05	18.06
119	15.23	18.28	24.93	18.28	24.93	13.06	24.93	34.28	18.28	34.28	34.28	15.23	13.06	15.23	18.28
10	15.79	18.95	25.84	18.95	25.84	13.54	25.84	35.53	18.95	35.53	35.53	15.79	13.54	15.79	18.95
11	14.93	17.91	24.42	17.91	24.42	12.79	24.42	33.58	17.91	33.58	33.58	14.93	12.79	14.93	17.91
12	14.93	17.92	24.44	17.92	24.44	12.80	24.44	33.60	17.92	33.60	33.60	14.93	12.80	14.93	17.92
13	15.51	18.61	25.38	18.61	25.38	13.29	25.38	34.89	18.61	34.89	34.89	15.51	13.29	15.51	18.61
14	15.52	18.62	25.39	18.62	25.39	13.30	25.39	34.91	18.62	34.91	34.91	15.52	13.30	15.52	18.62
15	14.98	17.97	24.50	17.97	24.50	12.84	24.50	33.69	17.97	33.69	33.69	14.98	12.84	14.98	17.97
16	14.84	17.81	24.29	17.81	24.29	12.72	24.29	33.39	17.81	33.39	33.39	14.84	12.72	14.84	17.81
17	15.47	18.56	25.31	18.56	25.31	13.26	25.31	34.80	18.56	34.80	34.80	15.47	13.26	15.47	18.56
18	15.18	18.22	24.85	18.22	24.85	13.01	24.85	34.16	18.22	34.16	34.16	15.18	13.01	15.18	18.22
19	15.12	18.14	24.74	18.14	24.74	12.96	24.74	34.01	18.14	34.01	34.01	15.12	12.96	15.12	18.14
360	421.73	506.07	690.10	506.07	690.10	361.48	690.10	948.88	506.07	948.88	948.88	421.73	361.48	421.73	506.07
361	420.56	504.67	688.19	504.67	688.19	360.48	688.19	946.26	504.67	946.26	946.26	420.56	360.48	420.56	504.67
120	15.18	18.22	24.85	18.22	24.85	13.01	24.85	34.16	18.22	34.16	34.16	15.18	13.01	15.18	18.22
362	296.96	356.35	485.93	356.35	485.93	254.54	485.93	668.16	356.35	668.16	668.16	296.96	254.54	296.96	356.35
121	14.79	17.75	24.20	17.75	24.20	12.68	24.20	33.28	17.75	33.28	33.28	14.79	12.68	14.79	17.75
363	372.43	446.92	609.44	446.92	609.44	319.23	609.44	837.98	446.92	837.98	837.98	372.43	319.23	372.43	446.92
122	14.81	17.77	24.23	17.77	24.23	12.69	24.23	33.32	17.77	33.32	33.32	14.81	12.69	14.81	17.77
364	311.43	373.72	509.62	373.72	509.62	266.94	509.62	700.73	373.72	700.73	700.73	311.43	266.94	311.43	373.72
123	14.94	17.93	24.45	17.93	24.45	12.81	24.45	33.62	17.93	33.62	33.62	14.94	12.81	14.94	17.93
365	449.50	539.40	735.55	539.40	735.55	385.29	735.55	1011.38	539.40	1011.38	1011.38	449.50	385.29	449.50	539.40
124	14.88	17.86	24.35	17.86	24.35	12.76	24.35	33.49	17.86	33.49	33.49	14.88	12.76	14.88	17.86
366	489.38	587.25	800.80	587.25	800.80	419.46	800.80	1101.09	587.25	1101.09	1101.09	489.38	419.46	489.38	587.25
125	14.80	17.76	24.22	17.76	24.22	12.69	24.22	33.30	17.76	33.30	33.30	14.80	12.69	14.80	17.76
367	556.96	668.35	911.39	668.35	911.39	477.39	911.39	1253.16	668.35	1253.16	1253.16	556.96	477.39	556.96	668.35
126	15.66	18.79	25.62	18.79	25.62	13.42	25.62	35.23	18.79	35.23	35.23	15.66	13.42	15.66	18.79
368	313.00	375.60	512.18	375.60	512.18	268.29	512.18	704.25	375.60	704.25	704.25	313.00	268.29	313.00	375.60
127	15.26	18.31	24.97	18.31	24.97	13.08	24.97	34.33	18.31	34.33	34.33	15.26	13.08	15.26	18.31
369	416.77	500.12	681.98	500.12	681.98	357.23	681.98	937.73	500.12	937.73	937.73	416.77	357.23	416.77	500.12
128	15.36	18.43	25.13	18.43	25.13	13.16	25.13	34.56	18.43	34.56	34.56	15.36	13.16	15.36	18.43
129	15.39	18.47	25.19	18.47	25.19	13.19	25.19	34.63	18.47	34.63	34.63	15.39	13.19	15.39	18.47
20	15.25	18.30	24.95	18.30	24.95	13.07	24.95	34.31	18.30	34.31	34.31	15.25	13.07	15.25	18.30
21	15.65	18.78	25.61	18.78	25.61	13.41	25.61	35.21	18.78	35.21	35.21	15.65	13.41	15.65	18.78
22	14.94	17.93	24.45	17.93	24.45	12.81	24.45	33.62	17.93	33.62	33.62	14.94	12.81	14.94	17.93
23	14.96	17.95	24.48	17.95	24.48	12.82	24.48	33.66	17.95	33.66	33.66	14.96	12.82	14.96	17.95
24	15.13	18.16	24.76	18.16	24.76	12.97	24.76	34.05	18.16	34.05	34.05	15.13	12.97	15.13	18.16
25	14.94	17.93	24.45	17.93	24.45	12.81	24.45	33.62	17.93	33.62	33.62	14.94	12.81	14.94	17.93
26	15.27	18.33	25.00	18.33	25.00	13.09	25.00	34.37	18.33	34.37	34.37	15.27	13.09	15.27	18.33
27	14.85	17.82	24.30	17.82	24.30	12.73	24.30	33.41	17.82	33.41	33.41	14.85	12.73	14.85	17.82
28	15.27	18.33	25.00	18.33	25.00	13.09	25.00	34.37	18.33	34.37	34.37	15.27	13.09	15.27	18.33
29	15.48	18.57	25.32	18.57	25.32	13.26	25.32	34.82	18.57	34.82	34.82	15.48	13.26	15.48	18.57
370	407.35	488.82	666.57	488.82	666.57	349.16	666.57	916.54	488.82	916.54	916.54	407.35	349.16	407.35	488.82
371	282.78	339.34	462.74	339.34	462.74	242.39	462.74	636.26	339.34	636.26	636.26	282.78	242.39	282.78	339.34
130	14.83	17.80	24.27	17.80	24.27	12.71	24.27	33.38	17.80	33.38	33.38	14.83	12.71	14.83	17.80
372	480.33	576.39	785.99	576.39	785.99	411.71	785.99	1080.73	576.39	1080.73	1080.73	480.33	411.71	480.33	576.39
131	15.96	19.15	26.11	19.15	26.11	13.68	26.11	35.91	19.15	35.91	35.91	15.96	13.68	15.96	19.15
373	225.85	271.02	369.57	271.02	369.57	193.59	369.57	508.16	271.02	508.16	508.16	225.85	193.59	225.85	271.02
132	14.58	17.50	23.86	17.50	23.86	12.50	23.86	32.81	17.50	32.81	32.81	14.58	12.50	14.58	17.50
374	385.86	463.03	631.40	463.03	631.40	330.74	631.40	868.18	463.03	868.18	868.18	385.86	330.74	385.86	463.03
133	15.89	19.07	26.00	19.07	26.00	13.62	26.00	35.76	19.07	35.76	35.76	15.89	13.62	15.89	19.07
375	277.13	332.56	453.49	332.56	453.49	237.54	453.49	623.55	332.56	623.55	623.55	277.13	237.54	277.13	332.56
134	14.75	17.70	24.14	17.70	24.14	12.64	24.14	33.19	17.70	33.19	33.19	14.75	12.64	14.75	17.70
376	397.35	476.82	650.21	476.82	650.21	340.59	650.21	894.04	476.82	894.04	894.04	397.35	340.59	397.35	476.82
135	15.53	18.64	25.42	18.64	25.42	13.31	25.42	34.95	18.64	34.95	34.95	15.53	13.31	15.53	18.64
377	398.98	478.77	652.87	478.77	652.87	341.98	652.87	897.69	478.77	897.69	897.69	398.98	341.98	398.98	478.77
136	14.13	16.95	23.11	16.95	23.11	12.11	23.11	31.78	16.95	31.78	31.78	14.13	12.11	14.13	16.95
378	566.37	679.64	926.78	679.64	926.78	485.46	926.78	1274.33	679.64	1274.33	1274.33	566.37	485.46	566.37	679.64
137	14.77	17.72	24.16	17.72	24.16	12.66	24.16	33.23	17.72	33.23	33.23	14.77	12.66	14.77	17.72
379	404.14	484.97	661.32	484.97	661.32	346.41	661.32	909.32	484.97	909.32	909.32	404.14	346.41	404.14	484.97
138	15.42	18.50	25.23	18.50	25.23	13.21	25.23	34.69	18.50	34.69	34.69	15.42	13.21	15.42	18.50
139	15.51	18.61	25.38	18.61	25.38	13.29	25.38	34.89	18.61	34.89	34.89	15.51	13.29	15.51	18.61
30	15.46	18.55	25.30	18.55	25.30	13.25	25.30	34.78	18.55	34.78	34.78	15.46	13.25	15.46	18.55
31	15.55	18.66	25.45	18.66	25.45	13.33	25.45	34.99	18.66	34.99	34.99	15.55	13.33	15.55	18.66
32	15.54	18.65	25.43	18.65	25.43	13.32	25.43	34.97	18.65	34.97	34.97	15.54	13.32	15.54	18.65
33	14.89	17.87	24.37	17.87	24.37	12.76	24.37	33.51	17.87	33.51	33.51	14.89	12.76	14.89	17.87
34	15.75	18.90	25.77	18.90	25.77	13.50	25.77	35.44	18.90	35.44	35.44	15.75	13.50	15.75	18.90
35	15.36	18.43	25.13	18.43	25.13	13.16	25.13	34.56	18.43	34.56	34.56	15.36	13.16	15.36	18.43
36	15.24	18.29	24.94	18.29	24.94	13.06	24.94	34.29	18.29	34.29	34.29	15.24	13.06	15.24	18.29
37	14.28	17.14	23.37	17.14	23.37	12.24	23.37	32.14	17.14	32.14	32.14	14.28	12.24	14.28	17.14
38	14.57	17.48	23.84	17.48	23.84	12.49	23.84	32.78	17.48	32.78	32.78	14.57	12.49	14.57	17.48
39	15.53	18.64	25.42	18.64	25.42	13.31	25.42	34.95	18.64	34.95	34.95	15.53	13.31	15.53	18.64
380	211.01	253.21	345.29	253.21	345.29	180.86	345.29	474.77	253.21	474.77	474.77	211.01	180.86	211.01	253.21
381	291.01	349.21	476.20	349.21	476.20	249.44	476.20	654.77	349.21	654.77	654.77	291.01	249.44	291.01	349.21
140	14.94	17.93	24.45	17.93	24.45	12.81	24.45	33.62	17.93	33.62	33.62	14.94	12.81	14.94	17.93
382	456.27	547.52	746.62	547.52	746.62	391.09	746.62	1026.60	547.52	1026.60	1026.60	456.27	391.09	456.27	547.52
141	15.19	18.23	24.86	18.23	24.86	13.02	24.86	34.18	18.23	34.18	34.18	15.19	13.02	15.19	18.23
383	376.79	452.15	616.57	452.15	616.57	322.96	616.57	847.78	452.15	847.78	847.78	376.79	322.96	376.79	452.15
142	15.23	18.28	24.93	18.28	24.93	13.06	24.93	34.28	18.28	34.28	34.28	15.23	13.06	15.23	18.28
384	292.69	351.23	478.95	351.23	478.95	250.88	478.95	658.56	351.23	658.56	658.56	292.69	250.88	292.69	351.23
143	15.11	18.13	24.72	18.13	24.72	12.95	24.72	33.99	18.13	33.99	33.99	15.11	12.95	15.11	18.13
385	277.84	333.41	454.65	333.41	454.65	238.15	454.65	625.14	333.41	625.14	625.14	277.84	238.15	277.84	333.41
144	14.68	17.61	24.01	17.61	24.01	12.58	24.01	33.02	17.61	33.02	33.02	14.68	12.58	14.68	17.61
386	344.18	413.01	563.20	413.01	563.20	295.01	563.20	774.39	413.01	774.39	774.39	344.18	295.01	344.18	413.01
145	15.33	18.40	25.09	18.40	25.09	13.14	25.09	34.50	18.40	34.50	34.50	15.33	13.14	15.33	18.40
387	511.18	613.41	836.47	613.41	836.47	438.15	836.47	1150.14	613.41	1150.14	1150.14	511.18	438.15	511.18	613.41
146	15.70	18.84	25.69	18.84	25.69	13.46	25.69	35.33	18.84	35.33	35.33	15.70	13.46	15.70	18.84
388	423.72	508.46	693.35	508.46	693.35	363.19	693.35	953.36	508.46	953.36	953.36	423.72	363.19	423.72	508.46
147	15.20	18.24	24.87	18.24	24.87	13.03	24.87	34.20	18.24	34.20	34.20	15.20	13.03	15.20	18.24
389	457.98	549.58	749.43	549.58	749.43	392.56	749.43	1030.46	549.58	1030.46	1030.46	457.98	392.56	457.98	549.58
148	14.92	17.90	24.41	17.90	24.41	12.79	24.41	33.56	17.90	33.56	33.56	14.92	12.79	14.92	17.90
149	15.10	18.12	24.71	18.12	24.71	12.94	24.71	33.98	18.12	33.98	33.98	15.10	12.94	15.10	18.12
40	15.19	18.23	24.86	18.23	24.86	13.02	24.86	34.18	18.23	34.18	34.18	15.19	13.02	15.19	18.23
41	15.38	18.46	25.17	18.46	25.17	13.19	25.17	34.61	18.46	34.61	34.61	15.38	13.19	15.38	18.46
42	14.72	17.66	24.08	17.66	24.08	12.61	24.08	33.11	17.66	33.11	33.11	14.72	12.61	14.72	17.66
43	15.61	18.73	25.54	18.73	25.54	13.38	25.54	35.12	18.73	35.12	35.12	15.61	13.38	15.61	18.73
44	14.93	17.92	24.44	17.92	24.44	12.80	24.44	33.60	17.92	33.60	33.60	14.93	12.80	14.93	17.92
45	14.51	17.41	23.74	17.41	23.74	12.44	23.74	32.64	17.41	32.64	32.64	14.51	12.44	14.51	17.41
46	15.08	18.10	24.68	18.10	24.68	12.93	24.68	33.94	18.10	33.94	33.94	15.08	12.93	15.08	18.10
47	15.14	18.17	24.78	18.17	24.78	12.98	24.78	34.07	18.17	34.07	34.07	15.14	12.98	15.14	18.17
48	15.21	18.25	24.89	18.25	24.89	13.04	24.89	34.22	18.25	34.22	34.22	15.21	13.04	15.21	18.25
49	15.44	18.53	25.27	18.53	25.27	13.24	25.27	34.74	18.53	34.74	34.74	15.44	13.24	15.44	18.53
390	339.91	407.89	556.21	407.89	556.21	291.35	556.21	764.79	407.89	764.79	764.79	339.91	291.35	339.91	407.89
391	442.97	531.56	724.85	531.56	724.85	379.69	724.85	996.67	531.56	996.67	996.67	442.97	379.69	442.97	531.56
150	15.53	18.64	25.42	18.64	25.42	13.31	25.42	34.95	18.64	34.95	34.95	15.53	13.31	15.53	18.64
392	384.11	460.93	628.54	460.93	628.54	329.24	628.54	864.24	460.93	864.24	864.24	384.11	329.24	384.11	460.93
151	15.35	18.42	25.12	18.42	25.12	13.16	25.12	34.54	18.42	34.54	34.54	15.35	13.16	15.35	18.42
393	548.45	658.14	897.46	658.14	897.46	470.10	897.46	1234.01	658.14	1234.01	1234.01	548.45	470.10	548.45	658.14
152	15.12	18.15	24.75	18.15	24.75	12.96	24.75	34.03	18.15	34.03	34.03	15.12	12.96	15.12	18.15
394	381.46	457.75	624.20	457.75	624.20	326.96	624.20	858.28	457.75	858.28	858.28	381.46	326.96	381.46	457.75
153	15.42	18.50	25.23	18.50	25.23	13.21	25.23	34.69	18.50	34.69	34.69	15.42	13.21	15.42	18.50
395	218.43	262.11	357.42	262.11	357.42	187.22	357.42	491.46	262.11	491.46	491.46	218.43	187.22	218.43	262.11
154	14.67	17.60	24.00	17.60	24.00	12.57	24.00	33.00	17.60	33.00	33.00	14.67	12.57	14.67	17.60
396	534.79	641.75	875.11	641.75	875.11	458.39	875.11	1203.28	641.75	1203.28	1203.28	534.79	458.39	534.79	641.75
155	14.68	17.61	24.01	17.61	24.01	12.58	24.01	33.02	17.61	33.02	33.02	14.68	12.58	14.68	17.61
397	310.08	372.09	507.40	372.09	507.40	265.78	507.40	697.67	372.09	697.67	697.67	310.08	265.78	310.08	372.09
156	15.11	18.13	24.72	18.13	24.72	12.95	24.72	33.99	18.13	33.99	33.99	15.11	12.95	15.11	18.13
398	314.47	377.36	514.58	377.36	514.58	269.54	514.58	707.55	377.36	707.55	707.55	314.47	269.54	314.47	377.36
157	15.01	18.01	24.56	18.01	24.56	12.86	24.56	33.77	18.01	33.77	33.77	15.01	12.86	15.01	18.01
399	440.13	528.16	720.22	528.16	720.22	377.26	720.22	990.30	528.16	990.30	990.30	440.13	377.26	440.13	528.16
158	14.76	17.71	24.15	17.71	24.15	12.65	24.15	33.21	17.71	33.21	33.21	14.76	12.65	14.76	17.71
159	15.38	18.45	25.16	18.45	25.16	13.18	25.16	34.59	18.45	34.59	34.59	15.38	13.18	15.38	18.45
50	15.03	18.03	24.59	18.03	24.59	12.88	24.59	33.81	18.03	33.81	33.81	15.03	12.88	15.03	18.03
51	14.93	17.92	24.44	17.92	24.44	12.80	24.44	33.60	17.92	33.60	33.60	14.93	12.80	14.93	17.92
52	14.81	17.77	24.23	17.77	24.23	12.69	24.23	33.32	17.77	33.32	33.32	14.81	12.69	14.81	17.77
53	15.49	18.59	25.35	18.59	25.35	13.28	25.35	34.86	18.59	34.86	34.86	15.49	13.28	15.49	18.59
54	15.33	18.40	25.09	18.40	25.09	13.14	25.09	34.50	18.40	34.50	34.50	15.33	13.14	15.33	18.40
55	15.38	18.46	25.17	18.46	25.17	13.19	25.17	34.61	18.46	34.61	34.61	15.38	13.19	15.38	18.46
56	14.84	17.81	24.29	17.81	24.29	12.72	24.29	33.39	17.81	33.39	33.39	14.84	12.72	14.84	17.81
57	15.33	18.39	25.08	18.39	25.08	13.14	25.08	34.48	18.39	34.48	34.48	15.33	13.14	15.33	18.39
58	14.62	17.54	23.92	17.54	23.92	12.53	23.92	32.89	17.54	32.89	32.89	14.62	12.53	14.62	17.54
59	15.76	18.91	25.79	18.91	25.79	13.51	25.79	35.46	18.91	35.46	35.46	15.76	13.51	15.76	18.91
160	14.53	17.43	23.77	17.43	23.77	12.45	23.77	32.68	17.43	32.68	32.68	14.53	12.45	14.53	17.43
161	15.33	18.40	25.09	18.40	25.09	13.14	25.09	34.50	18.40	34.50	34.50	15.33	13.14	15.33	18.40
162	15.03	18.04	24.60	18.04	24.60	12.89	24.60	33.83	18.04	33.83	33.83	15.03	12.89	15.03	18.04
163	15.05	18.06	24.63	18.06	24.63	12.90	24.63	33.86	18.06	33.86	33.86	15.05	12.90	15.05	18.06
164	15.20	18.24	24.87	18.24	24.87	13.03	24.87	34.20	18.24	34.20	34.20	15.20	13.03	15.20	18.24
165	15.60	18.72	25.53	18.72	25.53	13.37	25.53	35.10	18.72	35.10	35.10	15.60	13.37	15.60	18.72
166	15.52	18.62	25.39	18.62	25.39	13.30	25.39	34.91	18.62	34.91	34.91	15.52	13.30	15.52	18.62
167	15.53	18.64	25.42	18.64	25.42	13.31	25.42	34.95	18.64	34.95	34.95	15.53	13.31	15.53	18.64
168	14.91	17.89	24.40	17.89	24.40	12.78	24.40	33.54	17.89	33.54	33.54	14.91	12.78	14.91	17.89
169	15.46	18.55	25.30	18.55	25.30	13.25	25.30	34.78	18.55	34.78	34.78	15.46	13.25	15.46	18.55
60	15.05	18.06	24.63	18.06	24.63	12.90	24.63	33.86	18.06	33.86	33.86	15.05	12.90	15.05	18.06
61	15.27	18.32	24.98	18.32	24.98	13.09	24.98	34.35	18.32	34.35	34.35	15.27	13.09	15.27	18.32
62	15.12	18.14	24.74	18.14	24.74	12.96	24.74	34.01	18.14	34.01	34.01	15.12	12.96	15.12	18.14
63	15.36	18.43	25.13	18.43	25.13	13.16	25.13	34.56	18.43	34.56	34.56	15.36	13.16	15.36	18.43
64	14.91	17.89	24.40	17.89	24.40	12.78	24.40	33.54	17.89	33.54	33.54	14.91	12.78	14.91	17.89
65	14.83	17.80	24.27	17.80	24.27	12.71	24.27	33.38	17.80	33.38	33.38	14.83	12.71	14.83	17.80
66	15.29	18.35	25.02	18.35	25.02	13.11	25.02	34.41	18.35	34.41	34.41	15.29	13.11	15.29	18.35
67	15.09	18.11	24.70	18.11	24.70	12.94	24.70	33.96	18.11	33.96	33.96	15.09	12.94	15.09	18.11
68	15.03	18.03	24.59	18.03	24.59	12.88	24.59	33.81	18.03	33.81	33.81	15.03	12.88	15.03	18.03
69	15.53	18.63	25.40	18.63	25.40	13.31	25.40	34.93	18.63	34.93	34.93	15.53	13.31	15.53	18.63
170	15.03	18.04	24.60	18.04	24.60	12.89	24.60	33.83	18.04	33.83	33.83	15.03	12.89	15.03	18.04
171	15.19	18.23	24.86	18.23	24.86	13.02	24.86	34.18	18.23	34.18	34.18	15.19	13.02	15.19	18.23
172	15.27	18.33	25.00	18.33	25.00	13.09	25.00	34.37	18.33	34.37	34.37	15.27	13.09	15.27	18.33
173	14.65	17.58	23.97	17.58	23.97	12.56	23.97	32.96	17.58	32.96	32.96	14.65	12.56	14.65	17.58
174	15.27	18.32	24.98	18.32	24.98	13.09	24.98	34.35	18.32	34.35	34.35	15.27	13.09	15.27	18.32
175	14.78	17.74	24.19	17.74	24.19	12.67	24.19	33.26	17.74	33.26	33.26	14.78	12.67	14.78	17.74
176	15.12	18.14	24.74	18.14	24.74	12.96	24.74	34.01	18.14	34.01	34.01	15.12	12.96	15.12	18.14
177	14.83	17.80	24.27	17.80	24.27	12.71	24.27	33.38	17.80	33.38	33.38	14.83	12.71	14.83	17.80
178	14.95	17.94	24.46	17.94	24.46	12.81	24.46	33.64	17.94	33.64	33.64	14.95	12.81	14.95	17.94
179	15.60	18.72	25.53	18.72	25.53	13.37	25.53	35.10	18.72	35.10	35.10	15.60	13.37	15.60	18.72
70	14.99	17.99	24.53	17.99	24.53	12.85	24.53	33.73	17.99	33.73	33.73	14.99	12.85	14.99	17.99
71	15.08	18.10	24.68	18.10	24.68	12.93	24.68	33.94	18.10	33.94	33.94	15.08	12.93	15.08	18.10
72	15.77	18.92	25.80	18.92	25.80	13.51	25.80	35.48	18.92	35.48	35.48	15.77	13.51	15.77	18.92
73	15.50	18.60	25.36	18.60	25.36	13.29	25.36	34.88	18.60	34.88	34.88	15.50	13.29	15.50	18.60
74	15.31	18.37	25.05	18.37	25.05	13.12	25.05	34.44	18.37	34.44	34.44	15.31	13.12	15.31	18.37
75	14.93	17.91	24.42	17.91	24.42	12.79	24.42	33.58	17.91	33.58	33.58	14.93	12.79	14.93	17.91
76	14.93	17.91	24.42	17.91	24.42	12.79	24.42	33.58	17.91	33.58	33.58	14.93	12.79	14.93	17.91
77	15.10	18.12	24.71	18.12	24.71	12.94	24.71	33.98	18.12	33.98	33.98	15.10	12.94	15.10	18.12
78	14.43	17.32	23.62	17.32	23.62	12.37	23.62	32.48	17.32	32.48	32.48	14.43	12.37	14.43	17.32
79	14.30	17.16	23.40	17.16	23.40	12.26	23.40	32.18	17.16	32.18	32.18	14.30	12.26	14.30	17.16
180	15.06	18.07	24.64	18.07	24.64	12.91	24.64	33.88	18.07	33.88	33.88	15.06	12.91	15.06	18.07
181	15.25	18.30	24.95	18.30	24.95	13.07	24.95	34.31	18.30	34.31	34.31	15.25	13.07	15.25	18.30
182	15.33	18.40	25.09	18.40	25.09	13.14	25.09	34.50	18.40	34.50	34.50	15.33	13.14	15.33	18.40
183	15.50	18.60	25.36	18.60	25.36	13.29	25.36	34.88	18.60	34.88	34.88	15.50	13.29	15.50	18.60
184	14.98	17.98	24.52	17.98	24.52	12.84	24.52	33.71	17.98	33.71	33.71	14.98	12.84	14.98	17.98
185	14.85	17.82	24.30	17.82	24.30	12.73	24.30	33.41	17.82	33.41	33.41	14.85	12.73	14.85	17.82
186	14.88	17.85	24.34	17.85	24.34	12.75	24.34	33.47	17.85	33.47	33.47	14.88	12.75	14.88	17.85
187	15.53	18.64	25.42	18.64	25.42	13.31	25.42	34.95	18.64	34.95	34.95	15.53	13.31	15.53	18.64
188	14.13	16.95	23.11	16.95	23.11	12.11	23.11	31.78	16.95	31.78	31.78	14.13	12.11	14.13	16.95
189	15.13	18.16	24.76	18.16	24.76	12.97	24.76	34.05	18.16	34.05	34.05	15.13	12.97	15.13	18.16
80	15.42	18.50	25.23	18.50	25.23	13.21	25.23	34.69	18.50	34.69	34.69	15.42	13.21	15.42	18.50
81	15.17	18.20	24.82	18.20	24.82	13.00	24.82	34.13	18.20	34.13	34.13	15.17	13.00	15.17	18.20
82	15.06	18.07	24.64	18.07	24.64	12.91	24.64	33.88	18.07	33.88	33.88	15.06	12.91	15.06	18.07
83	14.75	17.70	24.14	17.70	24.14	12.64	24.14	33.19	17.70	33.19	33.19	14.75	12.64	14.75	17.70
84	15.17	18.20	24.82	18.20	24.82	13.00	24.82	34.13	18.20	34.13	34.13	15.17	13.00	15.17	18.20
85	15.90	19.08	26.02	19.08	26.02	13.63	26.02	35.78	19.08	35.78	35.78	15.90	13.63	15.90	19.08
86	14.76	17.71	24.15	17.71	24.15	12.65	24.15	33.21	17.71	33.21	33.21	14.76	12.65	14.76	17.71
87	14.47	17.36	23.67	17.36	23.67	12.40	23.67	32.55	17.36	32.55	32.55	14.47	12.40	14.47	17.36
88	14.36	17.23	23.50	17.23	23.50	12.31	23.50	32.31	17.23	32.31	32.31	14.36	12.31	14.36	17.23
89	14.68	17.61	24.01	17.61	24.01	12.58	24.01	33.02	17.61	33.02	33.02	14.68	12.58	14.68	17.61
190	14.83	17.80	24.27	17.80	24.27	12.71	24.27	33.38	17.80	33.38	33.38	14.83	12.71	14.83	17.80
191	14.62	17.54	23.92	17.54	23.92	12.53	23.92	32.89	17.54	32.89	32.89	14.62	12.53	14.62	17.54
192	14.92	17.90	24.41	17.90	24.41	12.79	24.41	33.56	17.90	33.56	33.56	14.92	12.79	14.92	17.90
193	15.05	18.06	24.63	18.06	24.63	12.90	24.63	33.86	18.06	33.86	33.86	15.05	12.90	15.05	18.06
194	15.15	18.18	24.79	18.18	24.79	12.99	24.79	34.09	18.18	34.09	34.09	15.15	12.99	15.15	18.18
195	15.29	18.35	25.02	18.35	25.02	13.11	25.02	34.41	18.35	34.41	34.41	15.29	13.11	15.29	18.35
196	15.41	18.49	25.21	18.49	25.21	13.21	25.21	34.67	18.49	34.67	34.67	15.41	13.21	15.41	18.49
197	14.48	17.38	23.70	17.38	23.70	12.41	23.70	32.59	17.38	32.59	32.59	14.48	12.41	14.48	17.38
198	14.73	17.68	24.11	17.68	24.11	12.63	24.11	33.15	17.68	33.15	33.15	14.73	12.63	14.73	17.68
199	14.88	17.86	24.35	17.86	24.35	12.76	24.35	33.49	17.86	33.49	33.49	14.88	12.76	14.88	17.86
90	15.21	18.25	24.89	18.25	24.89	13.04	24.89	34.22	18.25	34.22	34.22	15.21	13.04	15.21	18.25
91	15.25	18.30	24.95	18.30	24.95	13.07	24.95	34.31	18.30	34.31	34.31	15.25	13.07	15.25	18.30
92	15.25	18.30	24.95	18.30	24.95	13.07	24.95	34.31	18.30	34.31	34.31	15.25	13.07	15.25	18.30
93	15.29	18.35	25.02	18.35	25.02	13.11	25.02	34.41	18.35	34.41	34.41	15.29	13.11	15.29	18.35
94	15.27	18.32	24.98	18.32	24.98	13.09	24.98	34.35	18.32	34.35	34.35	15.27	13.09	15.27	18.32
95	15.10	18.12	24.71	18.12	24.71	12.94	24.71	33.98	18.12	33.98	33.98	15.10	12.94	15.10	18.12
96	15.07	18.08	24.65	18.08	24.65	12.91	24.65	33.90	18.08	33.90	33.90	15.07	12.91	15.07	18.08
97	15.08	18.10	24.68	18.10	24.68	12.93	24.68	33.94	18.10	33.94	33.94	15.08	12.93	15.08	18.10
98	15.12	18.14	24.74	18.14	24.74	12.96	24.74	34.01	18.14	34.01	34.01	15.12	12.96	15.12	18.14
99	15.52	18.62	25.39	18.62	25.39	13.30	25.39	34.91	18.62	34.91	34.91	15.52	13.30	15.52	18.62
