0	0.00	0.00	0.00	0.00	0.00	0.00	0.00	0.00	0.00	0.00
1	34.01	34.01	18.14	24.74	24.74	24.74	34.01	15.12	15.12	15.12
2	34.26	34.26	18.27	24.91	24.91	24.91	34.26	15.23	15.23	15.23
3	33.86	33.86	18.06	24.63	24.63	24.63	33.86	15.05	15.05	15.05
4	34.80	34.80	18.56	25.31	25.31	25.31	34.80	15.47	15.47	15.47
5	33.69	33.69	17.97	24.50	24.50	24.50	33.69	14.98	14.98	14.98
6	33.68	33.68	17.96	24.49	24.49	24.49	33.68	14.97	14.97	14.97
7	33.79	33.79	18.02	24.57	24.57	24.57	33.79	15.02	15.02	15.02
8	34.48	34.48	18.39	25.08	25.08	25.08	34.48	15.33	15.33	15.33
800	449.89	449.89	239.94	327.19	327.19	327.19	449.89	199.95	199.95	199.95
9	32.70	32.70	17.44	23.78	23.78	23.78	32.70	14.53	14.53	14.53
801	886.58	886.58	472.84	644.78	644.78	644.78	886.58	394.03	394.03	394.03
802	638.63	638.63	340.60	464.45	464.45	464.45	638.63	283.83	283.83	283.83
803	658.54	658.54	351.22	478.94	478.94	478.94	658.54	292.68	292.68	292.68
804	1062.75	1062.75	566.80	772.91	772.91	772.91	1062.75	472.33	472.33	472.33
805	964.76	964.76	514.54	701.65	701.65	701.65	964.76	428.78	428.78	428.78
806	741.28	741.28	395.35	539.11	539.11	539.11	741.28	329.46	329.46	329.46
807	1050.92	1050.92	560.49	764.30	764.30	764.30	1050.92	467.08	467.08	467.08
808	1241.85	1241.85	662.32	903.16	903.16	903.16	1241.85	551.93	551.93	551.93
809	669.92	669.92	357.29	487.21	487.21	487.21	669.92	297.74	297.74	297.74
1000	10.20	10.20	5.44	7.42	7.42	7.42	10.20	4.53	4.53	4.53
810	1199.64	1199.64	639.81	872.47	872.47	872.47	1199.64	533.18	533.18	533.18
811	1064.68	1064.68	567.83	774.31	774.31	774.31	1064.68	473.19	473.19	473.19
812	1137.69	1137.69	606.77	827.41	827.41	827.41	1137.69	505.64	505.64	505.64
813	525.09	525.09	280.05	381.89	381.89	381.89	525.09	233.38	233.38	233.38
814	624.07	624.07	332.84	453.87	453.87	453.87	624.07	277.37	277.37	277.37
815	866.93	866.93	462.36	630.49	630.49	630.49	866.93	385.30	385.30	385.30
816	433.73	433.73	231.32	315.44	315.44	315.44	433.73	192.77	192.77	192.77
817	945.58	945.58	504.31	687.70	687.70	687.70	945.58	420.26	420.26	420.26
818	603.51	603.51	321.87	438.91	438.91	438.91	603.51	268.23	268.23	268.23
819	632.06	632.06	337.10	459.68	459.68	459.68	632.06	280.92	280.92	280.92
820	454.59	454.59	242.45	330.61	330.61	330.61	454.59	202.04	202.04	202.04
821	698.57	698.57	372.57	508.05	508.05	508.05	698.57	310.48	310.48	310.48
1001	0.00	0.00	0.00	0.00	0.00	0.00	0.00	0.00	0.00	0.00
822	1151.31	1151.31	614.03	837.31	837.31	837.31	1151.31	511.69	511.69	511.69
823	769.07	769.07	410.17	559.32	559.32	559.32	769.07	341.81	341.81	341.81
824	998.98	998.98	532.79	726.53	726.53	726.53	998.98	443.99	443.99	443.99
825	1195.31	1195.31	637.50	869.32	869.32	869.32	1195.31	531.25	531.25	531.25
826	715.44	715.44	381.57	520.32	520.32	520.32	715.44	317.98	317.98	317.98
827	781.65	781.65	416.88	568.47	568.47	568.47	781.65	347.40	347.40	347.40
828	688.35	688.35	367.12	500.62	500.62	500.62	688.35	305.93	305.93	305.93
829	1290.88	1290.88	688.47	938.82	938.82	938.82	1290.88	573.73	573.73	573.73
830	1071.08	1071.08	571.24	778.96	778.96	778.96	1071.08	476.03	476.03	476.03
831	1262.70	1262.70	673.44	918.33	918.33	918.33	1262.70	561.20	561.20	561.20
832	928.18	928.18	495.03	675.04	675.04	675.04	928.18	412.53	412.53	412.53
833	683.19	683.19	364.37	496.87	496.87	496.87	683.19	303.64	303.64	303.64
834	628.07	628.07	334.97	456.78	456.78	456.78	628.07	279.14	279.14	279.14
835	973.44	973.44	519.17	707.96	707.96	707.96	973.44	432.64	432.64	432.64
836	949.76	949.76	506.54	690.74	690.74	690.74	949.76	422.12	422.12	422.12
837	976.88	976.88	521.00	710.45	710.45	710.45	976.88	434.17	434.17	434.17
838	1183.89	1183.89	631.41	861.01	861.01	861.01	1183.89	526.18	526.18	526.18
839	887.94	887.94	473.57	645.78	645.78	645.78	887.94	394.64	394.64	394.64
840	1283.31	1283.31	684.43	933.31	933.31	933.31	1283.31	570.36	570.36	570.36
841	1058.31	1058.31	564.43	769.68	769.68	769.68	1058.31	470.36	470.36	470.36
600	9.58	9.58	5.11	6.97	6.97	6.97	9.58	4.26	4.26	4.26
842	943.67	943.67	503.29	686.30	686.30	686.30	943.67	419.41	419.41	419.41
601	9.94	9.94	5.30	7.23	7.23	7.23	9.94	4.42	4.42	4.42
843	1050.69	1050.69	560.37	764.14	764.14	764.14	1050.69	466.98	466.98	466.98
602	9.24	9.24	4.93	6.72	6.72	6.72	9.24	4.11	4.11	4.11
844	730.73	730.73	389.72	531.44	531.44	531.44	730.73	324.77	324.77	324.77
603	9.15	9.15	4.88	6.65	6.65	6.65	9.15	4.07	4.07	4.07
845	714.39	714.39	381.01	519.56	519.56	519.56	714.39	317.51	317.51	317.51
604	9.68	9.68	5.16	7.04	7.04	7.04	9.68	4.30	4.30	4.30
846	676.86	676.86	360.99	492.26	492.26	492.26	676.86	300.83	300.83	300.83
605	9.58	9.58	5.11	6.97	6.97	6.97	9.58	4.26	4.26	4.26
847	514.71	514.71	274.51	374.33	374.33	374.33	514.71	228.76	228.76	228.76
606	9.21	9.21	4.91	6.70	6.70	6.70	9.21	4.09	4.09	4.09
848	759.41	759.41	405.02	552.30	552.30	552.30	759.41	337.52	337.52	337.52
607	10.18	10.18	5.43	7.40	7.40	7.40	10.18	4.53	4.53	4.53
849	1123.14	1123.14	599.01	816.83	816.83	816.83	1123.14	499.18	499.18	499.18
608	9.77	9.77	5.21	7.10	7.10	7.10	9.77	4.34	4.34	4.34
609	11.10	11.10	5.92	8.07	8.07	8.07	11.10	4.93	4.93	4.93
850	846.11	846.11	451.26	615.35	615.35	615.35	846.11	376.05	376.05	376.05
851	935.31	935.31	498.83	680.22	680.22	680.22	935.31	415.69	415.69	415.69
610	10.37	10.37	5.53	7.54	7.54	7.54	10.37	4.61	4.61	4.61
852	814.61	814.61	434.46	592.45	592.45	592.45	814.61	362.05	362.05	362.05
611	9.73	9.73	5.19	7.08	7.08	7.08	9.73	4.33	4.33	4.33
853	682.16	682.16	363.82	496.12	496.12	496.12	682.16	303.18	303.18	303.18
612	8.98	8.98	4.79	6.53	6.53	6.53	8.98	3.99	3.99	3.99
854	918.94	918.94	490.10	668.32	668.32	668.32	918.94	408.42	408.42	408.42
613	10.24	10.24	5.46	7.45	7.45	7.45	10.24	4.55	4.55	4.55
855	854.91	854.91	455.95	621.75	621.75	621.75	854.91	379.96	379.96	379.96
614	9.75	9.75	5.20	7.09	7.09	7.09	9.75	4.33	4.33	4.33
856	1143.99	1143.99	610.13	832.00	832.00	832.00	1143.99	508.44	508.44	508.44
615	10.43	10.43	5.56	7.58	7.58	7.58	10.43	4.63	4.63	4.63
857	678.90	678.90	362.08	493.75	493.75	493.75	678.90	301.73	301.73	301.73
616	10.28	10.28	5.48	7.47	7.47	7.47	10.28	4.57	4.57	4.57
858	704.96	704.96	375.98	512.70	512.70	512.70	704.96	313.32	313.32	313.32
617	9.39	9.39	5.01	6.83	6.83	6.83	9.39	4.18	4.18	4.18
859	632.14	632.14	337.14	459.74	459.74	459.74	632.14	280.95	280.95	280.95
618	10.05	10.05	5.36	7.31	7.31	7.31	10.05	4.47	4.47	4.47
619	9.60	9.60	5.12	6.98	6.98	6.98	9.60	4.27	4.27	4.27
860	1269.34	1269.34	676.98	923.15	923.15	923.15	1269.34	564.15	564.15	564.15
861	500.19	500.19	266.77	363.78	363.78	363.78	500.19	222.31	222.31	222.31
620	8.70	8.70	4.64	6.33	6.33	6.33	8.70	3.87	3.87	3.87
862	733.33	733.33	391.11	533.33	533.33	533.33	733.33	325.93	325.93	325.93
621	10.20	10.20	5.44	7.42	7.42	7.42	10.20	4.53	4.53	4.53
863	1275.88	1275.88	680.47	927.91	927.91	927.91	1275.88	567.06	567.06	567.06
622	9.86	9.86	5.26	7.17	7.17	7.17	9.86	4.38	4.38	4.38
864	886.69	886.69	472.90	644.86	644.86	644.86	886.69	394.08	394.08	394.08
623	9.13	9.13	4.87	6.64	6.64	6.64	9.13	4.06	4.06	4.06
865	1274.27	1274.27	679.61	926.74	926.74	926.74	1274.27	566.34	566.34	566.34
624	9.49	9.49	5.06	6.90	6.90	6.90	9.49	4.22	4.22	4.22
866	1234.97	1234.97	658.65	898.16	898.16	898.16	1234.97	548.88	548.88	548.88
625	9.41	9.41	5.02	6.85	6.85	6.85	9.41	4.18	4.18	4.18
867	918.60	918.60	489.92	668.07	668.07	668.07	918.60	408.27	408.27	408.27
626	10.46	10.46	5.58	7.61	7.61	7.61	10.46	4.65	4.65	4.65
868	651.86	651.86	347.66	474.08	474.08	474.08	651.86	289.72	289.72	289.72
627	10.05	10.05	5.36	7.31	7.31	7.31	10.05	4.47	4.47	4.47
869	814.31	814.31	434.30	592.23	592.23	592.23	814.31	361.92	361.92	361.92
628	9.64	9.64	5.14	7.01	7.01	7.01	9.64	4.28	4.28	4.28
629	10.09	10.09	5.38	7.34	7.34	7.34	10.09	4.48	4.48	4.48
870	1158.81	1158.81	618.03	842.77	842.77	842.77	1158.81	515.03	515.03	515.03
871	1131.73	1131.73	603.59	823.08	823.08	823.08	1131.73	502.99	502.99	502.99
630	8.18	8.18	4.36	5.95	5.95	5.95	8.18	3.63	3.63	3.63
872	640.84	640.84	341.78	466.06	466.06	466.06	640.84	284.82	284.82	284.82
631	9.41	9.41	5.02	6.85	6.85	6.85	9.41	4.18	4.18	4.18
873	914.79	914.79	487.89	665.30	665.30	665.30	914.79	406.58	406.58	406.58
632	8.66	8.66	4.62	6.30	6.30	6.30	8.66	3.85	3.85	3.85
874	726.19	726.19	387.30	528.14	528.14	528.14	726.19	322.75	322.75	322.75
633	10.37	10.37	5.53	7.54	7.54	7.54	10.37	4.61	4.61	4.61
875	493.39	493.39	263.14	358.83	358.83	358.83	493.39	219.28	219.28	219.28
634	9.66	9.66	5.15	7.02	7.02	7.02	9.66	4.29	4.29	4.29
876	939.53	939.53	501.08	683.29	683.29	683.29	939.53	417.57	417.57	417.57
635	9.96	9.96	5.31	7.24	7.24	7.24	9.96	4.43	4.43	4.43
877	1034.10	1034.10	551.52	752.07	752.07	752.07	1034.10	459.60	459.60	459.60
636	9.73	9.73	5.19	7.08	7.08	7.08	9.73	4.33	4.33	4.33
878	599.12	599.12	319.53	435.72	435.72	435.72	599.12	266.28	266.28	266.28
637	10.24	10.24	5.46	7.45	7.45	7.45	10.24	4.55	4.55	4.55
879	917.48	917.48	489.32	667.25	667.25	667.25	917.48	407.77	407.77	407.77
638	9.56	9.56	5.10	6.95	6.95	6.95	9.56	4.25	4.25	4.25
639	9.53	9.53	5.08	6.93	6.93	6.93	9.53	4.23	4.23	4.23
880	608.94	608.94	324.77	442.87	442.87	442.87	608.94	270.64	270.64	270.64
881	986.48	986.48	526.12	717.44	717.44	717.44	986.48	438.43	438.43	438.43
640	9.62	9.62	5.13	7.00	7.00	7.00	9.62	4.28	4.28	4.28
882	690.96	690.96	368.51	502.51	502.51	502.51	690.96	307.09	307.09	307.09
641	9.51	9.51	5.07	6.91	6.91	6.91	9.51	4.23	4.23	4.23
883	805.95	805.95	429.84	586.15	586.15	586.15	805.95	358.20	358.20	358.20
400	606.83	606.83	323.64	441.33	441.33	441.33	606.83	269.70	269.70	269.70
642	8.55	8.55	4.56	6.22	6.22	6.22	8.55	3.80	3.80	3.80
884	510.77	510.77	272.41	371.47	371.47	371.47	510.77	227.01	227.01	227.01
401	1102.61	1102.61	588.06	801.90	801.90	801.90	1102.61	490.05	490.05	490.05
643	9.86	9.86	5.26	7.17	7.17	7.17	9.86	4.38	4.38	4.38
885	1086.49	1086.49	579.46	790.17	790.17	790.17	1086.49	482.88	482.88	482.88
402	972.88	972.88	518.87	707.55	707.55	707.55	972.88	432.39	432.39	432.39
644	9.17	9.17	4.89	6.67	6.67	6.67	9.17	4.07	4.07	4.07
886	450.68	450.68	240.36	327.76	327.76	327.76	450.68	200.30	200.30	200.30
403	1031.96	1031.96	550.38	750.52	750.52	750.52	1031.96	458.65	458.65	458.65
645	10.14	10.14	5.41	7.38	7.38	7.38	10.14	4.51	4.51	4.51
887	716.98	716.98	382.39	521.44	521.44	521.44	716.98	318.66	318.66	318.66
404	1149.90	1149.90	613.28	836.29	836.29	836.29	1149.90	511.07	511.07	511.07
646	9.88	9.88	5.27	7.19	7.19	7.19	9.88	4.39	4.39	4.39
888	788.16	788.16	420.35	573.20	573.20	573.20	788.16	350.29	350.29	350.29
405	714.68	714.68	381.16	519.76	519.76	519.76	714.68	317.63	317.63	317.63
647	10.35	10.35	5.52	7.53	7.53	7.53	10.35	4.60	4.60	4.60
889	570.04	570.04	304.02	414.57	414.57	414.57	570.04	253.35	253.35	253.35
406	1108.35	1108.35	591.12	806.07	806.07	806.07	1108.35	492.60	492.60	492.60
648	9.41	9.41	5.02	6.85	6.85	6.85	9.41	4.18	4.18	4.18
407	1123.97	1123.97	599.45	817.43	817.43	817.43	1123.97	499.54	499.54	499.54
649	9.79	9.79	5.22	7.12	7.12	7.12	9.79	4.35	4.35	4.35
408	602.62	602.62	321.40	438.27	438.27	438.27	602.62	267.83	267.83	267.83
409	1154.76	1154.76	615.87	839.82	839.82	839.82	1154.76	513.23	513.23	513.23
890	1007.23	1007.23	537.19	732.53	732.53	732.53	1007.23	447.66	447.66	447.66
891	1242.43	1242.43	662.63	903.59	903.59	903.59	1242.43	552.19	552.19	552.19
650	9.41	9.41	5.02	6.85	6.85	6.85	9.41	4.18	4.18	4.18
892	776.25	776.25	414.00	564.55	564.55	564.55	776.25	345.00	345.00	345.00
651	10.41	10.41	5.55	7.57	7.57	7.57	10.41	4.63	4.63	4.63
893	493.07	493.07	262.97	358.60	358.60	358.60	493.07	219.14	219.14	219.14
410	1022.08	1022.08	545.11	743.33	743.33	743.33	1022.08	454.26	454.26	454.26
652	8.70	8.70	4.64	6.33	6.33	6.33	8.70	3.87	3.87	3.87
894	1223.34	1223.34	652.45	889.70	889.70	889.70	1223.34	543.71	543.71	543.71
411	897.23	897.23	478.52	652.53	652.53	652.53	897.23	398.77	398.77	398.77
653	9.23	9.23	4.92	6.71	6.71	6.71	9.23	4.10	4.10	4.10
895	701.93	701.93	374.36	510.49	510.49	510.49	701.93	311.97	311.97	311.97
412	667.37	667.37	355.93	485.36	485.36	485.36	667.37	296.61	296.61	296.61
654	8.96	8.96	4.78	6.52	6.52	6.52	8.96	3.98	3.98	3.98
896	1275.94	1275.94	680.50	927.95	927.95	927.95	1275.94	567.08	567.08	567.08
413	721.24	721.24	384.66	524.54	524.54	524.54	721.24	320.55	320.55	320.55
655	9.92	9.92	5.29	7.21	7.21	7.21	9.92	4.41	4.41	4.41
897	1071.68	1071.68	571.56	779.40	779.40	779.40	1071.68	476.30	476.30	476.30
414	450.23	450.23	240.12	327.44	327.44	327.44	450.23	200.10	200.10	200.10
656	9.58	9.58	5.11	6.97	6.97	6.97	9.58	4.26	4.26	4.26
898	1027.20	1027.20	547.84	747.05	747.05	747.05	1027.20	456.53	456.53	456.53
415	932.61	932.61	497.39	678.26	678.26	678.26	932.61	414.49	414.49	414.49
657	9.99	9.99	5.33	7.27	7.27	7.27	9.99	4.44	4.44	4.44
899	492.92	492.92	262.89	358.49	358.49	358.49	492.92	219.08	219.08	219.08
416	1030.78	1030.78	549.75	749.66	749.66	749.66	1030.78	458.13	458.13	458.13
658	9.68	9.68	5.16	7.04	7.04	7.04	9.68	4.30	4.30	4.30
417	621.73	621.73	331.59	452.17	452.17	452.17	621.73	276.33	276.33	276.33
659	9.73	9.73	5.19	7.08	7.08	7.08	9.73	4.33	4.33	4.33
418	741.41	741.41	395.42	539.21	539.21	539.21	741.41	329.52	329.52	329.52
419	1193.46	1193.46	636.51	867.97	867.97	867.97	1193.46	530.43	530.43	530.43
660	9.62	9.62	5.13	7.00	7.00	7.00	9.62	4.28	4.28	4.28
661	10.29	10.29	5.49	7.49	7.49	7.49	10.29	4.58	4.58	4.58
420	632.57	632.57	337.37	460.05	460.05	460.05	632.57	281.14	281.14	281.14
662	9.36	9.36	4.99	6.80	6.80	6.80	9.36	4.16	4.16	4.16
421	1140.66	1140.66	608.35	829.57	829.57	829.57	1140.66	506.96	506.96	506.96
663	8.48	8.48	4.52	6.16	6.16	6.16	8.48	3.77	3.77	3.77
422	1173.41	1173.41	625.82	853.39	853.39	853.39	1173.41	521.52	521.52	521.52
664	10.01	10.01	5.34	7.28	7.28	7.28	10.01	4.45	4.45	4.45
423	584.91	584.91	311.95	425.39	425.39	425.39	584.91	259.96	259.96	259.96
665	9.62	9.62	5.13	7.00	7.00	7.00	9.62	4.28	4.28	4.28
424	1108.11	1108.11	590.99	805.90	805.90	805.90	1108.11	492.49	492.49	492.49
666	9.19	9.19	4.90	6.68	6.68	6.68	9.19	4.08	4.08	4.08
425	959.48	959.48	511.72	697.80	697.80	697.80	959.48	426.43	426.43	426.43
667	9.58	9.58	5.11	6.97	6.97	6.97	9.58	4.26	4.26	4.26
426	452.70	452.70	241.44	329.24	329.24	329.24	452.70	201.20	201.20	201.20
668	9.39	9.39	5.01	6.83	6.83	6.83	9.39	4.18	4.18	4.18
427	472.11	472.11	251.79	343.35	343.35	343.35	472.11	209.83	209.83	209.83
669	9.26	9.26	4.94	6.74	6.74	6.74	9.26	4.12	4.12	4.12
428	736.46	736.46	392.78	535.61	535.61	535.61	736.46	327.32	327.32	327.32
429	982.09	982.09	523.78	714.25	714.25	714.25	982.09	436.48	436.48	436.48
670	10.59	10.59	5.65	7.70	7.70	7.70	10.59	4.71	4.71	4.71
671	10.13	10.13	5.40	7.36	7.36	7.36	10.13	4.50	4.50	4.50
430	955.01	955.01	509.34	694.55	694.55	694.55	955.01	424.45	424.45	424.45
672	9.26	9.26	4.94	6.74	6.74	6.74	9.26	4.12	4.12	4.12
431	1086.11	1086.11	579.26	789.90	789.90	789.90	1086.11	482.72	482.72	482.72
673	9.53	9.53	5.08	6.93	6.93	6.93	9.53	4.23	4.23	4.23
432	658.11	658.11	350.99	478.62	478.62	478.62	658.11	292.49	292.49	292.49
674	9.04	9.04	4.82	6.57	6.57	6.57	9.04	4.02	4.02	4.02
433	789.56	789.56	421.10	574.23	574.23	574.23	789.56	350.92	350.92	350.92
675	9.32	9.32	4.97	6.78	6.78	6.78	9.32	4.14	4.14	4.14
434	809.98	809.98	431.99	589.08	589.08	589.08	809.98	359.99	359.99	359.99
676	8.29	8.29	4.42	6.03	6.03	6.03	8.29	3.68	3.68	3.68
435	594.90	594.90	317.28	432.65	432.65	432.65	594.90	264.40	264.40	264.40
677	9.84	9.84	5.25	7.16	7.16	7.16	9.84	4.38	4.38	4.38
436	1027.41	1027.41	547.95	747.20	747.20	747.20	1027.41	456.63	456.63	456.63
678	8.98	8.98	4.79	6.53	6.53	6.53	8.98	3.99	3.99	3.99
437	693.90	693.90	370.08	504.65	504.65	504.65	693.90	308.40	308.40	308.40
679	10.24	10.24	5.46	7.45	7.45	7.45	10.24	4.55	4.55	4.55
438	687.69	687.69	366.77	500.14	500.14	500.14	687.69	305.64	305.64	305.64
439	1081.13	1081.13	576.60	786.27	786.27	786.27	1081.13	480.50	480.50	480.50
680	10.14	10.14	5.41	7.38	7.38	7.38	10.14	4.51	4.51	4.51
681	9.98	9.98	5.32	7.25	7.25	7.25	9.98	4.43	4.43	4.43
440	582.00	582.00	310.40	423.27	423.27	423.27	582.00	258.67	258.67	258.67
682	10.80	10.80	5.76	7.85	7.85	7.85	10.80	4.80	4.80	4.80
441	860.10	860.10	458.72	625.53	625.53	625.53	860.10	382.27	382.27	382.27
683	9.68	9.68	5.16	7.04	7.04	7.04	9.68	4.30	4.30	4.30
200	32.40	32.40	17.28	23.56	23.56	23.56	32.40	14.40	14.40	14.40
442	1013.48	1013.48	540.52	737.07	737.07	737.07	1013.48	450.43	450.43	450.43
684	9.26	9.26	4.94	6.74	6.74	6.74	9.26	4.12	4.12	4.12
201	34.13	34.13	18.20	24.82	24.82	24.82	34.13	15.17	15.17	15.17
443	1282.91	1282.91	684.22	933.03	933.03	933.03	1282.91	570.18	570.18	570.18
685	10.50	10.50	5.60	7.64	7.64	7.64	10.50	4.67	4.67	4.67
202	34.59	34.59	18.45	25.16	25.16	25.16	34.59	15.38	15.38	15.38
444	1239.68	1239.68	661.16	901.58	901.58	901.58	1239.68	550.97	550.97	550.97
686	10.44	10.44	5.57	7.60	7.60	7.60	10.44	4.64	4.64	4.64
203	35.42	35.42	18.89	25.76	25.76	25.76	35.42	15.74	15.74	15.74
445	627.98	627.98	334.92	456.71	456.71	456.71	627.98	279.10	279.10	279.10
687	11.85	11.85	6.32	8.62	8.62	8.62	11.85	5.27	5.27	5.27
204	33.98	33.98	18.12	24.71	24.71	24.71	33.98	15.10	15.10	15.10
446	523.93	523.93	279.43	381.04	381.04	381.04	523.93	232.86	232.86	232.86
688	10.20	10.20	5.44	7.42	7.42	7.42	10.20	4.53	4.53	4.53
205	33.53	33.53	17.88	24.38	24.38	24.38	33.53	14.90	14.90	14.90
447	820.74	820.74	437.73	596.90	596.90	596.90	820.74	364.78	364.78	364.78
689	9.51	9.51	5.07	6.91	6.91	6.91	9.51	4.23	4.23	4.23
206	33.49	33.49	17.86	24.35	24.35	24.35	33.49	14.88	14.88	14.88
448	624.23	624.23	332.92	453.98	453.98	453.98	624.23	277.43	277.43	277.43
207	32.08	32.08	17.11	23.33	23.33	23.33	32.08	14.26	14.26	14.26
449	564.60	564.60	301.12	410.62	410.62	410.62	564.60	250.93	250.93	250.93
208	34.29	34.29	18.29	24.94	24.94	24.94	34.29	15.24	15.24	15.24
209	34.22	34.22	18.25	24.89	24.89	24.89	34.22	15.21	15.21	15.21
690	9.75	9.75	5.20	7.09	7.09	7.09	9.75	4.33	4.33	4.33
691	9.28	9.28	4.95	6.75	6.75	6.75	9.28	4.13	4.13	4.13
450	1202.36	1202.36	641.26	874.45	874.45	874.45	1202.36	534.38	534.38	534.38
692	9.41	9.41	5.02	6.85	6.85	6.85	9.41	4.18	4.18	4.18
451	1208.49	1208.49	644.53	878.90	878.90	878.90	1208.49	537.11	537.11	537.11
693	8.94	8.94	4.77	6.50	6.50	6.50	8.94	3.97	3.97	3.97
210	33.84	33.84	18.05	24.61	24.61	24.61	33.84	15.04	15.04	15.04
452	1090.01	1090.01	581.34	792.74	792.74	792.74	1090.01	484.45	484.45	484.45
694	9.64	9.64	5.14	7.01	7.01	7.01	9.64	4.28	4.28	4.28
211	34.39	34.39	18.34	25.01	25.01	25.01	34.39	15.28	15.28	15.28
453	1060.18	1060.18	565.43	771.04	771.04	771.04	1060.18	471.19	471.19	471.19
695	10.11	10.11	5.39	7.35	7.35	7.35	10.11	4.49	4.49	4.49
212	35.38	35.38	18.87	25.73	25.73	25.73	35.38	15.73	15.73	15.73
454	553.24	553.24	295.06	402.35	402.35	402.35	553.24	245.88	245.88	245.88
696	10.05	10.05	5.36	7.31	7.31	7.31	10.05	4.47	4.47	4.47
213	34.07	34.07	18.17	24.78	24.78	24.78	34.07	15.14	15.14	15.14
455	481.82	481.82	256.97	350.41	350.41	350.41	481.82	214.14	214.14	214.14
697	7.93	7.93	4.23	5.77	5.77	5.77	7.93	3.53	3.53	3.53
214	35.66	35.66	19.02	25.94	25.94	25.94	35.66	15.85	15.85	15.85
456	865.59	865.59	461.65	629.52	629.52	629.52	865.59	384.71	384.71	384.71
698	9.62	9.62	5.13	7.00	7.00	7.00	9.62	4.28	4.28	4.28
215	35.91	35.91	19.15	26.11	26.11	26.11	35.91	15.96	15.96	15.96
457	643.80	643.80	343.36	468.22	468.22	468.22	643.80	286.13	286.13	286.13
699	10.11	10.11	5.39	7.35	7.35	7.35	10.11	4.49	4.49	4.49
216	34.22	34.22	18.25	24.89	24.89	24.89	34.22	15.21	15.21	15.21
458	848.31	848.31	452.43	616.95	616.95	616.95	848.31	377.03	377.03	377.03
217	34.26	34.26	18.27	24.91	24.91	24.91	34.26	15.23	15.23	15.23
459	9.68	9.68	5.16	7.04	7.04	7.04	9.68	4.30	4.30	4.30
218	32.89	32.89	17.54	23.92	23.92	23.92	32.89	14.62	14.62	14.62
219	34.65	34.65	18.48	25.20	25.20	25.20	34.65	15.40	15.40	15.40
460	9.96	9.96	5.31	7.24	7.24	7.24	9.96	4.43	4.43	4.43
461	9.75	9.75	5.20	7.09	7.09	7.09	9.75	4.33	4.33	4.33
220	33.88	33.88	18.07	24.64	24.64	24.64	33.88	15.06	15.06	15.06
462	9.69	9.69	5.17	7.05	7.05	7.05	9.69	4.31	4.31	4.31
221	34.07	34.07	18.17	24.78	24.78	24.78	34.07	15.14	15.14	15.14
463	10.65	10.65	5.68	7.75	7.75	7.75	10.65	4.73	4.73	4.73
222	32.64	32.64	17.41	23.74	23.74	23.74	32.64	14.51	14.51	14.51
464	9.56	9.56	5.10	6.95	6.95	6.95	9.56	4.25	4.25	4.25
223	35.21	35.21	18.78	25.61	25.61	25.61	35.21	15.65	15.65	15.65
465	10.44	10.44	5.57	7.60	7.60	7.60	10.44	4.64	4.64	4.64
224	33.11	33.11	17.66	24.08	24.08	24.08	33.11	14.72	14.72	14.72
466	9.88	9.88	5.27	7.19	7.19	7.19	9.88	4.39	4.39	4.39
225	34.89	34.89	18.61	25.38	25.38	25.38	34.89	15.51	15.51	15.51
467	9.79	9.79	5.22	7.12	7.12	7.12	9.79	4.35	4.35	4.35
226	34.56	34.56	18.43	25.13	25.13	25.13	34.56	15.36	15.36	15.36
468	10.31	10.31	5.50	7.50	7.50	7.50	10.31	4.58	4.58	4.58
227	33.73	33.73	17.99	24.53	24.53	24.53	33.73	14.99	14.99	14.99
469	9.28	9.28	4.95	6.75	6.75	6.75	9.28	4.13	4.13	4.13
228	33.11	33.11	17.66	24.08	24.08	24.08	33.11	14.72	14.72	14.72
229	33.99	33.99	18.13	24.72	24.72	24.72	33.99	15.11	15.11	15.11
470	9.94	9.94	5.30	7.23	7.23	7.23	9.94	4.42	4.42	4.42
471	9.86	9.86	5.26	7.17	7.17	7.17	9.86	4.38	4.38	4.38
230	894.68	894.68	477.16	650.67	650.67	650.67	894.68	397.63	397.63	397.63
472	9.84	9.84	5.25	7.16	7.16	7.16	9.84	4.38	4.38	4.38
231	1243.59	1243.59	663.25	904.43	904.43	904.43	1243.59	552.71	552.71	552.71
473	9.04	9.04	4.82	6.57	6.57	6.57	9.04	4.02	4.02	4.02
232	1024.82	1024.82	546.57	745.32	745.32	745.32	1024.82	455.48	455.48	455.48
474	9.69	9.69	5.17	7.05	7.05	7.05	9.69	4.31	4.31	4.31
233	1130.63	1130.63	603.00	822.27	822.27	822.27	1130.63	502.50	502.50	502.50
475	10.63	10.63	5.67	7.73	7.73	7.73	10.63	4.73	4.73	4.73
234	1221.45	1221.45	651.44	888.33	888.33	888.33	1221.45	542.87	542.87	542.87
476	10.20	10.20	5.44	7.42	7.42	7.42	10.20	4.53	4.53	4.53
235	978.75	978.75	522.00	711.82	711.82	711.82	978.75	435.00	435.00	435.00
477	9.99	9.99	5.33	7.27	7.27	7.27	9.99	4.44	4.44	4.44
236	891.06	891.06	475.23	648.04	648.04	648.04	891.06	396.03	396.03	396.03
478	10.01	10.01	5.34	7.28	7.28	7.28	10.01	4.45	4.45	4.45
237	918.06	918.06	489.63	667.68	667.68	667.68	918.06	408.03	408.03	408.03
479	9.51	9.51	5.07	6.91	6.91	6.91	9.51	4.23	4.23	4.23
238	1247.06	1247.06	665.10	906.95	906.95	906.95	1247.06	554.25	554.25	554.25
239	1199.74	1199.74	639.86	872.54	872.54	872.54	1199.74	533.22	533.22	533.22
480	9.15	9.15	4.88	6.65	6.65	6.65	9.15	4.07	4.07	4.07
481	9.34	9.34	4.98	6.79	6.79	6.79	9.34	4.15	4.15	4.15
240	656.44	656.44	350.10	477.41	477.41	477.41	656.44	291.75	291.75	291.75
482	9.84	9.84	5.25	7.16	7.16	7.16	9.84	4.38	4.38	4.38
241	1021.78	1021.78	544.95	743.11	743.11	743.11	1021.78	454.13	454.13	454.13
483	10.37	10.37	5.53	7.54	7.54	7.54	10.37	4.61	4.61	4.61
242	437.29	437.29	233.22	318.03	318.03	318.03	437.29	194.35	194.35	194.35
484	9.96	9.96	5.31	7.24	7.24	7.24	9.96	4.43	4.43	4.43
243	1066.16	1066.16	568.62	775.39	775.39	775.39	1066.16	473.85	473.85	473.85
485	10.07	10.07	5.37	7.32	7.32	7.32	10.07	4.48	4.48	4.48
244	747.94	747.94	398.90	543.95	543.95	543.95	747.94	332.42	332.42	332.42
486	9.73	9.73	5.19	7.08	7.08	7.08	9.73	4.33	4.33	4.33
245	462.08	462.08	246.44	336.05	336.05	336.05	462.08	205.37	205.37	205.37
487	10.20	10.20	5.44	7.42	7.42	7.42	10.20	4.53	4.53	4.53
246	566.21	566.21	301.98	411.79	411.79	411.79	566.21	251.65	251.65	251.65
488	9.19	9.19	4.90	6.68	6.68	6.68	9.19	4.08	4.08	4.08
247	576.98	576.98	307.72	419.62	419.62	419.62	576.98	256.43	256.43	256.43
489	10.07	10.07	5.37	7.32	7.32	7.32	10.07	4.48	4.48	4.48
248	1046.23	1046.23	557.99	760.90	760.90	760.90	1046.23	464.99	464.99	464.99
249	1169.06	1169.06	623.50	850.23	850.23	850.23	1169.06	519.58	519.58	519.58
490	10.11	10.11	5.39	7.35	7.35	7.35	10.11	4.49	4.49	4.49
491	9.45	9.45	5.04	6.87	6.87	6.87	9.45	4.20	4.20	4.20
250	726.90	726.90	387.68	528.65	528.65	528.65	726.90	323.07	323.07	323.07
492	9.62	9.62	5.13	7.00	7.00	7.00	9.62	4.28	4.28	4.28
251	565.69	565.69	301.70	411.41	411.41	411.41	565.69	251.42	251.42	251.42
493	9.21	9.21	4.91	6.70	6.70	6.70	9.21	4.09	4.09	4.09
252	919.31	919.31	490.30	668.59	668.59	668.59	919.31	408.58	408.58	408.58
494	9.17	9.17	4.89	6.67	6.67	6.67	9.17	4.07	4.07	4.07
253	474.73	474.73	253.19	345.26	345.26	345.26	474.73	210.99	210.99	210.99
495	10.07	10.07	5.37	7.32	7.32	7.32	10.07	4.48	4.48	4.48
254	1095.45	1095.45	584.24	796.69	796.69	796.69	1095.45	486.87	486.87	486.87
496	9.73	9.73	5.19	7.08	7.08	7.08	9.73	4.33	4.33	4.33
255	727.43	727.43	387.96	529.04	529.04	529.04	727.43	323.30	323.30	323.30
497	9.49	9.49	5.06	6.90	6.90	6.90	9.49	4.22	4.22	4.22
256	1009.29	1009.29	538.29	734.03	734.03	734.03	1009.29	448.58	448.58	448.58
498	10.13	10.13	5.40	7.36	7.36	7.36	10.13	4.50	4.50	4.50
257	1247.81	1247.81	665.50	907.50	907.50	907.50	1247.81	554.58	554.58	554.58
499	10.09	10.09	5.38	7.34	7.34	7.34	10.09	4.48	4.48	4.48
258	1150.65	1150.65	613.68	836.84	836.84	836.84	1150.65	511.40	511.40	511.40
259	591.19	591.19	315.30	429.95	429.95	429.95	591.19	262.75	262.75	262.75
260	967.61	967.61	516.06	703.72	703.72	703.72	967.61	430.05	430.05	430.05
261	885.39	885.39	472.21	643.92	643.92	643.92	885.39	393.51	393.51	393.51
262	1292.91	1292.91	689.55	940.30	940.30	940.30	1292.91	574.62	574.62	574.62
263	1291.29	1291.29	688.69	939.12	939.12	939.12	1291.29	573.91	573.91	573.91
264	1080.02	1080.02	576.01	785.47	785.47	785.47	1080.02	480.01	480.01	480.01
265	924.84	924.84	493.25	672.61	672.61	672.61	924.84	411.04	411.04	411.04
266	861.90	861.90	459.68	626.84	626.84	626.84	861.90	383.07	383.07	383.07
267	936.83	936.83	499.64	681.33	681.33	681.33	936.83	416.37	416.37	416.37
268	1004.06	1004.06	535.50	730.23	730.23	730.23	1004.06	446.25	446.25	446.25
269	982.39	982.39	523.94	714.46	714.46	714.46	982.39	436.62	436.62	436.62
270	1156.93	1156.93	617.03	841.40	841.40	841.40	1156.93	514.19	514.19	514.19
271	455.33	455.33	242.84	331.15	331.15	331.15	455.33	202.37	202.37	202.37
272	689.31	689.31	367.63	501.31	501.31	501.31	689.31	306.36	306.36	306.36
273	538.58	538.58	287.24	391.69	391.69	391.69	538.58	239.37	239.37	239.37
274	559.89	559.89	298.61	407.20	407.20	407.20	559.89	248.84	248.84	248.84
275	1221.32	1221.32	651.37	888.23	888.23	888.23	1221.32	542.81	542.81	542.81
276	635.64	635.64	339.01	462.29	462.29	462.29	635.64	282.51	282.51	282.51
277	1052.76	1052.76	561.47	765.64	765.64	765.64	1052.76	467.89	467.89	467.89
278	1054.46	1054.46	562.38	766.88	766.88	766.88	1054.46	468.65	468.65	468.65
279	1050.60	1050.60	560.32	764.07	764.07	764.07	1050.60	466.93	466.93	466.93
280	512.01	512.01	273.07	372.37	372.37	372.37	512.01	227.56	227.56	227.56
281	1154.19	1154.19	615.57	839.41	839.41	839.41	1154.19	512.98	512.98	512.98
282	562.14	562.14	299.81	408.83	408.83	408.83	562.14	249.84	249.84	249.84
283	836.59	836.59	446.18	608.43	608.43	608.43	836.59	371.82	371.82	371.82
284	438.17	438.17	233.69	318.67	318.67	318.67	438.17	194.74	194.74	194.74
285	865.65	865.65	461.68	629.56	629.56	629.56	865.65	384.73	384.73	384.73
286	1210.74	1210.74	645.73	880.54	880.54	880.54	1210.74	538.11	538.11	538.11
287	976.65	976.65	520.88	710.29	710.29	710.29	976.65	434.07	434.07	434.07
288	1187.68	1187.68	633.43	863.77	863.77	863.77	1187.68	527.86	527.86	527.86
289	833.06	833.06	444.30	605.86	605.86	605.86	833.06	370.25	370.25	370.25
290	492.26	492.26	262.54	358.01	358.01	358.01	492.26	218.78	218.78	218.78
291	629.42	629.42	335.69	457.76	457.76	457.76	629.42	279.74	279.74	279.74
292	1001.10	1001.10	533.92	728.07	728.07	728.07	1001.10	444.93	444.93	444.93
293	1222.63	1222.63	652.07	889.19	889.19	889.19	1222.63	543.39	543.39	543.39
294	868.95	868.95	463.44	631.96	631.96	631.96	868.95	386.20	386.20	386.20
295	861.99	861.99	459.73	626.90	626.90	626.90	861.99	383.11	383.11	383.11
296	1045.65	1045.65	557.68	760.47	760.47	760.47	1045.65	464.73	464.73	464.73
297	1251.94	1251.94	667.70	910.50	910.50	910.50	1251.94	556.42	556.42	556.42
298	706.76	706.76	376.94	514.01	514.01	514.01	706.76	314.12	314.12	314.12
299	797.27	797.27	425.21	579.83	579.83	579.83	797.27	354.34	354.34	354.34
900	903.02	903.02	481.61	656.74	656.74	656.74	903.02	401.34	401.34	401.34
901	1081.11	1081.11	576.59	786.26	786.26	786.26	1081.11	480.49	480.49	480.49
902	1246.33	1246.33	664.71	906.42	906.42	906.42	1246.33	553.93	553.93	553.93
903	1167.26	1167.26	622.54	848.92	848.92	848.92	1167.26	518.78	518.78	518.78
904	584.48	584.48	311.72	425.07	425.07	425.07	584.48	259.77	259.77	259.77
905	768.58	768.58	409.91	558.97	558.97	558.97	768.58	341.59	341.59	341.59
906	629.33	629.33	335.64	457.69	457.69	457.69	629.33	279.70	279.70	279.70
907	1203.56	1203.56	641.90	875.32	875.32	875.32	1203.56	534.92	534.92	534.92
908	438.24	438.24	233.73	318.72	318.72	318.72	438.24	194.78	194.78	194.78
909	791.31	791.31	422.03	575.50	575.50	575.50	791.31	351.69	351.69	351.69
910	840.96	840.96	448.51	611.60	611.60	611.60	840.96	373.76	373.76	373.76
911	674.34	674.34	359.65	490.43	490.43	490.43	674.34	299.71	299.71	299.71
912	986.59	986.59	526.18	717.52	717.52	717.52	986.59	438.48	438.48	438.48
913	1129.80	1129.80	602.56	821.67	821.67	821.67	1129.80	502.13	502.13	502.13
914	739.56	739.56	394.43	537.86	537.86	537.86	739.56	328.69	328.69	328.69
915	923.94	923.94	492.77	671.96	671.96	671.96	923.94	410.64	410.64	410.64
916	1244.38	1244.38	663.67	905.00	905.00	905.00	1244.38	553.06	553.06	553.06
917	558.83	558.83	298.04	406.42	406.42	406.42	558.83	248.37	248.37	248.37
918	562.41	562.41	299.95	409.02	409.02	409.02	562.41	249.96	249.96	249.96
919	491.98	491.98	262.39	357.80	357.80	357.80	491.98	218.66	218.66	218.66
920	1270.95	1270.95	677.84	924.33	924.33	924.33	1270.95	564.87	564.87	564.87
921	582.09	582.09	310.45	423.34	423.34	423.34	582.09	258.71	258.71	258.71
922	617.29	617.29	329.22	448.94	448.94	448.94	617.29	274.35	274.35	274.35
923	775.74	775.74	413.73	564.18	564.18	564.18	775.74	344.78	344.78	344.78
924	849.77	849.77	453.21	618.01	618.01	618.01	849.77	377.68	377.68	377.68
925	1058.08	1058.08	564.31	769.51	769.51	769.51	1058.08	470.26	470.26	470.26
926	876.94	876.94	467.70	637.77	637.77	637.77	876.94	389.75	389.75	389.75
927	939.28	939.28	500.95	683.11	683.11	683.11	939.28	417.46	417.46	417.46
928	433.26	433.26	231.07	315.10	315.10	315.10	433.26	192.56	192.56	192.56
929	771.21	771.21	411.31	560.88	560.88	560.88	771.21	342.76	342.76	342.76
930	831.49	831.49	443.46	604.72	604.72	604.72	831.49	369.55	369.55	369.55
931	1065.43	1065.43	568.23	774.86	774.86	774.86	1065.43	473.53	473.53	473.53
932	811.16	811.16	432.62	589.94	589.94	589.94	811.16	360.52	360.52	360.52
933	526.61	526.61	280.86	382.99	382.99	382.99	526.61	234.05	234.05	234.05
934	986.42	986.42	526.09	717.40	717.40	717.40	986.42	438.41	438.41	438.41
935	1248.43	1248.43	665.83	907.95	907.95	907.95	1248.43	554.86	554.86	554.86
936	1107.83	1107.83	590.84	805.69	805.69	805.69	1107.83	492.37	492.37	492.37
937	530.21	530.21	282.78	385.61	385.61	385.61	530.21	235.65	235.65	235.65
938	653.01	653.01	348.27	474.91	474.91	474.91	653.01	290.23	290.23	290.23
939	721.58	721.58	384.84	524.78	524.78	524.78	721.58	320.70	320.70	320.70
940	682.50	682.50	364.00	496.36	496.36	496.36	682.50	303.33	303.33	303.33
941	1166.14	1166.14	621.94	848.10	848.10	848.10	1166.14	518.28	518.28	518.28
700	9.09	9.09	4.85	6.61	6.61	6.61	9.09	4.04	4.04	4.04
942	828.84	828.84	442.05	602.80	602.80	602.80	828.84	368.38	368.38	368.38
701	10.89	10.89	5.81	7.92	7.92	7.92	10.89	4.84	4.84	4.84
943	1263.09	1263.09	673.65	918.61	918.61	918.61	1263.09	561.38	561.38	561.38
702	10.82	10.82	5.77	7.87	7.87	7.87	10.82	4.81	4.81	4.81
944	1115.81	1115.81	595.10	811.50	811.50	811.50	1115.81	495.92	495.92	495.92
703	9.99	9.99	5.33	7.27	7.27	7.27	9.99	4.44	4.44	4.44
945	962.89	962.89	513.54	700.28	700.28	700.28	962.89	427.95	427.95	427.95
704	9.54	9.54	5.09	6.94	6.94	6.94	9.54	4.24	4.24	4.24
946	626.57	626.57	334.17	455.69	455.69	455.69	626.57	278.48	278.48	278.48
705	9.77	9.77	5.21	7.10	7.10	7.10	9.77	4.34	4.34	4.34
947	1041.17	1041.17	555.29	757.21	757.21	757.21	1041.17	462.74	462.74	462.74
706	9.75	9.75	5.20	7.09	7.09	7.09	9.75	4.33	4.33	4.33
948	567.34	567.34	302.58	412.61	412.61	412.61	567.34	252.15	252.15	252.15
707	10.35	10.35	5.52	7.53	7.53	7.53	10.35	4.60	4.60	4.60
949	947.10	947.10	505.12	688.80	688.80	688.80	947.10	420.93	420.93	420.93
708	9.41	9.41	5.02	6.85	6.85	6.85	9.41	4.18	4.18	4.18
709	8.91	8.91	4.75	6.48	6.48	6.48	8.91	3.96	3.96	3.96
950	620.91	620.91	331.15	451.57	451.57	451.57	620.91	275.96	275.96	275.96
951	563.94	563.94	300.77	410.14	410.14	410.14	563.94	250.64	250.64	250.64
710	9.38	9.38	5.00	6.82	6.82	6.82	9.38	4.17	4.17	4.17
952	695.31	695.31	370.83	505.68	505.68	505.68	695.31	309.03	309.03	309.03
711	10.05	10.05	5.36	7.31	7.31	7.31	10.05	4.47	4.47	4.47
953	930.75	930.75	496.40	676.91	676.91	676.91	930.75	413.67	413.67	413.67
712	9.86	9.86	5.26	7.17	7.17	7.17	9.86	4.38	4.38	4.38
954	846.79	846.79	451.62	615.85	615.85	615.85	846.79	376.35	376.35	376.35
713	7.97	7.97	4.25	5.80	5.80	5.80	7.97	3.54	3.54	3.54
955	1091.89	1091.89	582.34	794.10	794.10	794.10	1091.89	485.28	485.28	485.28
714	8.78	8.78	4.68	6.38	6.38	6.38	8.78	3.90	3.90	3.90
956	793.29	793.29	423.09	576.94	576.94	576.94	793.29	352.58	352.58	352.58
715	9.11	9.11	4.86	6.63	6.63	6.63	9.11	4.05	4.05	4.05
957	1111.99	1111.99	593.06	808.72	808.72	808.72	1111.99	494.22	494.22	494.22
716	9.32	9.32	4.97	6.78	6.78	6.78	9.32	4.14	4.14	4.14
958	1119.30	1119.30	596.96	814.04	814.04	814.04	1119.30	497.47	497.47	497.47
717	8.79	8.79	4.69	6.40	6.40	6.40	8.79	3.91	3.91	3.91
959	892.35	892.35	475.92	648.98	648.98	648.98	892.35	396.60	396.60	396.60
718	10.22	10.22	5.45	7.43	7.43	7.43	10.22	4.54	4.54	4.54
719	9.88	9.88	5.27	7.19	7.19	7.19	9.88	4.39	4.39	4.39
960	737.36	737.36	393.26	536.26	536.26	536.26	737.36	327.72	327.72	327.72
961	1237.88	1237.88	660.20	900.27	900.27	900.27	1237.88	550.17	550.17	550.17
720	9.39	9.39	5.01	6.83	6.83	6.83	9.39	4.18	4.18	4.18
962	1073.08	1073.08	572.31	780.42	780.42	780.42	1073.08	476.92	476.92	476.92
721	9.56	9.56	5.10	6.95	6.95	6.95	9.56	4.25	4.25	4.25
963	1146.43	1146.43	611.43	833.77	833.77	833.77	1146.43	509.52	509.52	509.52
722	10.05	10.05	5.36	7.31	7.31	7.31	10.05	4.47	4.47	4.47
964	835.37	835.37	445.53	607.54	607.54	607.54	835.37	371.28	371.28	371.28
723	9.98	9.98	5.32	7.25	7.25	7.25	9.98	4.43	4.43	4.43
965	856.71	856.71	456.91	623.06	623.06	623.06	856.71	380.76	380.76	380.76
724	9.66	9.66	5.15	7.02	7.02	7.02	9.66	4.29	4.29	4.29
966	840.15	840.15	448.08	611.02	611.02	611.02	840.15	373.40	373.40	373.40
725	9.30	9.30	4.96	6.76	6.76	6.76	9.30	4.13	4.13	4.13
967	897.51	897.51	478.67	652.73	652.73	652.73	897.51	398.89	398.89	398.89
726	9.09	9.09	4.85	6.61	6.61	6.61	9.09	4.04	4.04	4.04
968	572.25	572.25	305.20	416.18	416.18	416.18	572.25	254.33	254.33	254.33
727	8.53	8.53	4.55	6.20	6.20	6.20	8.53	3.79	3.79	3.79
969	1049.81	1049.81	559.90	763.50	763.50	763.50	1049.81	466.58	466.58	466.58
728	9.15	9.15	4.88	6.65	6.65	6.65	9.15	4.07	4.07	4.07
729	8.55	8.55	4.56	6.22	6.22	6.22	8.55	3.80	3.80	3.80
970	1189.35	1189.35	634.32	864.98	864.98	864.98	1189.35	528.60	528.60	528.60
971	866.55	866.55	462.16	630.22	630.22	630.22	866.55	385.13	385.13	385.13
730	990.66	990.66	528.35	720.48	720.48	720.48	990.66	440.29	440.29	440.29
972	434.51	434.51	231.74	316.01	316.01	316.01	434.51	193.12	193.12	193.12
731	765.15	765.15	408.08	556.47	556.47	556.47	765.15	340.07	340.07	340.07
973	542.44	542.44	289.30	394.50	394.50	394.50	542.44	241.08	241.08	241.08
732	667.33	667.33	355.91	485.33	485.33	485.33	667.33	296.59	296.59	296.59
974	554.27	554.27	295.61	403.10	403.10	403.10	554.27	246.34	246.34	246.34
733	676.78	676.78	360.95	492.20	492.20	492.20	676.78	300.79	300.79	300.79
975	1248.43	1248.43	665.83	907.95	907.95	907.95	1248.43	554.86	554.86	554.86
734	697.63	697.63	372.07	507.37	507.37	507.37	697.63	310.06	310.06	310.06
976	645.41	645.41	344.22	469.39	469.39	469.39	645.41	286.85	286.85	286.85
735	830.79	830.79	443.09	604.21	604.21	604.21	830.79	369.24	369.24	369.24
977	565.95	565.95	301.84	411.60	411.60	411.60	565.95	251.53	251.53	251.53
736	446.03	446.03	237.88	324.38	324.38	324.38	446.03	198.23	198.23	198.23
978	1248.23	1248.23	665.72	907.80	907.80	907.80	1248.23	554.77	554.77	554.77
737	1057.16	1057.16	563.82	768.85	768.85	768.85	1057.16	469.85	469.85	469.85
979	474.98	474.98	253.32	345.44	345.44	345.44	474.98	211.10	211.10	211.10
738	1269.99	1269.99	677.33	923.63	923.63	923.63	1269.99	564.44	564.44	564.44
739	951.32	951.32	507.37	691.87	691.87	691.87	951.32	422.81	422.81	422.81
980	1128.51	1128.51	601.87	820.73	820.73	820.73	1128.51	501.56	501.56	501.56
981	10.41	10.41	5.55	7.57	7.57	7.57	10.41	4.63	4.63	4.63
740	666.38	666.38	355.40	484.64	484.64	484.64	666.38	296.17	296.17	296.17
982	10.41	10.41	5.55	7.57	7.57	7.57	10.41	4.63	4.63	4.63
741	920.55	920.55	490.96	669.49	669.49	669.49	920.55	409.13	409.13	409.13
983	10.41	10.41	5.55	7.57	7.57	7.57	10.41	4.63	4.63	4.63
500	8.03	8.03	4.28	5.84	5.84	5.84	8.03	3.57	3.57	3.57
742	1052.21	1052.21	561.18	765.25	765.25	765.25	1052.21	467.65	467.65	467.65
984	9.77	9.77	5.21	7.10	7.10	7.10	9.77	4.34	4.34	4.34
501	10.03	10.03	5.35	7.30	7.30	7.30	10.03	4.46	4.46	4.46
743	628.05	628.05	334.96	456.76	456.76	456.76	628.05	279.13	279.13	279.13
985	10.73	10.73	5.72	7.80	7.80	7.80	10.73	4.77	4.77	4.77
502	10.28	10.28	5.48	7.47	7.47	7.47	10.28	4.57	4.57	4.57
744	474.11	474.11	252.86	344.81	344.81	344.81	474.11	210.72	210.72	210.72
986	10.01	10.01	5.34	7.28	7.28	7.28	10.01	4.45	4.45	4.45
503	8.87	8.87	4.73	6.45	6.45	6.45	8.87	3.94	3.94	3.94
745	950.34	950.34	506.85	691.16	691.16	691.16	950.34	422.38	422.38	422.38
987	10.33	10.33	5.51	7.51	7.51	7.51	10.33	4.59	4.59	4.59
504	9.60	9.60	5.12	6.98	6.98	6.98	9.60	4.27	4.27	4.27
746	1142.18	1142.18	609.16	830.67	830.67	830.67	1142.18	507.63	507.63	507.63
988	9.77	9.77	5.21	7.10	7.10	7.10	9.77	4.34	4.34	4.34
505	10.58	10.58	5.64	7.69	7.69	7.69	10.58	4.70	4.70	4.70
747	1083.47	1083.47	577.85	787.98	787.98	787.98	1083.47	481.54	481.54	481.54
989	10.20	10.20	5.44	7.42	7.42	7.42	10.20	4.53	4.53	4.53
506	8.70	8.70	4.64	6.33	6.33	6.33	8.70	3.87	3.87	3.87
748	763.26	763.26	407.07	555.10	555.10	555.10	763.26	339.23	339.23	339.23
507	9.81	9.81	5.23	7.13	7.13	7.13	9.81	4.36	4.36	4.36
749	598.80	598.80	319.36	435.49	435.49	435.49	598.80	266.13	266.13	266.13
508	8.98	8.98	4.79	6.53	6.53	6.53	8.98	3.99	3.99	3.99
509	9.68	9.68	5.16	7.04	7.04	7.04	9.68	4.30	4.30	4.30
990	9.64	9.64	5.14	7.01	7.01	7.01	9.64	4.28	4.28	4.28
991	10.11	10.11	5.39	7.35	7.35	7.35	10.11	4.49	4.49	4.49
750	612.11	612.11	326.46	445.17	445.17	445.17	612.11	272.05	272.05	272.05
992	10.82	10.82	5.77	7.87	7.87	7.87	10.82	4.81	4.81	4.81
751	830.87	830.87	443.13	604.27	604.27	604.27	830.87	369.28	369.28	369.28
993	10.31	10.31	5.50	7.50	7.50	7.50	10.31	4.58	4.58	4.58
510	8.83	8.83	4.71	6.42	6.42	6.42	8.83	3.93	3.93	3.93
752	812.98	812.98	433.59	591.26	591.26	591.26	812.98	361.33	361.33	361.33
994	10.05	10.05	5.36	7.31	7.31	7.31	10.05	4.47	4.47	4.47
511	8.79	8.79	4.69	6.40	6.40	6.40	8.79	3.91	3.91	3.91
753	1001.57	1001.57	534.17	728.41	728.41	728.41	1001.57	445.14	445.14	445.14
995	10.01	10.01	5.34	7.28	7.28	7.28	10.01	4.45	4.45	4.45
512	8.81	8.81	4.70	6.41	6.41	6.41	8.81	3.92	3.92	3.92
754	610.14	610.14	325.41	443.74	443.74	443.74	610.14	271.18	271.18	271.18
996	9.53	9.53	5.08	6.93	6.93	6.93	9.53	4.23	4.23	4.23
513	10.22	10.22	5.45	7.43	7.43	7.43	10.22	4.54	4.54	4.54
755	1293.69	1293.69	689.97	940.87	940.87	940.87	1293.69	574.98	574.98	574.98
997	10.52	10.52	5.61	7.65	7.65	7.65	10.52	4.68	4.68	4.68
514	9.79	9.79	5.22	7.12	7.12	7.12	9.79	4.35	4.35	4.35
756	710.25	710.25	378.80	516.55	516.55	516.55	710.25	315.67	315.67	315.67
998	10.29	10.29	5.49	7.49	7.49	7.49	10.29	4.58	4.58	4.58
515	9.54	9.54	5.09	6.94	6.94	6.94	9.54	4.24	4.24	4.24
757	1174.18	1174.18	626.23	853.95	853.95	853.95	1174.18	521.86	521.86	521.86
999	9.90	9.90	5.28	7.20	7.20	7.20	9.90	4.40	4.40	4.40
516	9.92	9.92	5.29	7.21	7.21	7.21	9.92	4.41	4.41	4.41
758	905.51	905.51	482.94	658.55	658.55	658.55	905.51	402.45	402.45	402.45
517	8.96	8.96	4.78	6.52	6.52	6.52	8.96	3.98	3.98	3.98
759	608.81	608.81	324.70	442.77	442.77	442.77	608.81	270.58	270.58	270.58
518	9.84	9.84	5.25	7.16	7.16	7.16	9.84	4.38	4.38	4.38
519	10.07	10.07	5.37	7.32	7.32	7.32	10.07	4.48	4.48	4.48
760	1267.67	1267.67	676.09	921.94	921.94	921.94	1267.67	563.41	563.41	563.41
761	964.28	964.28	514.28	701.29	701.29	701.29	964.28	428.57	428.57	428.57
520	8.85	8.85	4.72	6.44	6.44	6.44	8.85	3.93	3.93	3.93
762	1092.23	1092.23	582.52	794.35	794.35	794.35	1092.23	485.43	485.43	485.43
521	10.78	10.78	5.75	7.84	7.84	7.84	10.78	4.79	4.79	4.79
763	534.54	534.54	285.09	388.76	388.76	388.76	534.54	237.57	237.57	237.57
522	9.79	9.79	5.22	7.12	7.12	7.12	9.79	4.35	4.35	4.35
764	691.58	691.58	368.84	502.96	502.96	502.96	691.58	307.37	307.37	307.37
523	8.46	8.46	4.51	6.15	6.15	6.15	8.46	3.76	3.76	3.76
765	1279.07	1279.07	682.17	930.23	930.23	930.23	1279.07	568.47	568.47	568.47
524	9.19	9.19	4.90	6.68	6.68	6.68	9.19	4.08	4.08	4.08
766	971.04	971.04	517.89	706.21	706.21	706.21	971.04	431.58	431.58	431.58
525	10.13	10.13	5.40	7.36	7.36	7.36	10.13	4.50	4.50	4.50
767	1200.54	1200.54	640.29	873.12	873.12	873.12	1200.54	533.58	533.58	533.58
526	9.56	9.56	5.10	6.95	6.95	6.95	9.56	4.25	4.25	4.25
768	865.89	865.89	461.81	629.74	629.74	629.74	865.89	384.84	384.84	384.84
527	9.92	9.92	5.29	7.21	7.21	7.21	9.92	4.41	4.41	4.41
769	886.54	886.54	472.82	644.75	644.75	644.75	886.54	394.02	394.02	394.02
528	8.59	8.59	4.58	6.25	6.25	6.25	8.59	3.82	3.82	3.82
529	9.64	9.64	5.14	7.01	7.01	7.01	9.64	4.28	4.28	4.28
770	1104.83	1104.83	589.24	803.51	803.51	803.51	1104.83	491.03	491.03	491.03
771	1055.25	1055.25	562.80	767.45	767.45	767.45	1055.25	469.00	469.00	469.00
530	9.83	9.83	5.24	7.15	7.15	7.15	9.83	4.37	4.37	4.37
772	902.34	902.34	481.25	656.25	656.25	656.25	902.34	401.04	401.04	401.04
531	10.18	10.18	5.43	7.40	7.40	7.40	10.18	4.53	4.53	4.53
773	467.81	467.81	249.50	340.23	340.23	340.23	467.81	207.92	207.92	207.92
532	10.28	10.28	5.48	7.47	7.47	7.47	10.28	4.57	4.57	4.57
774	482.38	482.38	257.27	350.82	350.82	350.82	482.38	214.39	214.39	214.39
533	8.85	8.85	4.72	6.44	6.44	6.44	8.85	3.93	3.93	3.93
775	1061.70	1061.70	566.24	772.15	772.15	772.15	1061.70	471.87	471.87	471.87
534	9.60	9.60	5.12	6.98	6.98	6.98	9.60	4.27	4.27	4.27
776	491.98	491.98	262.39	357.80	357.80	357.80	491.98	218.66	218.66	218.66
535	9.21	9.21	4.91	6.70	6.70	6.70	9.21	4.09	4.09	4.09
777	944.79	944.79	503.89	687.12	687.12	687.12	944.79	419.91	419.91	419.91
536	8.79	8.79	4.69	6.40	6.40	6.40	8.79	3.91	3.91	3.91
778	1275.38	1275.38	680.20	927.55	927.55	927.55	1275.38	566.83	566.83	566.83
537	9.41	9.41	5.02	6.85	6.85	6.85	9.41	4.18	4.18	4.18
779	841.03	841.03	448.55	611.66	611.66	611.66	841.03	373.79	373.79	373.79
538	10.13	10.13	5.40	7.36	7.36	7.36	10.13	4.50	4.50	4.50
539	8.72	8.72	4.65	6.34	6.34	6.34	8.72	3.88	3.88	3.88
780	1102.28	1102.28	587.88	801.65	801.65	801.65	1102.28	489.90	489.90	489.90
781	841.31	841.31	448.70	611.86	611.86	611.86	841.31	373.92	373.92	373.92
540	10.43	10.43	5.56	7.58	7.58	7.58	10.43	4.63	4.63	4.63
782	1042.14	1042.14	555.81	757.92	757.92	757.92	1042.14	463.17	463.17	463.17
541	9.34	9.34	4.98	6.79	6.79	6.79	9.34	4.15	4.15	4.15
783	1150.52	1150.52	613.61	836.74	836.74	836.74	1150.52	511.34	511.34	511.34
300	890.49	890.49	474.93	647.63	647.63	647.63	890.49	395.78	395.78	395.78
542	9.58	9.58	5.11	6.97	6.97	6.97	9.58	4.26	4.26	4.26
784	725.94	725.94	387.17	527.96	527.96	527.96	725.94	322.64	322.64	322.64
301	1015.61	1015.61	541.66	738.63	738.63	738.63	1015.61	451.38	451.38	451.38
543	8.51	8.51	4.54	6.19	6.19	6.19	8.51	3.78	3.78	3.78
785	944.85	944.85	503.92	687.16	687.16	687.16	944.85	419.93	419.93	419.93
302	962.83	962.83	513.51	700.24	700.24	700.24	962.83	427.93	427.93	427.93
544	8.53	8.53	4.55	6.20	6.20	6.20	8.53	3.79	3.79	3.79
786	490.61	490.61	261.66	356.81	356.81	356.81	490.61	218.05	218.05	218.05
303	512.01	512.01	273.07	372.37	372.37	372.37	512.01	227.56	227.56	227.56
545	9.26	9.26	4.94	6.74	6.74	6.74	9.26	4.12	4.12	4.12
787	1085.04	1085.04	578.69	789.12	789.12	789.12	1085.04	482.24	482.24	482.24
304	691.16	691.16	368.62	502.66	502.66	502.66	691.16	307.18	307.18	307.18
546	9.94	9.94	5.30	7.23	7.23	7.23	9.94	4.42	4.42	4.42
788	604.26	604.26	322.27	439.46	439.46	439.46	604.26	268.56	268.56	268.56
305	1229.38	1229.38	655.67	894.10	894.10	894.10	1229.38	546.39	546.39	546.39
547	9.58	9.58	5.11	6.97	6.97	6.97	9.58	4.26	4.26	4.26
789	597.36	597.36	318.59	434.44	434.44	434.44	597.36	265.49	265.49	265.49
306	620.48	620.48	330.92	451.25	451.25	451.25	620.48	275.77	275.77	275.77
548	9.69	9.69	5.17	7.05	7.05	7.05	9.69	4.31	4.31	4.31
307	1014.19	1014.19	540.90	737.59	737.59	737.59	1014.19	450.75	450.75	450.75
549	9.23	9.23	4.92	6.71	6.71	6.71	9.23	4.10	4.10	4.10
308	622.07	622.07	331.77	452.41	452.41	452.41	622.07	276.48	276.48	276.48
309	563.31	563.31	300.43	409.68	409.68	409.68	563.31	250.36	250.36	250.36
790	971.64	971.64	518.21	706.65	706.65	706.65	971.64	431.84	431.84	431.84
791	1218.69	1218.69	649.97	886.32	886.32	886.32	1218.69	541.64	541.64	541.64
550	10.11	10.11	5.39	7.35	7.35	7.35	10.11	4.49	4.49	4.49
792	923.53	923.53	492.55	671.66	671.66	671.66	923.53	410.46	410.46	410.46
551	10.09	10.09	5.38	7.34	7.34	7.34	10.09	4.48	4.48	4.48
793	963.49	963.49	513.86	700.72	700.72	700.72	963.49	428.22	428.22	428.22
310	790.71	790.71	421.71	575.06	575.06	575.06	790.71	351.43	351.43	351.43
552	9.68	9.68	5.16	7.04	7.04	7.04	9.68	4.30	4.30	4.30
794	740.98	740.98	395.19	538.90	538.90	538.90	740.98	329.33	329.33	329.33
311	604.88	604.88	322.60	439.91	439.91	439.91	604.88	268.83	268.83	268.83
553	9.32	9.32	4.97	6.78	6.78	6.78	9.32	4.14	4.14	4.14
795	1023.88	1023.88	546.07	744.64	744.64	744.64	1023.88	455.06	455.06	455.06
312	752.79	752.79	401.49	547.49	547.49	547.49	752.79	334.58	334.58	334.58
554	9.98	9.98	5.32	7.25	7.25	7.25	9.98	4.43	4.43	4.43
796	865.05	865.05	461.36	629.13	629.13	629.13	865.05	384.47	384.47	384.47
313	579.00	579.00	308.80	421.09	421.09	421.09	579.00	257.33	257.33	257.33
555	9.81	9.81	5.23	7.13	7.13	7.13	9.81	4.36	4.36	4.36
797	1215.94	1215.94	648.50	884.32	884.32	884.32	1215.94	540.42	540.42	540.42
314	737.29	737.29	393.22	536.21	536.21	536.21	737.29	327.68	327.68	327.68
556	9.92	9.92	5.29	7.21	7.21	7.21	9.92	4.41	4.41	4.41
798	440.06	440.06	234.70	320.05	320.05	320.05	440.06	195.58	195.58	195.58
315	548.78	548.78	292.68	399.11	399.11	399.11	548.78	243.90	243.90	243.90
557	9.36	9.36	4.99	6.80	6.80	6.80	9.36	4.16	4.16	4.16
799	1153.05	1153.05	614.96	838.58	838.58	838.58	1153.05	512.47	512.47	512.47
316	965.59	965.59	514.98	702.25	702.25	702.25	965.59	429.15	429.15	429.15
558	9.98	9.98	5.32	7.25	7.25	7.25	9.98	4.43	4.43	4.43
317	1168.61	1168.61	623.26	849.90	849.90	849.90	1168.61	519.38	519.38	519.38
559	9.77	9.77	5.21	7.10	7.10	7.10	9.77	4.34	4.34	4.34
318	696.32	696.32	371.37	506.41	506.41	506.41	696.32	309.48	309.48	309.48
319	1247.79	1247.79	665.49	907.49	907.49	907.49	1247.79	554.58	554.58	554.58
560	9.04	9.04	4.82	6.57	6.57	6.57	9.04	4.02	4.02	4.02
561	10.07	10.07	5.37	7.32	7.32	7.32	10.07	4.48	4.48	4.48
320	1267.01	1267.01	675.74	921.46	921.46	921.46	1267.01	563.12	563.12	563.12
562	8.68	8.68	4.63	6.31	6.31	6.31	8.68	3.86	3.86	3.86
321	752.19	752.19	401.17	547.05	547.05	547.05	752.19	334.31	334.31	334.31
563	9.99	9.99	5.33	7.27	7.27	7.27	9.99	4.44	4.44	4.44
322	936.68	936.68	499.56	681.22	681.22	681.22	936.68	416.30	416.30	416.30
564	9.32	9.32	4.97	6.78	6.78	6.78	9.32	4.14	4.14	4.14
323	509.53	509.53	271.75	370.57	370.57	370.57	509.53	226.46	226.46	226.46
565	8.94	8.94	4.77	6.50	6.50	6.50	8.94	3.97	3.97	3.97
324	541.82	541.82	288.97	394.05	394.05	394.05	541.82	240.81	240.81	240.81
566	9.24	9.24	4.93	6.72	6.72	6.72	9.24	4.11	4.11	4.11
325	1152.47	1152.47	614.65	838.16	838.16	838.16	1152.47	512.21	512.21	512.21
567	10.63	10.63	5.67	7.73	7.73	7.73	10.63	4.73	4.73	4.73
326	787.93	787.93	420.23	573.04	573.04	573.04	787.93	350.19	350.19	350.19
568	9.84	9.84	5.25	7.16	7.16	7.16	9.84	4.38	4.38	4.38
327	907.07	907.07	483.77	659.69	659.69	659.69	907.07	403.14	403.14	403.14
569	8.27	8.27	4.41	6.01	6.01	6.01	8.27	3.68	3.68	3.68
328	626.06	626.06	333.90	455.32	455.32	455.32	626.06	278.25	278.25	278.25
329	1020.54	1020.54	544.29	742.21	742.21	742.21	1020.54	453.58	453.58	453.58
570	9.90	9.90	5.28	7.20	7.20	7.20	9.90	4.40	4.40	4.40
571	10.63	10.63	5.67	7.73	7.73	7.73	10.63	4.73	4.73	4.73
330	452.10	452.10	241.12	328.80	328.80	328.80	452.10	200.93	200.93	200.93
572	9.13	9.13	4.87	6.64	6.64	6.64	9.13	4.06	4.06	4.06
331	680.78	680.78	363.08	495.11	495.11	495.11	680.78	302.57	302.57	302.57
573	9.38	9.38	5.00	6.82	6.82	6.82	9.38	4.17	4.17	4.17
332	573.98	573.98	306.12	417.44	417.44	417.44	573.98	255.10	255.10	255.10
574	9.26	9.26	4.94	6.74	6.74	6.74	9.26	4.12	4.12	4.12
333	492.79	492.79	262.82	358.39	358.39	358.39	492.79	219.02	219.02	219.02
575	9.60	9.60	5.12	6.98	6.98	6.98	9.60	4.27	4.27	4.27
334	899.18	899.18	479.56	653.95	653.95	653.95	899.18	399.63	399.63	399.63
576	9.71	9.71	5.18	7.06	7.06	7.06	9.71	4.32	4.32	4.32
335	943.58	943.58	503.24	686.24	686.24	686.24	943.58	419.37	419.37	419.37
577	9.98	9.98	5.32	7.25	7.25	7.25	9.98	4.43	4.43	4.43
336	911.85	911.85	486.32	663.16	663.16	663.16	911.85	405.27	405.27	405.27
578	10.24	10.24	5.46	7.45	7.45	7.45	10.24	4.55	4.55	4.55
337	1248.00	1248.00	665.60	907.64	907.64	907.64	1248.00	554.67	554.67	554.67
579	8.89	8.89	4.74	6.46	6.46	6.46	8.89	3.95	3.95	3.95
338	787.35	787.35	419.92	572.62	572.62	572.62	787.35	349.93	349.93	349.93
339	1188.98	1188.98	634.12	864.71	864.71	864.71	1188.98	528.43	528.43	528.43
580	9.11	9.11	4.86	6.63	6.63	6.63	9.11	4.05	4.05	4.05
581	9.64	9.64	5.14	7.01	7.01	7.01	9.64	4.28	4.28	4.28
340	1212.96	1212.96	646.91	882.15	882.15	882.15	1212.96	539.09	539.09	539.09
582	9.19	9.19	4.90	6.68	6.68	6.68	9.19	4.08	4.08	4.08
341	936.68	936.68	499.56	681.22	681.22	681.22	936.68	416.30	416.30	416.30
583	8.40	8.40	4.48	6.11	6.11	6.11	8.40	3.73	3.73	3.73
100	34.44	34.44	18.37	25.05	25.05	25.05	34.44	15.31	15.31	15.31
342	1083.02	1083.02	577.61	787.65	787.65	787.65	1083.02	481.34	481.34	481.34
584	10.22	10.22	5.45	7.43	7.43	7.43	10.22	4.54	4.54	4.54
101	33.23	33.23	17.72	24.16	24.16	24.16	33.23	14.77	14.77	14.77
343	818.74	818.74	436.66	595.45	595.45	595.45	818.74	363.88	363.88	363.88
585	8.72	8.72	4.65	6.34	6.34	6.34	8.72	3.88	3.88	3.88
102	31.97	31.97	17.05	23.25	23.25	23.25	31.97	14.21	14.21	14.21
344	550.71	550.71	293.71	400.51	400.51	400.51	550.71	244.76	244.76	244.76
586	8.89	8.89	4.74	6.46	6.46	6.46	8.89	3.95	3.95	3.95
103	33.73	33.73	17.99	24.53	24.53	24.53	33.73	14.99	14.99	14.99
345	568.16	568.16	303.02	413.21	413.21	413.21	568.16	252.52	252.52	252.52
587	9.56	9.56	5.10	6.95	6.95	6.95	9.56	4.25	4.25	4.25
104	33.08	33.08	17.64	24.05	24.05	24.05	33.08	14.70	14.70	14.70
346	551.31	551.31	294.03	400.95	400.95	400.95	551.31	245.02	245.02	245.02
588	11.04	11.04	5.89	8.03	8.03	8.03	11.04	4.91	4.91	4.91
105	35.14	35.14	18.74	25.55	25.55	25.55	35.14	15.62	15.62	15.62
347	1017.02	1017.02	542.41	739.65	739.65	739.65	1017.02	452.01	452.01	452.01
589	9.88	9.88	5.27	7.19	7.19	7.19	9.88	4.39	4.39	4.39
106	33.99	33.99	18.13	24.72	24.72	24.72	33.99	15.11	15.11	15.11
348	541.41	541.41	288.75	393.75	393.75	393.75	541.41	240.63	240.63	240.63
107	33.90	33.90	18.08	24.65	24.65	24.65	33.90	15.07	15.07	15.07
349	866.55	866.55	462.16	630.22	630.22	630.22	866.55	385.13	385.13	385.13
108	34.48	34.48	18.39	25.08	25.08	25.08	34.48	15.33	15.33	15.33
109	33.56	33.56	17.90	24.41	24.41	24.41	33.56	14.92	14.92	14.92
590	9.81	9.81	5.23	7.13	7.13	7.13	9.81	4.36	4.36	4.36
591	9.79	9.79	5.22	7.12	7.12	7.12	9.79	4.35	4.35	4.35
350	1191.81	1191.81	635.63	866.77	866.77	866.77	1191.81	529.69	529.69	529.69
592	8.62	8.62	4.60	6.27	6.27	6.27	8.62	3.83	3.83	3.83
351	758.74	758.74	404.66	551.81	551.81	551.81	758.74	337.22	337.22	337.22
593	9.60	9.60	5.12	6.98	6.98	6.98	9.60	4.27	4.27	4.27
110	34.35	34.35	18.32	24.98	24.98	24.98	34.35	15.27	15.27	15.27
352	865.99	865.99	461.86	629.81	629.81	629.81	865.99	384.88	384.88	384.88
594	8.83	8.83	4.71	6.42	6.42	6.42	8.83	3.93	3.93	3.93
111	34.97	34.97	18.65	25.43	25.43	25.43	34.97	15.54	15.54	15.54
353	782.34	782.34	417.25	568.98	568.98	568.98	782.34	347.71	347.71	347.71
595	8.94	8.94	4.77	6.50	6.50	6.50	8.94	3.97	3.97	3.97
112	34.18	34.18	18.23	24.86	24.86	24.86	34.18	15.19	15.19	15.19
354	1272.99	1272.99	678.93	925.81	925.81	925.81	1272.99	565.78	565.78	565.78
596	10.58	10.58	5.64	7.69	7.69	7.69	10.58	4.70	4.70	4.70
113	33.98	33.98	18.12	24.71	24.71	24.71	33.98	15.10	15.10	15.10
355	1042.95	1042.95	556.24	758.51	758.51	758.51	1042.95	463.53	463.53	463.53
597	10.01	10.01	5.34	7.28	7.28	7.28	10.01	4.45	4.45	4.45
114	33.49	33.49	17.86	24.35	24.35	24.35	33.49	14.88	14.88	14.88
356	817.91	817.91	436.22	594.85	594.85	594.85	817.91	363.52	363.52	363.52
598	10.07	10.07	5.37	7.32	7.32	7.32	10.07	4.48	4.48	4.48
115	33.60	33.60	17.92	24.44	24.44	24.44	33.60	14.93	14.93	14.93
357	1043.53	1043.53	556.55	758.93	758.93	758.93	1043.53	463.79	463.79	463.79
599	9.11	9.11	4.86	6.63	6.63	6.63	9.11	4.05	4.05	4.05
116	33.77	33.77	18.01	24.56	24.56	24.56	33.77	15.01	15.01	15.01
358	512.21	512.21	273.18	372.52	372.52	372.52	512.21	227.65	227.65	227.65
117	32.66	32.66	17.42	23.75	23.75	23.75	32.66	14.52	14.52	14.52
359	914.12	914.12	487.53	664.81	664.81	664.81	914.12	406.28	406.28	406.28
118	33.86	33.86	18.06	24.63	24.63	24.63	33.86	15.05	15.05	15.05
119	34.28	34.28	18.28	24.93	24.93	24.93	34.28	15.23	15.23	15.23
10	35.53	35.53	18.95	25.84	25.84	25.84	35.53	15.79	15.79	15.79
11	33.58	33.58	17.91	24.42	24.42	24.42	33.58	14.93	14.93	14.93
12	33.60	33.60	17.92	24.44	24.44	24.44	33.60	14.93	14.93	14.93
13	34.89	34.89	18.61	25.38	25.38	25.38	34.89	15.51	15.51	15.51
14	34.91	34.91	18.62	25.39	25.39	25.39	34.91	15.52	15.52	15.52
15	33.69	33.69	17.97	24.50	24.50	24.50	33.69	14.98	14.98	14.98
16	33.39	33.39	17.81	24.29	24.29	24.29	33.39	14.84	14.84	14.84
17	34.80	34.80	18.56	25.31	25.31	25.31	34.80	15.47	15.47	15.47
18	34.16	34.16	18.22	24.85	24.85	24.85	34.16	15.18	15.18	15.18
19	34.01	34.01	18.14	24.74	24.74	24.74	34.01	15.12	15.12	15.12
360	948.88	948.88	506.07	690.10	690.10	690.10	948.88	421.73	421.73	421.73
361	946.26	946.26	504.67	688.19	688.19	688.19	946.26	420.56	420.56	420.56
120	34.16	34.16	18.22	24.85	24.85	24.85	34.16	15.18	15.18	15.18
362	668.16	668.16	356.35	485.93	485.93	485.93	668.16	296.96	296.96	296.96
121	33.28	33.28	17.75	24.20	24.20	24.20	33.28	14.79	14.79	14.79
363	837.98	837.98	446.92	609.44	609.44	609.44	837.98	372.43	372.43	372.43
122	33.32	33.32	17.77	24.23	24.23	24.23	33.32	14.81	14.81	14.81
364	700.73	700.73	373.72	509.62	509.62	509.62	700.73	311.43	311.43	311.43
123	33.62	33.62	17.93	24.45	24.45	24.45	33.62	14.94	14.94	14.94
365	1011.38	1011.38	539.40	735.55	735.55	735.55	1011.38	449.50	449.50	449.50
124	33.49	33.49	17.86	24.35	24.35	24.35	33.49	14.88	14.88	14.88
366	1101.09	1101.09	587.25	800.80	800.80	800.80	1101.09	489.38	489.38	489.38
125	33.30	33.30	17.76	24.22	24.22	24.22	33.30	14.80	14.80	14.80
367	1253.16	1253.16	668.35	911.39	911.39	911.39	1253.16	556.96	556.96	556.96
126	35.23	35.23	18.79	25.62	25.62	25.62	35.23	15.66	15.66	15.66
368	704.25	704.25	375.60	512.18	512.18	512.18	704.25	313.00	313.00	313.00
127	34.33	34.33	18.31	24.97	24.97	24.97	34.33	15.26	15.26	15.26
369	937.73	937.73	500.12	681.98	681.98	681.98	937.73	416.77	416.77	416.77
128	34.56	34.56	18.43	25.13	25.13	25.13	34.56	15.36	15.36	15.36
129	34.63	34.63	18.47	25.19	25.19	25.19	34.63	15.39	15.39	15.39
20	34.31	34.31	18.30	24.95	24.95	24.95	34.31	15.25	15.25	15.25
21	35.21	35.21	18.78	25.61	25.61	25.61	35.21	15.65	15.65	15.65
22	33.62	33.62	17.93	24.45	24.45	24.45	33.62	14.94	14.94	14.94
23	33.66	33.66	17.95	24.48	24.48	24.48	33.66	14.96	14.96	14.96
24	34.05	34.05	18.16	24.76	24.76	24.76	34.05	15.13	15.13	15.13
25	33.62	33.62	17.93	24.45	24.45	24.45	33.62	14.94	14.94	14.94
26	34.37	34.37	18.33	25.00	25.00	25.00	34.37	15.27	15.27	15.27
27	33.41	33.41	17.82	24.30	24.30	24.30	33.41	14.85	14.85	14.85
28	34.37	34.37	18.33	25.00	25.00	25.00	34.37	15.27	15.27	15.27
29	34.82	34.82	18.57	25.32	25.32	25.32	34.82	15.48	15.48	15.48
370	916.54	916.54	488.82	666.57	666.57	666.57	916.54	407.35	407.35	407.35
371	636.26	636.26	339.34	462.74	462.74	462.74	636.26	282.78	282.78	282.78
130	33.38	33.38	17.80	24.27	24.27	24.27	33.38	14.83	14.83	14.83
372	1080.73	1080.73	576.39	785.99	785.99	785.99	1080.73	480.33	480.33	480.33
131	35.91	35.91	19.15	26.11	26.11	26.11	35.91	15.96	15.96	15.96
373	508.16	508.16	271.02	369.57	369.57	369.57	508.16	225.85	225.85	225.85
132	32.81	32.81	17.50	23.86	23.86	23.86	32.81	14.58	14.58	14.58
374	868.18	868.18	463.03	631.40	631.40	631.40	868.18	385.86	385.86	385.86
133	35.76	35.76	19.07	26.00	26.00	26.00	35.76	15.89	15.89	15.89
375	623.55	623.55	332.56	453.49	453.49	453.49	623.55	277.13	277.13	277.13
134	33.19	33.19	17.70	24.14	24.14	24.14	33.19	14.75	14.75	14.75
376	894.04	894.04	476.82	650.21	650.21	650.21	894.04	397.35	397.35	397.35
135	34.95	34.95	18.64	25.42	25.42	25.42	34.95	15.53	15.53	15.53
377	897.69	897.69	478.77	652.87	652.87	652.87	897.69	398.98	398.98	398.98
136	31.78	31.78	16.95	23.11	23.11	23.11	31.78	14.13	14.13	14.13
378	1274.33	1274.33	679.64	926.78	926.78	926.78	1274.33	566.37	566.37	566.37
137	33.23	33.23	17.72	24.16	24.16	24.16	33.23	14.77	14.77	14.77
379	909.32	909.32	484.97	661.32	661.32	661.32	909.32	404.14	404.14	404.14
138	34.69	34.69	18.50	25.23	25.23	25.23	34.69	15.42	15.42	15.42
139	34.89	34.89	18.61	25.38	25.38	25.38	34.89	15.51	15.51	15.51
30	34.78	34.78	18.55	25.30	25.30	25.30	34.78	15.46	15.46	15.46
31	34.99	34.99	18.66	25.45	25.45	25.45	34.99	15.55	15.55	15.55
32	34.97	34.97	18.65	25.43	25.43	25.43	34.97	15.54	15.54	15.54
33	33.51	33.51	17.87	24.37	24.37	24.37	33.51	14.89	14.89	14.89
34	35.44	35.44	18.90	25.77	25.77	25.77	35.44	15.75	15.75	15.75
35	34.56	34.56	18.43	25.13	25.13	25.13	34.56	15.36	15.36	15.36
36	34.29	34.29	18.29	24.94	24.94	24.94	34.29	15.24	15.24	15.24
37	32.14	32.14	17.14	23.37	23.37	23.37	32.14	14.28	14.28	14.28
38	32.78	32.78	17.48	23.84	23.84	23.84	32.78	14.57	14.57	14.57
39	34.95	34.95	18.64	25.42	25.42	25.42	34.95	15.53	15.53	15.53
380	474.77	474.77	253.21	345.29	345.29	345.29	474.77	211.01	211.01	211.01
381	654.77	654.77	349.21	476.20	476.20	476.20	654.77	291.01	291.01	291.01
140	33.62	33.62	17.93	24.45	24.45	24.45	33.62	14.94	14.94	14.94
382	1026.60	1026.60	547.52	746.62	746.62	746.62	1026.60	456.27	456.27	456.27
141	34.18	34.18	18.23	24.86	24.86	24.86	34.18	15.19	15.19	15.19
383	847.78	847.78	452.15	616.57	616.57	616.57	847.78	376.79	376.79	376.79
142	34.28	34.28	18.28	24.93	24.93	24.93	34.28	15.23	15.23	15.23
384	658.56	658.56	351.23	478.95	478.95	478.95	658.56	292.69	292.69	292.69
143	33.99	33.99	18.13	24.72	24.72	24.72	33.99	15.11	15.11	15.11
385	625.14	625.14	333.41	454.65	454.65	454.65	625.14	277.84	277.84	277.84
144	33.02	33.02	17.61	24.01	24.01	24.01	33.02	14.68	14.68	14.68
386	774.39	774.39	413.01	563.20	563.20	563.20	774.39	344.18	344.18	344.18
145	34.50	34.50	18.40	25.09	25.09	25.09	34.50	15.33	15.33	15.33
387	1150.14	1150.14	613.41	836.47	836.47	836.47	1150.14	511.18	511.18	511.18
146	35.33	35.33	18.84	25.69	25.69	25.69	35.33	15.70	15.70	15.70
388	953.36	953.36	508.46	693.35	693.35	693.35	953.36	423.72	423.72	423.72
147	34.20	34.20	18.24	24.87	24.87	24.87	34.20	15.20	15.20	15.20
389	1030.46	1030.46	549.58	749.43	749.43	749.43	1030.46	457.98	457.98	457.98
148	33.56	33.56	17.90	24.41	24.41	24.41	33.56	14.92	14.92	14.92
149	33.98	33.98	18.12	24.71	24.71	24.71	33.98	15.10	15.10	15.10
40	34.18	34.18	18.23	24.86	24.86	24.86	34.18	15.19	15.19	15.19
41	34.61	34.61	18.46	25.17	25.17	25.17	34.61	15.38	15.38	15.38
42	33.11	33.11	17.66	24.08	24.08	24.08	33.11	14.72	14.72	14.72
43	35.12	35.12	18.73	25.54	25.54	25.54	35.12	15.61	15.61	15.61
44	33.60	33.60	17.92	24.44	24.44	24.44	33.60	14.93	14.93	14.93
45	32.64	32.64	17.41	23.74	23.74	23.74	32.64	14.51	14.51	14.51
46	33.94	33.94	18.10	24.68	24.68	24.68	33.94	15.08	15.08	15.08
47	34.07	34.07	18.17	24.78	24.78	24.78	34.07	15.14	15.14	15.14
48	34.22	34.22	18.25	24.89	24.89	24.89	34.22	15.21	15.21	15.21
49	34.74	34.74	18.53	25.27	25.27	25.27	34.74	15.44	15.44	15.44
390	764.79	764.79	407.89	556.21	556.21	556.21	764.79	339.91	339.91	339.91
391	996.67	996.67	531.56	724.85	724.85	724.85	996.67	442.97	442.97	442.97
150	34.95	34.95	18.64	25.42	25.42	25.42	34.95	15.53	15.53	15.53
392	864.24	864.24	460.93	628.54	628.54	628.54	864.24	384.11	384.11	384.11
151	34.54	34.54	18.42	25.12	25.12	25.12	34.54	15.35	15.35	15.35
393	1234.01	1234.01	658.14	897.46	897.46	897.46	1234.01	548.45	548.45	548.45
152	34.03	34.03	18.15	24.75	24.75	24.75	34.03	15.12	15.12	15.12
394	858.28	858.28	457.75	624.20	624.20	624.20	858.28	381.46	381.46	381.46
153	34.69	34.69	18.50	25.23	25.23	25.23	34.69	15.42	15.42	15.42
395	491.46	491.46	262.11	357.42	357.42	357.42	491.46	218.43	218.43	218.43
154	33.00	33.00	17.60	24.00	24.00	24.00	33.00	14.67	14.67	14.67
396	1203.28	1203.28	641.75	875.11	875.11	875.11	1203.28	534.79	534.79	534.79
155	33.02	33.02	17.61	24.01	24.01	24.01	33.02	14.68	14.68	14.68
397	697.67	697.67	372.09	507.40	507.40	507.40	697.67	310.08	310.08	310.08
156	33.99	33.99	18.13	24.72	24.72	24.72	33.99	15.11	15.11	15.11
398	707.55	707.55	377.36	514.58	514.58	514.58	707.55	314.47	314.47	314.47
157	33.77	33.77	18.01	24.56	24.56	24.56	33.77	15.01	15.01	15.01
399	990.30	990.30	528.16	720.22	720.22	720.22	990.30	440.13	440.13	440.13
158	33.21	33.21	17.71	24.15	24.15	24.15	33.21	14.76	14.76	14.76
159	34.59	34.59	18.45	25.16	25.16	25.16	34.59	15.38	15.38	15.38
50	33.81	33.81	18.03	24.59	24.59	24.59	33.81	15.03	15.03	15.03
51	33.60	33.60	17.92	24.44	24.44	24.44	33.60	14.93	14.93	14.93
52	33.32	33.32	17.77	24.23	24.23	24.23	33.32	14.81	14.81	14.81
53	34.86	34.86	18.59	25.35	25.35	25.35	34.86	15.49	15.49	15.49
54	34.50	34.50	18.40	25.09	25.09	25.09	34.50	15.33	15.33	15.33
55	34.61	34.61	18.46	25.17	25.17	25.17	34.61	15.38	15.38	15.38
56	33.39	33.39	17.81	24.29	24.29	24.29	33.39	14.84	14.84	14.84
57	34.48	34.48	18.39	25.08	25.08	25.08	34.48	15.33	15.33	15.33
58	32.89	32.89	17.54	23.92	23.92	23.92	32.89	14.62	14.62	14.62
59	35.46	35.46	18.91	25.79	25.79	25.79	35.46	15.76	15.76	15.76
160	32.68	32.68	17.43	23.77	23.77	23.77	32.68	14.53	14.53	14.53
161	34.50	34.50	18.40	25.09	25.09	25.09	34.50	15.33	15.33	15.33
162	33.83	33.83	18.04	24.60	24.60	24.60	33.83	15.03	15.03	15.03
163	33.86	33.86	18.06	24.63	24.63	24.63	33.86	15.05	15.05	15.05
164	34.20	34.20	18.24	24.87	24.87	24.87	34.20	15.20	15.20	15.20
165	35.10	35.10	18.72	25.53	25.53	25.53	35.10	15.60	15.60	15.60
166	34.91	34.91	18.62	25.39	25.39	25.39	34.91	15.52	15.52	15.52
167	34.95	34.95	18.64	25.42	25.42	25.42	34.95	15.53	15.53	15.53
168	33.54	33.54	17.89	24.40	24.40	24.40	33.54	14.91	14.91	14.91
169	34.78	34.78	18.55	25.30	25.30	25.30	34.78	15.46	15.46	15.46
60	33.86	33.86	18.06	24.63	24.63	24.63	33.86	15.05	15.05	15.05
61	34.35	34.35	18.32	24.98	24.98	24.98	34.35	15.27	15.27	15.27
62	34.01	34.01	18.14	24.74	24.74	24.74	34.01	15.12	15.12	15.12
63	34.56	34.56	18.43	25.13	25.13	25.13	34.56	15.36	15.36	15.36
64	33.54	33.54	17.89	24.40	24.40	24.40	33.54	14.91	14.91	14.91
65	33.38	33.38	17.80	24.27	24.27	24.27	33.38	14.83	14.83	14.83
66	34.41	34.41	18.35	25.02	25.02	25.02	34.41	15.29	15.29	15.29
67	33.96	33.96	18.11	24.70	24.70	24.70	33.96	15.09	15.09	15.09
68	33.81	33.81	18.03	24.59	24.59	24.59	33.81	15.03	15.03	15.03
69	34.93	34.93	18.63	25.40	25.40	25.40	34.93	15.53	15.53	15.53
170	33.83	33.83	18.04	24.60	24.60	24.60	33.83	15.03	15.03	15.03
171	34.18	34.18	18.23	24.86	24.86	24.86	34.18	15.19	15.19	15.19
172	34.37	34.37	18.33	25.00	25.00	25.00	34.37	15.27	15.27	15.27
173	32.96	32.96	17.58	23.97	23.97	23.97	32.96	14.65	14.65	14.65
174	34.35	34.35	18.32	24.98	24.98	24.98	34.35	15.27	15.27	15.27
175	33.26	33.26	17.74	24.19	24.19	24.19	33.26	14.78	14.78	14.78
176	34.01	34.01	18.14	24.74	24.74	24.74	34.01	15.12	15.12	15.12
177	33.38	33.38	17.80	24.27	24.27	24.27	33.38	14.83	14.83	14.83
178	33.64	33.64	17.94	24.46	24.46	24.46	33.64	14.95	14.95	14.95
179	35.10	35.10	18.72	25.53	25.53	25.53	35.10	15.60	15.60	15.60
70	33.73	33.73	17.99	24.53	24.53	24.53	33.73	14.99	14.99	14.99
71	33.94	33.94	18.10	24.68	24.68	24.68	33.94	15.08	15.08	15.08
72	35.48	35.48	18.92	25.80	25.80	25.80	35.48	15.77	15.77	15.77
73	34.88	34.88	18.60	25.36	25.36	25.36	34.88	15.50	15.50	15.50
74	34.44	34.44	18.37	25.05	25.05	25.05	34.44	15.31	15.31	15.31
75	33.58	33.58	17.91	24.42	24.42	24.42	33.58	14.93	14.93	14.93
76	33.58	33.58	17.91	24.42	24.42	24.42	33.58	14.93	14.93	14.93
77	33.98	33.98	18.12	24.71	24.71	24.71	33.98	15.10	15.10	15.10
78	32.48	32.48	17.32	23.62	23.62	23.62	32.48	14.43	14.43	14.43
79	32.18	32.18	17.16	23.40	23.40	23.40	32.18	14.30	14.30	14.30
180	33.88	33.88	18.07	24.64	24.64	24.64	33.88	15.06	15.06	15.06
181	34.31	34.31	18.30	24.95	24.95	24.95	34.31	15.25	15.25	15.25
182	34.50	34.50	18.40	25.09	25.09	25.09	34.50	15.33	15.33	15.33
183	34.88	34.88	18.60	25.36	25.36	25.36	34.88	15.50	15.50	15.50
184	33.71	33.71	17.98	24.52	24.52	24.52	33.71	14.98	14.98	14.98
185	33.41	33.41	17.82	24.30	24.30	24.30	33.41	14.85	14.85	14.85
186	33.47	33.47	17.85	24.34	24.34	24.34	33.47	14.88	14.88	14.88
187	34.95	34.95	18.64	25.42	25.42	25.42	34.95	15.53	15.53	15.53
188	31.78	31.78	16.95	23.11	23.11	23.11	31.78	14.13	14.13	14.13
189	34.05	34.05	18.16	24.76	24.76	24.76	34.05	15.13	15.13	15.13
80	34.69	34.69	18.50	25.23	25.23	25.23	34.69	15.42	15.42	15.42
81	34.13	34.13	18.20	24.82	24.82	24.82	34.13	15.17	15.17	15.17
82	33.88	33.88	18.07	24.64	24.64	24.64	33.88	15.06	15.06	15.06
83	33.19	33.19	17.70	24.14	24.14	24.14	33.19	14.75	14.75	14.75
84	34.13	34.13	18.20	24.82	24.82	24.82	34.13	15.17	15.17	15.17
85	35.78	35.78	19.08	26.02	26.02	26.02	35.78	15.90	15.90	15.90
86	33.21	33.21	17.71	24.15	24.15	24.15	33.21	14.76	14.76	14.76
87	32.55	32.55	17.36	23.67	23.67	23.67	32.55	14.47	14.47	14.47
88	32.31	32.31	17.23	23.50	23.50	23.50	32.31	14.36	14.36	14.36
89	33.02	33.02	17.61	24.01	24.01	24.01	33.02	14.68	14.68	14.68
190	33.38	33.38	17.80	24.27	24.27	24.27	33.38	14.83	14.83	14.83
191	32.89	32.89	17.54	23.92	23.92	23.92	32.89	14.62	14.62	14.62
192	33.56	33.56	17.90	24.41	24.41	24.41	33.56	14.92	14.92	14.92
193	33.86	33.86	18.06	24.63	24.63	24.63	33.86	15.05	15.05	15.05
194	34.09	34.09	18.18	24.79	24.79	24.79	34.09	15.15	15.15	15.15
195	34.41	34.41	18.35	25.02	25.02	25.02	34.41	15.29	15.29	15.29
196	34.67	34.67	18.49	25.21	25.21	25.21	34.67	15.41	15.41	15.41
197	32.59	32.59	17.38	23.70	23.70	23.70	32.59	14.48	14.48	14.48
198	33.15	33.15	17.68	24.11	24.11	24.11	33.15	14.73	14.73	14.73
199	33.49	33.49	17.86	24.35	24.35	24.35	33.49	14.88	14.88	14.88
90	34.22	34.22	18.25	24.89	24.89	24.89	34.22	15.21	15.21	15.21
91	34.31	34.31	18.30	24.95	24.95	24.95	34.31	15.25	15.25	15.25
92	34.31	34.31	18.30	24.95	24.95	24.95	34.31	15.25	15.25	15.25
93	34.41	34.41	18.35	25.02	25.02	25.02	34.41	15.29	15.29	15.29
94	34.35	34.35	18.32	24.98	24.98	24.98	34.35	15.27	15.27	15.27
95	33.98	33.98	18.12	24.71	24.71	24.71	33.98	15.10	15.10	15.10
96	33.90	33.90	18.08	24.65	24.65	24.65	33.90	15.07	15.07	15.07
97	33.94	33.94	18.10	24.68	24.68	24.68	33.94	15.08	15.08	15.08
98	34.01	34.01	18.14	24.74	24.74	24.74	34.01	15.12	15.12	15.12
99	34.91	34.91	18.62	25.39	25.39	25.39	34.91	15.52	15.52	15.52
