0	0.00	0.00	0.00	0.00	0.00
1	18.14	34.01	18.14	18.14	24.74
2	18.27	34.26	18.27	18.27	24.91
3	18.06	33.86	18.06	18.06	24.63
4	18.56	34.80	18.56	18.56	25.31
5	17.97	33.69	17.97	17.97	24.50
6	17.96	33.68	17.96	17.96	24.49
7	18.02	33.79	18.02	18.02	24.57
8	18.39	34.48	18.39	18.39	25.08
800	239.94	449.89	239.94	239.94	327.19
9	17.44	32.70	17.44	17.44	23.78
801	472.84	886.58	472.84	472.84	644.78
802	340.60	638.63	340.60	340.60	464.45
803	351.22	658.54	351.22	351.22	478.94
804	566.80	1062.75	566.80	566.80	772.91
805	514.54	964.76	514.54	514.54	701.65
806	395.35	741.28	395.35	395.35	539.11
807	560.49	1050.92	560.49	560.49	764.30
808	662.32	1241.85	662.32	662.32	903.16
809	357.29	669.92	357.29	357.29	487.21
1000	5.44	10.20	5.44	5.44	7.42
810	639.81	1199.64	639.81	639.81	872.47
811	567.83	1064.68	567.83	567.83	774.31
812	606.77	1137.69	606.77	606.77	827.41
813	280.05	525.09	280.05	280.05	381.89
814	332.84	624.07	332.84	332.84	453.87
815	462.36	866.93	462.36	462.36	630.49
816	231.32	433.73	231.32	231.32	315.44
817	504.31	945.58	504.31	504.31	687.70
818	321.87	603.51	321.87	321.87	438.91
819	337.10	632.06	337.10	337.10	459.68
820	242.45	454.59	242.45	242.45	330.61
821	372.57	698.57	372.57	372.57	508.05
1001	0.00	0.00	0.00	0.00	0.00
822	614.03	1151.31	614.03	614.03	837.31
823	410.17	769.07	410.17	410.17	559.32
824	532.79	998.98	532.79	532.79	726.53
825	637.50	1195.31	637.50	637.50	869.32
826	381.57	715.44	381.57	381.57	520.32
827	416.88	781.65	416.88	416.88	568.47
828	367.12	688.35	367.12	367.12	500.62
829	688.47	1290.88	688.47	688.47	938.82
830	571.24	1071.08	571.24	571.24	778.96
831	673.44	1262.70	673.44	673.44	918.33
832	495.03	928.18	495.03	495.03	675.04
833	364.37	683.19	364.37	364.37	496.87
834	334.97	628.07	334.97	334.97	456.78
835	519.17	973.44	519.17	519.17	707.96
836	506.54	949.76	506.54	506.54	690.74
837	521.00	976.88	521.00	521.00	710.45
838	631.41	1183.89	631.41	631.41	861.01
839	473.57	887.94	473.57	473.57	645.78
840	684.43	1283.31	684.43	684.43	933.31
841	564.43	1058.31	564.43	564.43	769.68
600	5.11	9.58	5.11	5.11	6.97
842	503.29	943.67	503.29	503.29	686.30
601	5.30	9.94	5.30	5.30	7.23
843	560.37	1050.69	560.37	560.37	764.14
602	4.93	9.24	4.93	4.93	6.72
844	389.72	730.73	389.72	389.72	531.44
603	4.88	9.15	4.88	4.88	6.65
845	381.01	714.39	381.01	381.01	519.56
604	5.16	9.68	5.16	5.16	7.04
846	360.99	676.86	360.99	360.99	492.26
605	5.11	9.58	5.11	5.11	6.97
847	274.51	514.71	274.51	274.51	374.33
606	4.91	9.21	4.91	4.91	6.70
848	405.02	759.41	405.02	405.02	552.30
607	5.43	10.18	5.43	5.43	7.40
849	599.01	1123.14	599.01	599.01	816.83
608	5.21	9.77	5.21	5.21	7.10
609	5.92	11.10	5.92	5.92	8.07
850	451.26	846.11	451.26	451.26	615.35
851	498.83	935.31	498.83	498.83	680.22
610	5.53	10.37	5.53	5.53	7.54
852	434.46	814.61	434.46	434.46	592.45
611	5.19	9.73	5.19	5.19	7.08
853	363.82	682.16	363.82	363.82	496.12
612	4.79	8.98	4.79	4.79	6.53
854	490.10	918.94	490.10	490.10	668.32
613	5.46	10.24	5.46	5.46	7.45
855	455.95	854.91	455.95	455.95	621.75
614	5.20	9.75	5.20	5.20	7.09
856	610.13	1143.99	610.13	610.13	832.00
615	5.56	10.43	5.56	5.56	7.58
857	362.08	678.90	362.08	362.08	493.75
616	5.48	10.28	5.48	5.48	7.47
858	375.98	704.96	375.98	375.98	512.70
617	5.01	9.39	5.01	5.01	6.83
859	337.14	632.14	337.14	337.14	459.74
618	5.36	10.05	5.36	5.36	7.31
619	5.12	9.60	5.12	5.12	6.98
860	676.98	1269.34	676.98	676.98	923.15
861	266.77	500.19	266.77	266.77	363.78
620	4.64	8.70	4.64	4.64	6.33
862	391.11	733.33	391.11	391.11	533.33
621	5.44	10.20	5.44	5.44	7.42
863	680.47	1275.88	680.47	680.47	927.91
622	5.26	9.86	5.26	5.26	7.17
864	472.90	886.69	472.90	472.90	644.86
623	4.87	9.13	4.87	4.87	6.64
865	679.61	1274.27	679.61	679.61	926.74
624	5.06	9.49	5.06	5.06	6.90
866	658.65	1234.97	658.65	658.65	898.16
625	5.02	9.41	5.02	5.02	6.85
867	489.92	918.60	489.92	489.92	668.07
626	5.58	10.46	5.58	5.58	7.61
868	347.66	651.86	347.66	347.66	474.08
627	5.36	10.05	5.36	5.36	7.31
869	434.30	814.31	434.30	434.30	592.23
628	5.14	9.64	5.14	5.14	7.01
629	5.38	10.09	5.38	5.38	7.34
870	618.03	1158.81	618.03	618.03	842.77
871	603.59	1131.73	603.59	603.59	823.08
630	4.36	8.18	4.36	4.36	5.95
872	341.78	640.84	341.78	341.78	466.06
631	5.02	9.41	5.02	5.02	6.85
873	487.89	914.79	487.89	487.89	665.30
632	4.62	8.66	4.62	4.62	6.30
874	387.30	726.19	387.30	387.30	528.14
633	5.53	10.37	5.53	5.53	7.54
875	263.14	493.39	263.14	263.14	358.83
634	5.15	9.66	5.15	5.15	7.02
876	501.08	939.53	501.08	501.08	683.29
635	5.31	9.96	5.31	5.31	7.24
877	551.52	1034.10	551.52	551.52	752.07
636	5.19	9.73	5.19	5.19	7.08
878	319.53	599.12	319.53	319.53	435.72
637	5.46	10.24	5.46	5.46	7.45
879	489.32	917.48	489.32	489.32	667.25
638	5.10	9.56	5.10	5.10	6.95
639	5.08	9.53	5.08	5.08	6.93
880	324.77	608.94	324.77	324.77	442.87
881	526.12	986.48	526.12	526.12	717.44
640	5.13	9.62	5.13	5.13	7.00
882	368.51	690.96	368.51	368.51	502.51
641	5.07	9.51	5.07	5.07	6.91
883	429.84	805.95	429.84	429.84	586.15
400	323.64	606.83	323.64	323.64	441.33
642	4.56	8.55	4.56	4.56	6.22
884	272.41	510.77	272.41	272.41	371.47
401	588.06	1102.61	588.06	588.06	801.90
643	5.26	9.86	5.26	5.26	7.17
885	579.46	1086.49	579.46	579.46	790.17
402	518.87	972.88	518.87	518.87	707.55
644	4.89	9.17	4.89	4.89	6.67
886	240.36	450.68	240.36	240.36	327.76
403	550.38	1031.96	550.38	550.38	750.52
645	5.41	10.14	5.41	5.41	7.38
887	382.39	716.98	382.39	382.39	521.44
404	613.28	1149.90	613.28	613.28	836.29
646	5.27	9.88	5.27	5.27	7.19
888	420.35	788.16	420.35	420.35	573.20
405	381.16	714.68	381.16	381.16	519.76
647	5.52	10.35	5.52	5.52	7.53
889	304.02	570.04	304.02	304.02	414.57
406	591.12	1108.35	591.12	591.12	806.07
648	5.02	9.41	5.02	5.02	6.85
407	599.45	1123.97	599.45	599.45	817.43
649	5.22	9.79	5.22	5.22	7.12
408	321.40	602.62	321.40	321.40	438.27
409	615.87	1154.76	615.87	615.87	839.82
890	537.19	1007.23	537.19	537.19	732.53
891	662.63	1242.43	662.63	662.63	903.59
650	5.02	9.41	5.02	5.02	6.85
892	414.00	776.25	414.00	414.00	564.55
651	5.55	10.41	5.55	5.55	7.57
893	262.97	493.07	262.97	262.97	358.60
410	545.11	1022.08	545.11	545.11	743.33
652	4.64	8.70	4.64	4.64	6.33
894	652.45	1223.34	652.45	652.45	889.70
411	478.52	897.23	478.52	478.52	652.53
653	4.92	9.23	4.92	4.92	6.71
895	374.36	701.93	374.36	374.36	510.49
412	355.93	667.37	355.93	355.93	485.36
654	4.78	8.96	4.78	4.78	6.52
896	680.50	1275.94	680.50	680.50	927.95
413	384.66	721.24	384.66	384.66	524.54
655	5.29	9.92	5.29	5.29	7.21
897	571.56	1071.68	571.56	571.56	779.40
414	240.12	450.23	240.12	240.12	327.44
656	5.11	9.58	5.11	5.11	6.97
898	547.84	1027.20	547.84	547.84	747.05
415	497.39	932.61	497.39	497.39	678.26
657	5.33	9.99	5.33	5.33	7.27
899	262.89	492.92	262.89	262.89	358.49
416	549.75	1030.78	549.75	549.75	749.66
658	5.16	9.68	5.16	5.16	7.04
417	331.59	621.73	331.59	331.59	452.17
659	5.19	9.73	5.19	5.19	7.08
418	395.42	741.41	395.42	395.42	539.21
419	636.51	1193.46	636.51	636.51	867.97
660	5.13	9.62	5.13	5.13	7.00
661	5.49	10.29	5.49	5.49	7.49
420	337.37	632.57	337.37	337.37	460.05
662	4.99	9.36	4.99	4.99	6.80
421	608.35	1140.66	608.35	608.35	829.57
663	4.52	8.48	4.52	4.52	6.16
422	625.82	1173.41	625.82	625.82	853.39
664	5.34	10.01	5.34	5.34	7.28
423	311.95	584.91	311.95	311.95	425.39
665	5.13	9.62	5.13	5.13	7.00
424	590.99	1108.11	590.99	590.99	805.90
666	4.90	9.19	4.90	4.90	6.68
425	511.72	959.48	511.72	511.72	697.80
667	5.11	9.58	5.11	5.11	6.97
426	241.44	452.70	241.44	241.44	329.24
668	5.01	9.39	5.01	5.01	6.83
427	251.79	472.11	251.79	251.79	343.35
669	4.94	9.26	4.94	4.94	6.74
428	392.78	736.46	392.78	392.78	535.61
429	523.78	982.09	523.78	523.78	714.25
670	5.65	10.59	5.65	5.65	7.70
671	5.40	10.13	5.40	5.40	7.36
430	509.34	955.01	509.34	509.34	694.55
672	4.94	9.26	4.94	4.94	6.74
431	579.26	1086.11	579.26	579.26	789.90
673	5.08	9.53	5.08	5.08	6.93
432	350.99	658.11	350.99	350.99	478.62
674	4.82	9.04	4.82	4.82	6.57
433	421.10	789.56	421.10	421.10	574.23
675	4.97	9.32	4.97	4.97	6.78
434	431.99	809.98	431.99	431.99	589.08
676	4.42	8.29	4.42	4.42	6.03
435	317.28	594.90	317.28	317.28	432.65
677	5.25	9.84	5.25	5.25	7.16
436	547.95	1027.41	547.95	547.95	747.20
678	4.79	8.98	4.79	4.79	6.53
437	370.08	693.90	370.08	370.08	504.65
679	5.46	10.24	5.46	5.46	7.45
438	366.77	687.69	366.77	366.77	500.14
439	576.60	1081.13	576.60	576.60	786.27
680	5.41	10.14	5.41	5.41	7.38
681	5.32	9.98	5.32	5.32	7.25
440	310.40	582.00	310.40	310.40	423.27
682	5.76	10.80	5.76	5.76	7.85
441	458.72	860.10	458.72	458.72	625.53
683	5.16	9.68	5.16	5.16	7.04
200	17.28	32.40	17.28	17.28	23.56
442	540.52	1013.48	540.52	540.52	737.07
684	4.94	9.26	4.94	4.94	6.74
201	18.20	34.13	18.20	18.20	24.82
443	684.22	1282.91	684.22	684.22	933.03
685	5.60	10.50	5.60	5.60	7.64
202	18.45	34.59	18.45	18.45	25.16
444	661.16	1239.68	661.16	661.16	901.58
686	5.57	10.44	5.57	5.57	7.60
203	18.89	35.42	18.89	18.89	25.76
445	334.92	627.98	334.92	334.92	456.71
687	6.32	11.85	6.32	6.32	8.62
204	18.12	33.98	18.12	18.12	24.71
446	279.43	523.93	279.43	279.43	381.04
688	5.44	10.20	5.44	5.44	7.42
205	17.88	33.53	17.88	17.88	24.38
447	437.73	820.74	437.73	437.73	596.90
689	5.07	9.51	5.07	5.07	6.91
206	17.86	33.49	17.86	17.86	24.35
448	332.92	624.23	332.92	332.92	453.98
207	17.11	32.08	17.11	17.11	23.33
449	301.12	564.60	301.12	301.12	410.62
208	18.29	34.29	18.29	18.29	24.94
209	18.25	34.22	18.25	18.25	24.89
690	5.20	9.75	5.20	5.20	7.09
691	4.95	9.28	4.95	4.95	6.75
450	641.26	1202.36	641.26	641.26	874.45
692	5.02	9.41	5.02	5.02	6.85
451	644.53	1208.49	644.53	644.53	878.90
693	4.77	8.94	4.77	4.77	6.50
210	18.05	33.84	18.05	18.05	24.61
452	581.34	1090.01	581.34	581.34	792.74
694	5.14	9.64	5.14	5.14	7.01
211	18.34	34.39	18.34	18.34	25.01
453	565.43	1060.18	565.43	565.43	771.04
695	5.39	10.11	5.39	5.39	7.35
212	18.87	35.38	18.87	18.87	25.73
454	295.06	553.24	295.06	295.06	402.35
696	5.36	10.05	5.36	5.36	7.31
213	18.17	34.07	18.17	18.17	24.78
455	256.97	481.82	256.97	256.97	350.41
697	4.23	7.93	4.23	4.23	5.77
214	19.02	35.66	19.02	19.02	25.94
456	461.65	865.59	461.65	461.65	629.52
698	5.13	9.62	5.13	5.13	7.00
215	19.15	35.91	19.15	19.15	26.11
457	343.36	643.80	343.36	343.36	468.22
699	5.39	10.11	5.39	5.39	7.35
216	18.25	34.22	18.25	18.25	24.89
458	452.43	848.31	452.43	452.43	616.95
217	18.27	34.26	18.27	18.27	24.91
459	5.16	9.68	5.16	5.16	7.04
218	17.54	32.89	17.54	17.54	23.92
219	18.48	34.65	18.48	18.48	25.20
460	5.31	9.96	5.31	5.31	7.24
461	5.20	9.75	5.20	5.20	7.09
220	18.07	33.88	18.07	18.07	24.64
462	5.17	9.69	5.17	5.17	7.05
221	18.17	34.07	18.17	18.17	24.78
463	5.68	10.65	5.68	5.68	7.75
222	17.41	32.64	17.41	17.41	23.74
464	5.10	9.56	5.10	5.10	6.95
223	18.78	35.21	18.78	18.78	25.61
465	5.57	10.44	5.57	5.57	7.60
224	17.66	33.11	17.66	17.66	24.08
466	5.27	9.88	5.27	5.27	7.19
225	18.61	34.89	18.61	18.61	25.38
467	5.22	9.79	5.22	5.22	7.12
226	18.43	34.56	18.43	18.43	25.13
468	5.50	10.31	5.50	5.50	7.50
227	17.99	33.73	17.99	17.99	24.53
469	4.95	9.28	4.95	4.95	6.75
228	17.66	33.11	17.66	17.66	24.08
229	18.13	33.99	18.13	18.13	24.72
470	5.30	9.94	5.30	5.30	7.23
471	5.26	9.86	5.26	5.26	7.17
230	477.16	894.68	477.16	477.16	650.67
472	5.25	9.84	5.25	5.25	7.16
231	663.25	1243.59	663.25	663.25	904.43
473	4.82	9.04	4.82	4.82	6.57
232	546.57	1024.82	546.57	546.57	745.32
474	5.17	9.69	5.17	5.17	7.05
233	603.00	1130.63	603.00	603.00	822.27
475	5.67	10.63	5.67	5.67	7.73
234	651.44	1221.45	651.44	651.44	888.33
476	5.44	10.20	5.44	5.44	7.42
235	522.00	978.75	522.00	522.00	711.82
477	5.33	9.99	5.33	5.33	7.27
236	475.23	891.06	475.23	475.23	648.04
478	5.34	10.01	5.34	5.34	7.28
237	489.63	918.06	489.63	489.63	667.68
479	5.07	9.51	5.07	5.07	6.91
238	665.10	1247.06	665.10	665.10	906.95
239	639.86	1199.74	639.86	639.86	872.54
480	4.88	9.15	4.88	4.88	6.65
481	4.98	9.34	4.98	4.98	6.79
240	350.10	656.44	350.10	350.10	477.41
482	5.25	9.84	5.25	5.25	7.16
241	544.95	1021.78	544.95	544.95	743.11
483	5.53	10.37	5.53	5.53	7.54
242	233.22	437.29	233.22	233.22	318.03
484	5.31	9.96	5.31	5.31	7.24
243	568.62	1066.16	568.62	568.62	775.39
485	5.37	10.07	5.37	5.37	7.32
244	398.90	747.94	398.90	398.90	543.95
486	5.19	9.73	5.19	5.19	7.08
245	246.44	462.08	246.44	246.44	336.05
487	5.44	10.20	5.44	5.44	7.42
246	301.98	566.21	301.98	301.98	411.79
488	4.90	9.19	4.90	4.90	6.68
247	307.72	576.98	307.72	307.72	419.62
489	5.37	10.07	5.37	5.37	7.32
248	557.99	1046.23	557.99	557.99	760.90
249	623.50	1169.06	623.50	623.50	850.23
490	5.39	10.11	5.39	5.39	7.35
491	5.04	9.45	5.04	5.04	6.87
250	387.68	726.90	387.68	387.68	528.65
492	5.13	9.62	5.13	5.13	7.00
251	301.70	565.69	301.70	301.70	411.41
493	4.91	9.21	4.91	4.91	6.70
252	490.30	919.31	490.30	490.30	668.59
494	4.89	9.17	4.89	4.89	6.67
253	253.19	474.73	253.19	253.19	345.26
495	5.37	10.07	5.37	5.37	7.32
254	584.24	1095.45	584.24	584.24	796.69
496	5.19	9.73	5.19	5.19	7.08
255	387.96	727.43	387.96	387.96	529.04
497	5.06	9.49	5.06	5.06	6.90
256	538.29	1009.29	538.29	538.29	734.03
498	5.40	10.13	5.40	5.40	7.36
257	665.50	1247.81	665.50	665.50	907.50
499	5.38	10.09	5.38	5.38	7.34
258	613.68	1150.65	613.68	613.68	836.84
259	315.30	591.19	315.30	315.30	429.95
260	516.06	967.61	516.06	516.06	703.72
261	472.21	885.39	472.21	472.21	643.92
262	689.55	1292.91	689.55	689.55	940.30
263	688.69	1291.29	688.69	688.69	939.12
264	576.01	1080.02	576.01	576.01	785.47
265	493.25	924.84	493.25	493.25	672.61
266	459.68	861.90	459.68	459.68	626.84
267	499.64	936.83	499.64	499.64	681.33
268	535.50	1004.06	535.50	535.50	730.23
269	523.94	982.39	523.94	523.94	714.46
270	617.03	1156.93	617.03	617.03	841.40
271	242.84	455.33	242.84	242.84	331.15
272	367.63	689.31	367.63	367.63	501.31
273	287.24	538.58	287.24	287.24	391.69
274	298.61	559.89	298.61	298.61	407.20
275	651.37	1221.32	651.37	651.37	888.23
276	339.01	635.64	339.01	339.01	462.29
277	561.47	1052.76	561.47	561.47	765.64
278	562.38	1054.46	562.38	562.38	766.88
279	560.32	1050.60	560.32	560.32	764.07
280	273.07	512.01	273.07	273.07	372.37
281	615.57	1154.19	615.57	615.57	839.41
282	299.81	562.14	299.81	299.81	408.83
283	446.18	836.59	446.18	446.18	608.43
284	233.69	438.17	233.69	233.69	318.67
285	461.68	865.65	461.68	461.68	629.56
286	645.73	1210.74	645.73	645.73	880.54
287	520.88	976.65	520.88	520.88	710.29
288	633.43	1187.68	633.43	633.43	863.77
289	444.30	833.06	444.30	444.30	605.86
290	262.54	492.26	262.54	262.54	358.01
291	335.69	629.42	335.69	335.69	457.76
292	533.92	1001.10	533.92	533.92	728.07
293	652.07	1222.63	652.07	652.07	889.19
294	463.44	868.95	463.44	463.44	631.96
295	459.73	861.99	459.73	459.73	626.90
296	557.68	1045.65	557.68	557.68	760.47
297	667.70	1251.94	667.70	667.70	910.50
298	376.94	706.76	376.94	376.94	514.01
299	425.21	797.27	425.21	425.21	579.83
900	481.61	903.02	481.61	481.61	656.74
901	576.59	1081.11	576.59	576.59	786.26
902	664.71	1246.33	664.71	664.71	906.42
903	622.54	1167.26	622.54	622.54	848.92
904	311.72	584.48	311.72	311.72	425.07
905	409.91	768.58	409.91	409.91	558.97
906	335.64	629.33	335.64	335.64	457.69
907	641.90	1203.56	641.90	641.90	875.32
908	233.73	438.24	233.73	233.73	318.72
909	422.03	791.31	422.03	422.03	575.50
910	448.51	840.96	448.51	448.51	611.60
911	359.65	674.34	359.65	359.65	490.43
912	526.18	986.59	526.18	526.18	717.52
913	602.56	1129.80	602.56	602.56	821.67
914	394.43	739.56	394.43	394.43	537.86
915	492.77	923.94	492.77	492.77	671.96
916	663.67	1244.38	663.67	663.67	905.00
917	298.04	558.83	298.04	298.04	406.42
918	299.95	562.41	299.95	299.95	409.02
919	262.39	491.98	262.39	262.39	357.80
920	677.84	1270.95	677.84	677.84	924.33
921	310.45	582.09	310.45	310.45	423.34
922	329.22	617.29	329.22	329.22	448.94
923	413.73	775.74	413.73	413.73	564.18
924	453.21	849.77	453.21	453.21	618.01
925	564.31	1058.08	564.31	564.31	769.51
926	467.70	876.94	467.70	467.70	637.77
927	500.95	939.28	500.95	500.95	683.11
928	231.07	433.26	231.07	231.07	315.10
929	411.31	771.21	411.31	411.31	560.88
930	443.46	831.49	443.46	443.46	604.72
931	568.23	1065.43	568.23	568.23	774.86
932	432.62	811.16	432.62	432.62	589.94
933	280.86	526.61	280.86	280.86	382.99
934	526.09	986.42	526.09	526.09	717.40
935	665.83	1248.43	665.83	665.83	907.95
936	590.84	1107.83	590.84	590.84	805.69
937	282.78	530.21	282.78	282.78	385.61
938	348.27	653.01	348.27	348.27	474.91
939	384.84	721.58	384.84	384.84	524.78
940	364.00	682.50	364.00	364.00	496.36
941	621.94	1166.14	621.94	621.94	848.10
700	4.85	9.09	4.85	4.85	6.61
942	442.05	828.84	442.05	442.05	602.80
701	5.81	10.89	5.81	5.81	7.92
943	673.65	1263.09	673.65	673.65	918.61
702	5.77	10.82	5.77	5.77	7.87
944	595.10	1115.81	595.10	595.10	811.50
703	5.33	9.99	5.33	5.33	7.27
945	513.54	962.89	513.54	513.54	700.28
704	5.09	9.54	5.09	5.09	6.94
946	334.17	626.57	334.17	334.17	455.69
705	5.21	9.77	5.21	5.21	7.10
947	555.29	1041.17	555.29	555.29	757.21
706	5.20	9.75	5.20	5.20	7.09
948	302.58	567.34	302.58	302.58	412.61
707	5.52	10.35	5.52	5.52	7.53
949	505.12	947.10	505.12	505.12	688.80
708	5.02	9.41	5.02	5.02	6.85
709	4.75	8.91	4.75	4.75	6.48
950	331.15	620.91	331.15	331.15	451.57
951	300.77	563.94	300.77	300.77	410.14
710	5.00	9.38	5.00	5.00	6.82
952	370.83	695.31	370.83	370.83	505.68
711	5.36	10.05	5.36	5.36	7.31
953	496.40	930.75	496.40	496.40	676.91
712	5.26	9.86	5.26	5.26	7.17
954	451.62	846.79	451.62	451.62	615.85
713	4.25	7.97	4.25	4.25	5.80
955	582.34	1091.89	582.34	582.34	794.10
714	4.68	8.78	4.68	4.68	6.38
956	423.09	793.29	423.09	423.09	576.94
715	4.86	9.11	4.86	4.86	6.63
957	593.06	1111.99	593.06	593.06	808.72
716	4.97	9.32	4.97	4.97	6.78
958	596.96	1119.30	596.96	596.96	814.04
717	4.69	8.79	4.69	4.69	6.40
959	475.92	892.35	475.92	475.92	648.98
718	5.45	10.22	5.45	5.45	7.43
719	5.27	9.88	5.27	5.27	7.19
960	393.26	737.36	393.26	393.26	536.26
961	660.20	1237.88	660.20	660.20	900.27
720	5.01	9.39	5.01	5.01	6.83
962	572.31	1073.08	572.31	572.31	780.42
721	5.10	9.56	5.10	5.10	6.95
963	611.43	1146.43	611.43	611.43	833.77
722	5.36	10.05	5.36	5.36	7.31
964	445.53	835.37	445.53	445.53	607.54
723	5.32	9.98	5.32	5.32	7.25
965	456.91	856.71	456.91	456.91	623.06
724	5.15	9.66	5.15	5.15	7.02
966	448.08	840.15	448.08	448.08	611.02
725	4.96	9.30	4.96	4.96	6.76
967	478.67	897.51	478.67	478.67	652.73
726	4.85	9.09	4.85	4.85	6.61
968	305.20	572.25	305.20	305.20	416.18
727	4.55	8.53	4.55	4.55	6.20
969	559.90	1049.81	559.90	559.90	763.50
728	4.88	9.15	4.88	4.88	6.65
729	4.56	8.55	4.56	4.56	6.22
970	634.32	1189.35	634.32	634.32	864.98
971	462.16	866.55	462.16	462.16	630.22
730	528.35	990.66	528.35	528.35	720.48
972	231.74	434.51	231.74	231.74	316.01
731	408.08	765.15	408.08	408.08	556.47
973	289.30	542.44	289.30	289.30	394.50
732	355.91	667.33	355.91	355.91	485.33
974	295.61	554.27	295.61	295.61	403.10
733	360.95	676.78	360.95	360.95	492.20
975	665.83	1248.43	665.83	665.83	907.95
734	372.07	697.63	372.07	372.07	507.37
976	344.22	645.41	344.22	344.22	469.39
735	443.09	830.79	443.09	443.09	604.21
977	301.84	565.95	301.84	301.84	411.60
736	237.88	446.03	237.88	237.88	324.38
978	665.72	1248.23	665.72	665.72	907.80
737	563.82	1057.16	563.82	563.82	768.85
979	253.32	474.98	253.32	253.32	345.44
738	677.33	1269.99	677.33	677.33	923.63
739	507.37	951.32	507.37	507.37	691.87
980	601.87	1128.51	601.87	601.87	820.73
981	5.55	10.41	5.55	5.55	7.57
740	355.40	666.38	355.40	355.40	484.64
982	5.55	10.41	5.55	5.55	7.57
741	490.96	920.55	490.96	490.96	669.49
983	5.55	10.41	5.55	5.55	7.57
500	4.28	8.03	4.28	4.28	5.84
742	561.18	1052.21	561.18	561.18	765.25
984	5.21	9.77	5.21	5.21	7.10
501	5.35	10.03	5.35	5.35	7.30
743	334.96	628.05	334.96	334.96	456.76
985	5.72	10.73	5.72	5.72	7.80
502	5.48	10.28	5.48	5.48	7.47
744	252.86	474.11	252.86	252.86	344.81
986	5.34	10.01	5.34	5.34	7.28
503	4.73	8.87	4.73	4.73	6.45
745	506.85	950.34	506.85	506.85	691.16
987	5.51	10.33	5.51	5.51	7.51
504	5.12	9.60	5.12	5.12	6.98
746	609.16	1142.18	609.16	609.16	830.67
988	5.21	9.77	5.21	5.21	7.10
505	5.64	10.58	5.64	5.64	7.69
747	577.85	1083.47	577.85	577.85	787.98
989	5.44	10.20	5.44	5.44	7.42
506	4.64	8.70	4.64	4.64	6.33
748	407.07	763.26	407.07	407.07	555.10
507	5.23	9.81	5.23	5.23	7.13
749	319.36	598.80	319.36	319.36	435.49
508	4.79	8.98	4.79	4.79	6.53
509	5.16	9.68	5.16	5.16	7.04
990	5.14	9.64	5.14	5.14	7.01
991	5.39	10.11	5.39	5.39	7.35
750	326.46	612.11	326.46	326.46	445.17
992	5.77	10.82	5.77	5.77	7.87
751	443.13	830.87	443.13	443.13	604.27
993	5.50	10.31	5.50	5.50	7.50
510	4.71	8.83	4.71	4.71	6.42
752	433.59	812.98	433.59	433.59	591.26
994	5.36	10.05	5.36	5.36	7.31
511	4.69	8.79	4.69	4.69	6.40
753	534.17	1001.57	534.17	534.17	728.41
995	5.34	10.01	5.34	5.34	7.28
512	4.70	8.81	4.70	4.70	6.41
754	325.41	610.14	325.41	325.41	443.74
996	5.08	9.53	5.08	5.08	6.93
513	5.45	10.22	5.45	5.45	7.43
755	689.97	1293.69	689.97	689.97	940.87
997	5.61	10.52	5.61	5.61	7.65
514	5.22	9.79	5.22	5.22	7.12
756	378.80	710.25	378.80	378.80	516.55
998	5.49	10.29	5.49	5.49	7.49
515	5.09	9.54	5.09	5.09	6.94
757	626.23	1174.18	626.23	626.23	853.95
999	5.28	9.90	5.28	5.28	7.20
516	5.29	9.92	5.29	5.29	7.21
758	482.94	905.51	482.94	482.94	658.55
517	4.78	8.96	4.78	4.78	6.52
759	324.70	608.81	324.70	324.70	442.77
518	5.25	9.84	5.25	5.25	7.16
519	5.37	10.07	5.37	5.37	7.32
760	676.09	1267.67	676.09	676.09	921.94
761	514.28	964.28	514.28	514.28	701.29
520	4.72	8.85	4.72	4.72	6.44
762	582.52	1092.23	582.52	582.52	794.35
521	5.75	10.78	5.75	5.75	7.84
763	285.09	534.54	285.09	285.09	388.76
522	5.22	9.79	5.22	5.22	7.12
764	368.84	691.58	368.84	368.84	502.96
523	4.51	8.46	4.51	4.51	6.15
765	682.17	1279.07	682.17	682.17	930.23
524	4.90	9.19	4.90	4.90	6.68
766	517.89	971.04	517.89	517.89	706.21
525	5.40	10.13	5.40	5.40	7.36
767	640.29	1200.54	640.29	640.29	873.12
526	5.10	9.56	5.10	5.10	6.95
768	461.81	865.89	461.81	461.81	629.74
527	5.29	9.92	5.29	5.29	7.21
769	472.82	886.54	472.82	472.82	644.75
528	4.58	8.59	4.58	4.58	6.25
529	5.14	9.64	5.14	5.14	7.01
770	589.24	1104.83	589.24	589.24	803.51
771	562.80	1055.25	562.80	562.80	767.45
530	5.24	9.83	5.24	5.24	7.15
772	481.25	902.34	481.25	481.25	656.25
531	5.43	10.18	5.43	5.43	7.40
773	249.50	467.81	249.50	249.50	340.23
532	5.48	10.28	5.48	5.48	7.47
774	257.27	482.38	257.27	257.27	350.82
533	4.72	8.85	4.72	4.72	6.44
775	566.24	1061.70	566.24	566.24	772.15
534	5.12	9.60	5.12	5.12	6.98
776	262.39	491.98	262.39	262.39	357.80
535	4.91	9.21	4.91	4.91	6.70
777	503.89	944.79	503.89	503.89	687.12
536	4.69	8.79	4.69	4.69	6.40
778	680.20	1275.38	680.20	680.20	927.55
537	5.02	9.41	5.02	5.02	6.85
779	448.55	841.03	448.55	448.55	611.66
538	5.40	10.13	5.40	5.40	7.36
539	4.65	8.72	4.65	4.65	6.34
780	587.88	1102.28	587.88	587.88	801.65
781	448.70	841.31	448.70	448.70	611.86
540	5.56	10.43	5.56	5.56	7.58
782	555.81	1042.14	555.81	555.81	757.92
541	4.98	9.34	4.98	4.98	6.79
783	613.61	1150.52	613.61	613.61	836.74
300	474.93	890.49	474.93	474.93	647.63
542	5.11	9.58	5.11	5.11	6.97
784	387.17	725.94	387.17	387.17	527.96
301	541.66	1015.61	541.66	541.66	738.63
543	4.54	8.51	4.54	4.54	6.19
785	503.92	944.85	503.92	503.92	687.16
302	513.51	962.83	513.51	513.51	700.24
544	4.55	8.53	4.55	4.55	6.20
786	261.66	490.61	261.66	261.66	356.81
303	273.07	512.01	273.07	273.07	372.37
545	4.94	9.26	4.94	4.94	6.74
787	578.69	1085.04	578.69	578.69	789.12
304	368.62	691.16	368.62	368.62	502.66
546	5.30	9.94	5.30	5.30	7.23
788	322.27	604.26	322.27	322.27	439.46
305	655.67	1229.38	655.67	655.67	894.10
547	5.11	9.58	5.11	5.11	6.97
789	318.59	597.36	318.59	318.59	434.44
306	330.92	620.48	330.92	330.92	451.25
548	5.17	9.69	5.17	5.17	7.05
307	540.90	1014.19	540.90	540.90	737.59
549	4.92	9.23	4.92	4.92	6.71
308	331.77	622.07	331.77	331.77	452.41
309	300.43	563.31	300.43	300.43	409.68
790	518.21	971.64	518.21	518.21	706.65
791	649.97	1218.69	649.97	649.97	886.32
550	5.39	10.11	5.39	5.39	7.35
792	492.55	923.53	492.55	492.55	671.66
551	5.38	10.09	5.38	5.38	7.34
793	513.86	963.49	513.86	513.86	700.72
310	421.71	790.71	421.71	421.71	575.06
552	5.16	9.68	5.16	5.16	7.04
794	395.19	740.98	395.19	395.19	538.90
311	322.60	604.88	322.60	322.60	439.91
553	4.97	9.32	4.97	4.97	6.78
795	546.07	1023.88	546.07	546.07	744.64
312	401.49	752.79	401.49	401.49	547.49
554	5.32	9.98	5.32	5.32	7.25
796	461.36	865.05	461.36	461.36	629.13
313	308.80	579.00	308.80	308.80	421.09
555	5.23	9.81	5.23	5.23	7.13
797	648.50	1215.94	648.50	648.50	884.32
314	393.22	737.29	393.22	393.22	536.21
556	5.29	9.92	5.29	5.29	7.21
798	234.70	440.06	234.70	234.70	320.05
315	292.68	548.78	292.68	292.68	399.11
557	4.99	9.36	4.99	4.99	6.80
799	614.96	1153.05	614.96	614.96	838.58
316	514.98	965.59	514.98	514.98	702.25
558	5.32	9.98	5.32	5.32	7.25
317	623.26	1168.61	623.26	623.26	849.90
559	5.21	9.77	5.21	5.21	7.10
318	371.37	696.32	371.37	371.37	506.41
319	665.49	1247.79	665.49	665.49	907.49
560	4.82	9.04	4.82	4.82	6.57
561	5.37	10.07	5.37	5.37	7.32
320	675.74	1267.01	675.74	675.74	921.46
562	4.63	8.68	4.63	4.63	6.31
321	401.17	752.19	401.17	401.17	547.05
563	5.33	9.99	5.33	5.33	7.27
322	499.56	936.68	499.56	499.56	681.22
564	4.97	9.32	4.97	4.97	6.78
323	271.75	509.53	271.75	271.75	370.57
565	4.77	8.94	4.77	4.77	6.50
324	288.97	541.82	288.97	288.97	394.05
566	4.93	9.24	4.93	4.93	6.72
325	614.65	1152.47	614.65	614.65	838.16
567	5.67	10.63	5.67	5.67	7.73
326	420.23	787.93	420.23	420.23	573.04
568	5.25	9.84	5.25	5.25	7.16
327	483.77	907.07	483.77	483.77	659.69
569	4.41	8.27	4.41	4.41	6.01
328	333.90	626.06	333.90	333.90	455.32
329	544.29	1020.54	544.29	544.29	742.21
570	5.28	9.90	5.28	5.28	7.20
571	5.67	10.63	5.67	5.67	7.73
330	241.12	452.10	241.12	241.12	328.80
572	4.87	9.13	4.87	4.87	6.64
331	363.08	680.78	363.08	363.08	495.11
573	5.00	9.38	5.00	5.00	6.82
332	306.12	573.98	306.12	306.12	417.44
574	4.94	9.26	4.94	4.94	6.74
333	262.82	492.79	262.82	262.82	358.39
575	5.12	9.60	5.12	5.12	6.98
334	479.56	899.18	479.56	479.56	653.95
576	5.18	9.71	5.18	5.18	7.06
335	503.24	943.58	503.24	503.24	686.24
577	5.32	9.98	5.32	5.32	7.25
336	486.32	911.85	486.32	486.32	663.16
578	5.46	10.24	5.46	5.46	7.45
337	665.60	1248.00	665.60	665.60	907.64
579	4.74	8.89	4.74	4.74	6.46
338	419.92	787.35	419.92	419.92	572.62
339	634.12	1188.98	634.12	634.12	864.71
580	4.86	9.11	4.86	4.86	6.63
581	5.14	9.64	5.14	5.14	7.01
340	646.91	1212.96	646.91	646.91	882.15
582	4.90	9.19	4.90	4.90	6.68
341	499.56	936.68	499.56	499.56	681.22
583	4.48	8.40	4.48	4.48	6.11
100	18.37	34.44	18.37	18.37	25.05
342	577.61	1083.02	577.61	577.61	787.65
584	5.45	10.22	5.45	5.45	7.43
101	17.72	33.23	17.72	17.72	24.16
343	436.66	818.74	436.66	436.66	595.45
585	4.65	8.72	4.65	4.65	6.34
102	17.05	31.97	17.05	17.05	23.25
344	293.71	550.71	293.71	293.71	400.51
586	4.74	8.89	4.74	4.74	6.46
103	17.99	33.73	17.99	17.99	24.53
345	303.02	568.16	303.02	303.02	413.21
587	5.10	9.56	5.10	5.10	6.95
104	17.64	33.08	17.64	17.64	24.05
346	294.03	551.31	294.03	294.03	400.95
588	5.89	11.04	5.89	5.89	8.03
105	18.74	35.14	18.74	18.74	25.55
347	542.41	1017.02	542.41	542.41	739.65
589	5.27	9.88	5.27	5.27	7.19
106	18.13	33.99	18.13	18.13	24.72
348	288.75	541.41	288.75	288.75	393.75
107	18.08	33.90	18.08	18.08	24.65
349	462.16	866.55	462.16	462.16	630.22
108	18.39	34.48	18.39	18.39	25.08
109	17.90	33.56	17.90	17.90	24.41
590	5.23	9.81	5.23	5.23	7.13
591	5.22	9.79	5.22	5.22	7.12
350	635.63	1191.81	635.63	635.63	866.77
592	4.60	8.62	4.60	4.60	6.27
351	404.66	758.74	404.66	404.66	551.81
593	5.12	9.60	5.12	5.12	6.98
110	18.32	34.35	18.32	18.32	24.98
352	461.86	865.99	461.86	461.86	629.81
594	4.71	8.83	4.71	4.71	6.42
111	18.65	34.97	18.65	18.65	25.43
353	417.25	782.34	417.25	417.25	568.98
595	4.77	8.94	4.77	4.77	6.50
112	18.23	34.18	18.23	18.23	24.86
354	678.93	1272.99	678.93	678.93	925.81
596	5.64	10.58	5.64	5.64	7.69
113	18.12	33.98	18.12	18.12	24.71
355	556.24	1042.95	556.24	556.24	758.51
597	5.34	10.01	5.34	5.34	7.28
114	17.86	33.49	17.86	17.86	24.35
356	436.22	817.91	436.22	436.22	594.85
598	5.37	10.07	5.37	5.37	7.32
115	17.92	33.60	17.92	17.92	24.44
357	556.55	1043.53	556.55	556.55	758.93
599	4.86	9.11	4.86	4.86	6.63
116	18.01	33.77	18.01	18.01	24.56
358	273.18	512.21	273.18	273.18	372.52
117	17.42	32.66	17.42	17.42	23.75
359	487.53	914.12	487.53	487.53	664.81
118	18.06	33.86	18.06	18.06	24.63
119	18.28	34.28	18.28	18.28	24.93
10	18.95	35.53	18.95	18.95	25.84
11	17.91	33.58	17.91	17.91	24.42
12	17.92	33.60	17.92	17.92	24.44
13	18.61	34.89	18.61	18.61	25.38
14	18.62	34.91	18.62	18.62	25.39
15	17.97	33.69	17.97	17.97	24.50
16	17.81	33.39	17.81	17.81	24.29
17	18.56	34.80	18.56	18.56	25.31
18	18.22	34.16	18.22	18.22	24.85
19	18.14	34.01	18.14	18.14	24.74
360	506.07	948.88	506.07	506.07	690.10
361	504.67	946.26	504.67	504.67	688.19
120	18.22	34.16	18.22	18.22	24.85
362	356.35	668.16	356.35	356.35	485.93
121	17.75	33.28	17.75	17.75	24.20
363	446.92	837.98	446.92	446.92	609.44
122	17.77	33.32	17.77	17.77	24.23
364	373.72	700.73	373.72	373.72	509.62
123	17.93	33.62	17.93	17.93	24.45
365	539.40	1011.38	539.40	539.40	735.55
124	17.86	33.49	17.86	17.86	24.35
366	587.25	1101.09	587.25	587.25	800.80
125	17.76	33.30	17.76	17.76	24.22
367	668.35	1253.16	668.35	668.35	911.39
126	18.79	35.23	18.79	18.79	25.62
368	375.60	704.25	375.60	375.60	512.18
127	18.31	34.33	18.31	18.31	24.97
369	500.12	937.73	500.12	500.12	681.98
128	18.43	34.56	18.43	18.43	25.13
129	18.47	34.63	18.47	18.47	25.19
20	18.30	34.31	18.30	18.30	24.95
21	18.78	35.21	18.78	18.78	25.61
22	17.93	33.62	17.93	17.93	24.45
23	17.95	33.66	17.95	17.95	24.48
24	18.16	34.05	18.16	18.16	24.76
25	17.93	33.62	17.93	17.93	24.45
26	18.33	34.37	18.33	18.33	25.00
27	17.82	33.41	17.82	17.82	24.30
28	18.33	34.37	18.33	18.33	25.00
29	18.57	34.82	18.57	18.57	25.32
370	488.82	916.54	488.82	488.82	666.57
371	339.34	636.26	339.34	339.34	462.74
130	17.80	33.38	17.80	17.80	24.27
372	576.39	1080.73	576.39	576.39	785.99
131	19.15	35.91	19.15	19.15	26.11
373	271.02	508.16	271.02	271.02	369.57
132	17.50	32.81	17.50	17.50	23.86
374	463.03	868.18	463.03	463.03	631.40
133	19.07	35.76	19.07	19.07	26.00
375	332.56	623.55	332.56	332.56	453.49
134	17.70	33.19	17.70	17.70	24.14
376	476.82	894.04	476.82	476.82	650.21
135	18.64	34.95	18.64	18.64	25.42
377	478.77	897.69	478.77	478.77	652.87
136	16.95	31.78	16.95	16.95	23.11
378	679.64	1274.33	679.64	679.64	926.78
137	17.72	33.23	17.72	17.72	24.16
379	484.97	909.32	484.97	484.97	661.32
138	18.50	34.69	18.50	18.50	25.23
139	18.61	34.89	18.61	18.61	25.38
30	18.55	34.78	18.55	18.55	25.30
31	18.66	34.99	18.66	18.66	25.45
32	18.65	34.97	18.65	18.65	25.43
33	17.87	33.51	17.87	17.87	24.37
34	18.90	35.44	18.90	18.90	25.77
35	18.43	34.56	18.43	18.43	25.13
36	18.29	34.29	18.29	18.29	24.94
37	17.14	32.14	17.14	17.14	23.37
38	17.48	32.78	17.48	17.48	23.84
39	18.64	34.95	18.64	18.64	25.42
380	253.21	474.77	253.21	253.21	345.29
381	349.21	654.77	349.21	349.21	476.20
140	17.93	33.62	17.93	17.93	24.45
382	547.52	1026.60	547.52	547.52	746.62
141	18.23	34.18	18.23	18.23	24.86
383	452.15	847.78	452.15	452.15	616.57
142	18.28	34.28	18.28	18.28	24.93
384	351.23	658.56	351.23	351.23	478.95
143	18.13	33.99	18.13	18.13	24.72
385	333.41	625.14	333.41	333.41	454.65
144	17.61	33.02	17.61	17.61	24.01
386	413.01	774.39	413.01	413.01	563.20
145	18.40	34.50	18.40	18.40	25.09
387	613.41	1150.14	613.41	613.41	836.47
146	18.84	35.33	18.84	18.84	25.69
388	508.46	953.36	508.46	508.46	693.35
147	18.24	34.20	18.24	18.24	24.87
389	549.58	1030.46	549.58	549.58	749.43
148	17.90	33.56	17.90	17.90	24.41
149	18.12	33.98	18.12	18.12	24.71
40	18.23	34.18	18.23	18.23	24.86
41	18.46	34.61	18.46	18.46	25.17
42	17.66	33.11	17.66	17.66	24.08
43	18.73	35.12	18.73	18.73	25.54
44	17.92	33.60	17.92	17.92	24.44
45	17.41	32.64	17.41	17.41	23.74
46	18.10	33.94	18.10	18.10	24.68
47	18.17	34.07	18.17	18.17	24.78
48	18.25	34.22	18.25	18.25	24.89
49	18.53	34.74	18.53	18.53	25.27
390	407.89	764.79	407.89	407.89	556.21
391	531.56	996.67	531.56	531.56	724.85
150	18.64	34.95	18.64	18.64	25.42
392	460.93	864.24	460.93	460.93	628.54
151	18.42	34.54	18.42	18.42	25.12
393	658.14	1234.01	658.14	658.14	897.46
152	18.15	34.03	18.15	18.15	24.75
394	457.75	858.28	457.75	457.75	624.20
153	18.50	34.69	18.50	18.50	25.23
395	262.11	491.46	262.11	262.11	357.42
154	17.60	33.00	17.60	17.60	24.00
396	641.75	1203.28	641.75	641.75	875.11
155	17.61	33.02	17.61	17.61	24.01
397	372.09	697.67	372.09	372.09	507.40
156	18.13	33.99	18.13	18.13	24.72
398	377.36	707.55	377.36	377.36	514.58
157	18.01	33.77	18.01	18.01	24.56
399	528.16	990.30	528.16	528.16	720.22
158	17.71	33.21	17.71	17.71	24.15
159	18.45	34.59	18.45	18.45	25.16
50	18.03	33.81	18.03	18.03	24.59
51	17.92	33.60	17.92	17.92	24.44
52	17.77	33.32	17.77	17.77	24.23
53	18.59	34.86	18.59	18.59	25.35
54	18.40	34.50	18.40	18.40	25.09
55	18.46	34.61	18.46	18.46	25.17
56	17.81	33.39	17.81	17.81	24.29
57	18.39	34.48	18.39	18.39	25.08
58	17.54	32.89	17.54	17.54	23.92
59	18.91	35.46	18.91	18.91	25.79
160	17.43	32.68	17.43	17.43	23.77
161	18.40	34.50	18.40	18.40	25.09
162	18.04	33.83	18.04	18.04	24.60
163	18.06	33.86	18.06	18.06	24.63
164	18.24	34.20	18.24	18.24	24.87
165	18.72	35.10	18.72	18.72	25.53
166	18.62	34.91	18.62	18.62	25.39
167	18.64	34.95	18.64	18.64	25.42
168	17.89	33.54	17.89	17.89	24.40
169	18.55	34.78	18.55	18.55	25.30
60	18.06	33.86	18.06	18.06	24.63
61	18.32	34.35	18.32	18.32	24.98
62	18.14	34.01	18.14	18.14	24.74
63	18.43	34.56	18.43	18.43	25.13
64	17.89	33.54	17.89	17.89	24.40
65	17.80	33.38	17.80	17.80	24.27
66	18.35	34.41	18.35	18.35	25.02
67	18.11	33.96	18.11	18.11	24.70
68	18.03	33.81	18.03	18.03	24.59
69	18.63	34.93	18.63	18.63	25.40
170	18.04	33.83	18.04	18.04	24.60
171	18.23	34.18	18.23	18.23	24.86
172	18.33	34.37	18.33	18.33	25.00
173	17.58	32.96	17.58	17.58	23.97
174	18.32	34.35	18.32	18.32	24.98
175	17.74	33.26	17.74	17.74	24.19
176	18.14	34.01	18.14	18.14	24.74
177	17.80	33.38	17.80	17.80	24.27
178	17.94	33.64	17.94	17.94	24.46
179	18.72	35.10	18.72	18.72	25.53
70	17.99	33.73	17.99	17.99	24.53
71	18.10	33.94	18.10	18.10	24.68
72	18.92	35.48	18.92	18.92	25.80
73	18.60	34.88	18.60	18.60	25.36
74	18.37	34.44	18.37	18.37	25.05
75	17.91	33.58	17.91	17.91	24.42
76	17.91	33.58	17.91	17.91	24.42
77	18.12	33.98	18.12	18.12	24.71
78	17.32	32.48	17.32	17.32	23.62
79	17.16	32.18	17.16	17.16	23.40
180	18.07	33.88	18.07	18.07	24.64
181	18.30	34.31	18.30	18.30	24.95
182	18.40	34.50	18.40	18.40	25.09
183	18.60	34.88	18.60	18.60	25.36
184	17.98	33.71	17.98	17.98	24.52
185	17.82	33.41	17.82	17.82	24.30
186	17.85	33.47	17.85	17.85	24.34
187	18.64	34.95	18.64	18.64	25.42
188	16.95	31.78	16.95	16.95	23.11
189	18.16	34.05	18.16	18.16	24.76
80	18.50	34.69	18.50	18.50	25.23
81	18.20	34.13	18.20	18.20	24.82
82	18.07	33.88	18.07	18.07	24.64
83	17.70	33.19	17.70	17.70	24.14
84	18.20	34.13	18.20	18.20	24.82
85	19.08	35.78	19.08	19.08	26.02
86	17.71	33.21	17.71	17.71	24.15
87	17.36	32.55	17.36	17.36	23.67
88	17.23	32.31	17.23	17.23	23.50
89	17.61	33.02	17.61	17.61	24.01
190	17.80	33.38	17.80	17.80	24.27
191	17.54	32.89	17.54	17.54	23.92
192	17.90	33.56	17.90	17.90	24.41
193	18.06	33.86	18.06	18.06	24.63
194	18.18	34.09	18.18	18.18	24.79
195	18.35	34.41	18.35	18.35	25.02
196	18.49	34.67	18.49	18.49	25.21
197	17.38	32.59	17.38	17.38	23.70
198	17.68	33.15	17.68	17.68	24.11
199	17.86	33.49	17.86	17.86	24.35
90	18.25	34.22	18.25	18.25	24.89
91	18.30	34.31	18.30	18.30	24.95
92	18.30	34.31	18.30	18.30	24.95
93	18.35	34.41	18.35	18.35	25.02
94	18.32	34.35	18.32	18.32	24.98
95	18.12	33.98	18.12	18.12	24.71
96	18.08	33.90	18.08	18.08	24.65
97	18.10	33.94	18.10	18.10	24.68
98	18.14	34.01	18.14	18.14	24.74
99	18.62	34.91	18.62	18.62	25.39
