987	1001	0
558	809	0.00
50	1001	0
200	429	0.01
373	1001	0
160	389	0.01
711	1001	0
542	1001	0
900	987	0.00
226	1001	0
486	1001	0
339	1001	0
824	1001	0
529	780	0.00
16	1001	0
930	1001	0
119	348	0.01
210	1001	0
545	796	0.00
144	373	0.01
30	259	0.01
971	1001	0
558	1001	0
768	1001	0
610	861	0.00
785	982	0.00
154	1001	0
470	1001	0
501	1001	0
599	1001	0
592	1001	0
614	1001	0
601	852	0.00
135	364	0.01
14	243	0.01
129	1001	0
99	328	0.01
128	357	0.01
695	946	0.00
583	1001	0
7	1001	0
655	1001	0
173	402	0.01
66	1001	0
727	1001	0
980	1001	0
980	1000	0.00
21	250	0.01
182	411	0.01
113	1001	0
686	937	0.00
25	1001	0
720	1001	0
420	1001	0
696	1001	0
235	1001	0
648	899	0.00
0	288	0
0	287	0
0	289	0
549	1001	0
849	1001	0
348	1001	0
0	280	0
0	282	0
0	281	0
0	284	0
57	1001	0
0	283	0
0	286	0
195	1001	0
0	285	0
122	1001	0
680	1001	0
441	470	0.00
480	731	0.00
91	1001	0
592	843	0.00
704	955	0.00
533	1001	0
0	277	0
0	276	0
0	279	0
0	278	0
736	1001	0
567	818	0.00
180	409	0.01
793	1001	0
0	271	0
0	270	0
0	273	0
0	272	0
0	275	0
0	274	0
574	825	0.00
323	1001	0
445	1001	0
679	930	0.00
68	297	0.01
292	1001	0
937	1001	0
527	778	0.00
538	789	0.00
436	1001	0
946	1001	0
722	973	0.00
833	1001	0
0	299	0
0	298	0
162	391	0.01
151	380	0.01
332	1001	0
0	291	0
0	290	0
890	1001	0
0	293	0
0	292	0
0	295	0
921	1001	0
0	294	0
0	297	0
0	296	0
526	1001	0
357	1001	0
34	1001	0
693	944	0.00
48	1001	0
709	1001	0
411	1001	0
547	798	0.00
687	1001	0
842	1001	0
242	1001	0
955	1001	0
689	1001	0
603	854	0.00
574	1001	0
840	1001	0
928	1001	0
202	431	0.01
413	1001	0
355	1001	0
12	241	0.01
576	1001	0
759	1001	0
281	460	0.00
646	1001	0
146	375	0.01
170	1001	0
815	1001	0
688	939	0.00
0	701	0
0	700	0
117	346	0.01
88	317	0.01
702	1001	0
82	1001	0
469	681	0.00
391	1001	0
217	1001	0
469	683	0.00
32	261	0.01
469	682	0.00
473	715	0.00
473	716	0.00
463	1001	0
473	719	0.00
171	400	0.01
473	717	0.00
473	718	0.00
639	1001	0
41	1001	0
97	326	0.01
305	1001	0
639	890	0.00
126	355	0.01
104	1001	0
551	1001	0
153	382	0.01
471	701	0.00
650	901	0.00
817	1001	0
471	700	0.00
471	703	0.00
865	1001	0
471	702	0.00
469	685	0.00
469	684	0.00
469	687	0.00
469	686	0.00
704	1001	0
469	689	0.00
664	1001	0
469	688	0.00
179	1001	0
795	1001	0
752	1001	0
219	1001	0
267	1001	0
883	1001	0
646	897	0.00
996	1001	0
471	705	0.00
471	704	0.00
777	1001	0
471	706	0.00
177	1001	0
974	996	0.00
89	1001	0
468	1001	0
319	461	0.00
702	953	0.00
84	1001	0
285	1001	0
518	769	0.00
770	1001	0
724	975	0.00
300	1001	0
398	1001	0
565	816	0.00
307	1001	0
953	1001	0
461	1001	0
659	910	0.00
508	1001	0
172	1001	0
572	823	0.00
594	845	0.00
432	469	0.00
978	1001	0
260	1001	0
197	1001	0
682	1001	0
905	1001	0
212	1001	0
973	1001	0
443	1001	0
0	637	0
64	1001	0
0	636	0
0	639	0
164	393	0.01
0	638	0
657	1001	0
691	942	0.00
0	640	0
461	580	0.00
0	642	0
0	641	0
461	582	0.00
0	644	0
461	581	0.00
0	643	0
461	584	0.00
0	646	0
872	1001	0
461	583	0.00
0	645	0
461	586	0.00
461	585	0.00
826	1001	0
461	588	0.00
95	324	0.01
461	587	0.00
461	589	0.00
139	368	0.01
810	1001	0
491	742	0.00
0	626	0
944	1001	0
0	625	0
0	628	0
0	627	0
0	629	0
438	1001	0
224	1001	0
725	1001	0
0	631	0
0	630	0
461	571	0.00
0	633	0
461	570	0.00
0	632	0
461	573	0.00
585	1001	0
0	635	0
461	572	0.00
0	634	0
461	575	0.00
461	574	0.00
461	577	0.00
190	1001	0
461	576	0.00
461	579	0.00
509	760	0.00
461	578	0.00
876	1001	0
0	659	0
0	658	0
506	1001	0
346	1001	0
0	662	0
822	1001	0
0	661	0
106	1001	0
0	664	0
0	663	0
0	666	0
0	665	0
607	1001	0
0	668	0
0	667	0
431	1001	0
630	881	0.00
2	231	0.01
124	353	0.01
0	660	0
375	1001	0
447	1001	0
0	648	0
0	647	0
775	1001	0
0	649	0
535	1001	0
0	651	0
0	650	0
675	926	0.00
461	591	0.00
0	653	0
461	590	0.00
0	652	0
461	593	0.00
0	655	0
461	592	0.00
0	654	0
0	657	0
0	656	0
148	377	0.01
274	1001	0
186	415	0.01
734	1001	0
396	1001	0
18	247	0.01
489	740	0.00
708	959	0.00
650	1001	0
0	600	0
211	440	0.01
120	1001	0
581	1001	0
0	602	0
0	601	0
603	1001	0
964	1001	0
418	1001	0
278	1001	0
950	993	0.00
136	1001	0
475	726	0.00
43	1001	0
41	270	0.01
475	724	0.00
475	725	0.00
366	1001	0
534	785	0.00
570	821	0.00
147	1001	0
133	362	0.01
949	992	0.00
140	1001	0
215	1001	0
387	464	0.00
637	1001	0
14	1001	0
440	1001	0
493	1001	0
515	1001	0
596	847	0.00
0	615	0
0	614	0
0	617	0
0	616	0
0	619	0
585	836	0.00
0	618	0
644	895	0.00
754	1001	0
484	1001	0
0	620	0
461	560	0.00
0	622	0
57	286	0.01
0	621	0
461	562	0.00
0	624	0
461	561	0.00
0	623	0
461	564	0.00
461	563	0.00
829	1001	0
461	566	0.00
745	1001	0
461	565	0.00
461	568	0.00
23	1001	0
461	567	0.00
461	569	0.00
244	1001	0
156	1001	0
0	604	0
0	603	0
0	606	0
0	605	0
0	608	0
0	607	0
994	1001	0
77	1001	0
0	609	0
127	1001	0
0	611	0
0	610	0
227	456	0.01
0	613	0
0	612	0
666	1001	0
461	559	0.00
461	558	0.00
459	481	0.00
490	1001	0
459	482	0.00
459	483	0.00
459	484	0.00
143	1001	0
512	1001	0
673	1001	0
459	480	0.00
661	912	0.00
0	244	0
0	243	0
0	246	0
0	245	0
957	1001	0
0	248	0
0	247	0
0	249	0
856	1001	0
459	479	0.00
0	240	0
20	1001	0
0	242	0
0	241	0
459	492	0.00
459	493	0.00
459	494	0.00
741	1001	0
166	395	0.01
459	495	0.00
208	1001	0
459	490	0.00
459	491	0.00
960	1001	0
0	229	0
80	1001	0
581	832	0.00
720	971	0.00
0	233	0
788	1001	0
0	232	0
0	235	0
93	322	0.01
0	234	0
0	237	0
588	1001	0
59	288	0.01
556	807	0.00
0	236	0
369	1001	0
427	1001	0
0	239	0
0	238	0
459	489	0.00
459	485	0.00
459	486	0.00
122	351	0.01
459	487	0.00
0	231	0
459	488	0.00
0	230	0
813	1001	0
806	1001	0
70	1001	0
731	1001	0
623	1001	0
193	1001	0
967	1001	0
362	1001	0
201	1001	0
454	1001	0
612	863	0.00
0	266	0
0	265	0
0	268	0
359	1001	0
0	267	0
106	335	0.01
0	269	0
892	1001	0
77	306	0.01
784	1001	0
0	260	0
677	928	0.00
0	262	0
0	261	0
0	264	0
0	263	0
90	319	0.01
519	1001	0
186	1001	0
43	272	0.01
630	1001	0
791	1001	0
471	699	0.00
0	255	0
0	254	0
0	257	0
0	256	0
0	259	0
0	258	0
271	1001	0
137	366	0.01
0	251	0
569	820	0.00
0	250	0
0	253	0
258	1001	0
0	252	0
565	1001	0
477	728	0.00
251	1001	0
748	1001	0
781	1001	0
536	787	0.00
404	1001	0
979	999	0.00
198	427	0.01
0	200	0
0	684	0
628	879	0.00
0	683	0
0	202	0
0	686	0
0	201	0
0	685	0
0	204	0
0	688	0
0	203	0
0	687	0
0	206	0
0	205	0
0	689	0
184	413	0.01
434	1001	0
0	680	0
718	1001	0
879	1001	0
73	1001	0
0	682	0
0	681	0
27	1001	0
497	1001	0
614	865	0.00
599	850	0.00
522	1001	0
0	669	0
133	1001	0
0	673	0
0	672	0
706	957	0.00
0	675	0
294	1001	0
0	674	0
108	337	0.01
16	245	0.01
0	677	0
213	442	0.01
0	676	0
79	308	0.01
0	679	0
0	678	0
163	1001	0
221	1001	0
382	1001	0
0	671	0
0	670	0
0	1000	0
0	1001	0
0	219	0
0	218	0
914	1001	0
899	1001	0
642	893	0.00
0	222	0
0	221	0
0	224	0
231	1001	0
0	223	0
653	1001	0
761	1001	0
554	805	0.00
0	226	0
0	225	0
229	458	0.01
0	228	0
0	227	0
600	1001	0
459	496	0.00
459	497	0.00
459	498	0.00
0	220	0
459	499	0.00
228	1001	0
389	1001	0
0	208	0
0	207	0
0	209	0
583	834	0.00
738	1001	0
93	1001	0
30	1001	0
0	211	0
0	695	0
0	210	0
477	1001	0
0	694	0
120	349	0.01
0	213	0
0	697	0
507	758	0.00
0	212	0
0	696	0
0	215	0
0	699	0
0	214	0
0	698	0
0	217	0
0	216	0
316	1001	0
0	691	0
0	690	0
520	771	0.00
0	693	0
0	692	0
671	922	0.00
457	1001	0
812	1001	0
609	1001	0
311	1001	0
626	1001	0
142	1001	0
21	1001	0
125	1001	0
344	1001	0
609	860	0.00
886	1001	0
112	341	0.01
530	1001	0
999	1001	0
643	1001	0
224	453	0.01
158	1001	0
37	266	0.01
197	426	0.01
529	1001	0
168	397	0.01
37	1001	0
870	1001	0
462	602	0.00
462	601	0.00
462	600	0.00
667	1001	0
498	1001	0
54	1001	0
715	1001	0
641	892	0.00
684	1001	0
853	1001	0
192	1001	0
797	1001	0
580	1001	0
75	304	0.01
983	1001	0
394	1001	0
189	418	0.01
521	772	0.00
183	1001	0
54	283	0.01
327	1001	0
159	388	0.01
828	1001	0
482	1001	0
513	1001	0
616	867	0.00
465	1001	0
765	1001	0
479	730	0.00
87	1001	0
803	1001	0
464	626	0.00
626	877	0.00
596	1001	0
651	1001	0
617	1001	0
464	629	0.00
464	628	0.00
464	627	0.00
464	633	0.00
680	931	0.00
464	632	0.00
281	1001	0
464	631	0.00
764	1001	0
464	630	0.00
28	257	0.01
579	1001	0
279	1001	0
895	1001	0
950	1001	0
150	1001	0
485	736	0.00
63	292	0.01
464	637	0.00
464	636	0.00
13	1001	0
464	635	0.00
464	634	0.00
512	763	0.00
878	1001	0
901	1001	0
464	638	0.00
82	311	0.01
0	398	0
0	397	0
86	1001	0
0	399	0
377	1001	0
0	390	0
0	392	0
0	391	0
0	394	0
563	1001	0
0	393	0
782	1001	0
0	396	0
0	395	0
966	1001	0
552	803	0.00
676	1001	0
984	1001	0
105	334	0.01
633	884	0.00
862	1001	0
46	275	0.01
206	1001	0
656	907	0.00
29	1001	0
407	1001	0
707	1001	0
798	1001	0
361	1001	0
71	1001	0
319	1001	0
578	1001	0
505	756	0.00
175	1001	0
663	914	0.00
216	445	0.01
263	1001	0
108	1001	0
505	1001	0
374	463	0.00
503	754	0.00
73	302	0.01
757	1001	0
187	416	0.01
309	1001	0
96	1001	0
273	1001	0
0	800	0
79	1001	0
611	1001	0
110	339	0.01
673	924	0.00
195	424	0.01
408	1001	0
755	1001	0
496	747	0.00
7	236	0.01
941	1001	0
523	774	0.00
528	1001	0
160	1001	0
569	1001	0
1001	1001	0
94	1001	0
466	659	0.00
466	658	0.00
466	657	0.00
415	1001	0
976	1001	0
466	656	0.00
466	655	0.00
240	1001	0
466	654	0.00
0	813	0
56	285	0.01
0	812	0
0	815	0
832	983	0.00
0	814	0
714	1001	0
0	817	0
0	816	0
0	819	0
601	1001	0
699	1001	0
0	818	0
0	820	0
0	822	0
0	821	0
466	661	0.00
466	660	0.00
229	1001	0
900	1001	0
589	840	0.00
586	1001	0
0	809	0
239	1001	0
910	1001	0
226	455	0.01
772	1001	0
0	802	0
425	1001	0
0	801	0
0	804	0
0	803	0
69	1001	0
0	806	0
230	1001	0
0	805	0
538	1001	0
0	808	0
0	807	0
885	1001	0
719	970	0.00
951	1001	0
677	1001	0
0	811	0
0	810	0
466	653	0.00
466	652	0.00
0	2	0
466	651	0.00
0	3	0
724	1001	0
0	4	0
863	1001	0
0	5	0
44	1001	0
290	1001	0
0	6	0
0	7	0
0	8	0
0	9	0
182	1001	0
820	1001	0
61	290	0.01
11	1001	0
649	1001	0
448	1001	0
503	1001	0
131	360	0.01
634	1001	0
624	875	0.00
616	1001	0
536	1001	0
280	1001	0
835	1001	0
587	838	0.00
317	1001	0
933	1001	0
152	1001	0
48	277	0.01
487	738	0.00
747	1001	0
802	1001	0
26	255	0.01
218	447	0.01
665	916	0.00
659	1001	0
546	1001	0
103	332	0.01
631	882	0.00
722	1001	0
46	1001	0
845	1001	0
991	1001	0
855	1001	0
550	801	0.00
644	1001	0
618	869	0.00
830	1001	0
5	234	0.01
80	309	0.01
531	782	0.00
732	1001	0
943	1001	0
893	1001	0
494	745	0.00
669	1001	0
458	1001	0
36	1001	0
81	1001	0
590	1001	0
605	856	0.00
498	749	0.00
956	1001	0
0	758	0
525	776	0.00
0	757	0
637	888	0.00
488	1001	0
573	1001	0
0	759	0
140	369	0.01
717	968	0.00
9	238	0.01
0	761	0
0	760	0
0	763	0
0	762	0
0	765	0
0	764	0
0	767	0
556	1001	0
0	766	0
742	1001	0
50	279	0.01
387	1001	0
472	1001	0
0	747	0
838	1001	0
658	909	0.00
0	746	0
286	1001	0
0	749	0
501	752	0.00
0	748	0
691	1001	0
0	750	0
939	1001	0
578	829	0.00
0	752	0
0	751	0
0	754	0
71	300	0.01
0	753	0
0	756	0
0	755	0
371	1001	0
699	950	0.00
737	1001	0
59	1001	0
523	1001	0
906	1001	0
132	1001	0
0	779	0
0	783	0
0	782	0
0	301	0
0	785	0
0	300	0
0	784	0
0	303	0
0	787	0
0	302	0
0	786	0
0	305	0
0	789	0
0	304	0
0	788	0
337	1001	0
923	1001	0
31	1001	0
0	781	0
0	780	0
236	1001	0
86	315	0.01
233	1001	0
860	1001	0
0	769	0
422	1001	0
0	768	0
510	761	0.00
0	772	0
911	988	0.00
321	1001	0
0	771	0
0	774	0
888	1001	0
0	773	0
0	776	0
0	775	0
989	1001	0
65	294	0.01
0	778	0
0	777	0
674	1001	0
0	770	0
193	422	0.01
118	1001	0
351	1001	0
903	1001	0
0	714	0
165	1001	0
220	1001	0
0	713	0
249	1001	0
304	1001	0
0	716	0
0	715	0
0	718	0
0	717	0
717	1001	0
0	719	0
8	1001	0
0	721	0
0	720	0
0	723	0
0	722	0
619	1001	0
402	1001	0
880	1001	0
155	384	0.01
101	330	0.01
283	1001	0
0	703	0
0	702	0
0	705	0
0	704	0
667	918	0.00
694	1001	0
0	707	0
726	977	0.00
0	706	0
0	709	0
0	708	0
871	985	0.00
936	1001	0
435	1001	0
0	710	0
216	1001	0
0	712	0
0	711	0
407	466	0.00
621	1001	0
805	1001	0
185	1001	0
563	814	0.00
0	736	0
622	873	0.00
0	735	0
0	738	0
0	737	0
116	345	0.01
61	1001	0
0	739	0
481	732	0.00
0	741	0
792	1001	0
200	1001	0
553	1001	0
0	740	0
0	743	0
0	742	0
0	745	0
0	744	0
540	791	0.00
868	1001	0
24	253	0.01
253	1001	0
35	264	0.01
652	903	0.00
641	1001	0
711	962	0.00
0	725	0
367	1001	0
0	724	0
0	727	0
700	951	0.00
0	726	0
205	434	0.01
516	767	0.00
0	729	0
0	728	0
269	1001	0
0	730	0
39	1001	0
0	732	0
0	731	0
0	734	0
0	733	0
102	1001	0
455	1001	0
858	1001	0
420	467	0.00
142	371	0.01
188	1001	0
909	1001	0
0	365	0
0	364	0
0	367	0
0	366	0
0	369	0
0	368	0
222	451	0.01
256	1001	0
926	1001	0
0	361	0
0	360	0
39	268	0.01
0	363	0
442	1001	0
2	1001	0
0	362	0
969	1001	0
170	399	0.01
635	886	0.00
209	438	0.01
128	1001	0
289	1001	0
52	281	0.01
576	827	0.00
19	1001	0
341	1001	0
314	1001	0
475	1001	0
129	358	0.01
715	966	0.00
0	354	0
0	353	0
155	1001	0
0	356	0
0	355	0
0	358	0
0	357	0
20	249	0.01
0	359	0
560	1001	0
808	1001	0
213	1001	0
0	350	0
374	1001	0
0	352	0
0	351	0
593	1001	0
697	948	0.00
570	1001	0
138	1001	0
246	1001	0
299	1001	0
384	1001	0
0	387	0
0	386	0
0	389	0
145	1001	0
0	388	0
500	1001	0
492	1001	0
157	386	0.01
331	1001	0
67	296	0.01
198	1001	0
669	920	0.00
223	1001	0
0	381	0
0	380	0
661	1001	0
0	383	0
0	382	0
191	420	0.01
0	385	0
0	384	0
178	407	0.01
916	1001	0
684	935	0.00
919	1001	0
0	376	0
671	1001	0
324	1001	0
0	375	0
0	378	0
0	377	0
0	379	0
485	1001	0
0	370	0
510	1001	0
0	372	0
0	371	0
0	374	0
0	373	0
520	1001	0
296	1001	0
682	933	0.00
135	1001	0
0	318	0
176	405	0.01
0	317	0
0	319	0
514	765	0.00
728	979	0.00
0	321	0
0	320	0
0	323	0
818	1001	0
0	322	0
0	325	0
0	324	0
681	1001	0
148	1001	0
203	1001	0
0	327	0
0	326	0
84	313	0.01
979	1001	0
334	1001	0
550	1001	0
495	1001	0
0	307	0
462	609	0.00
0	306	0
462	608	0.00
0	309	0
462	607	0.00
0	308	0
462	606	0.00
462	605	0.00
462	604	0.00
462	603	0.00
0	310	0
0	794	0
0	793	0
462	611	0.00
0	312	0
0	796	0
462	610	0.00
0	311	0
0	795	0
0	314	0
0	798	0
0	313	0
432	1001	0
0	797	0
0	316	0
0	315	0
0	799	0
0	790	0
0	792	0
0	791	0
713	964	0.00
115	1001	0
654	905	0.00
958	994	0.00
0	339	0
207	436	0.01
959	1001	0
462	1001	0
114	343	0.01
301	1001	0
354	1001	0
0	343	0
620	871	0.00
0	342	0
5	1001	0
0	345	0
0	344	0
0	347	0
276	1001	0
0	346	0
0	349	0
0	348	0
168	1001	0
0	341	0
0	340	0
178	1001	0
364	1001	0
561	812	0.00
0	329	0
0	328	0
607	858	0.00
949	1001	0
542	793	0.00
0	332	0
266	1001	0
0	331	0
22	251	0.01
0	334	0
220	449	0.01
0	333	0
0	336	0
0	335	0
0	338	0
0	337	0
452	1001	0
105	1001	0
540	1001	0
483	734	0.00
0	330	0
390	1001	0
412	1001	0
243	1001	0
857	1001	0
356	1001	0
152	381	0.01
537	788	0.00
49	1001	0
187	1001	0
891	1001	0
705	956	0.00
744	1001	0
69	298	0.01
672	1001	0
566	817	0.00
678	929	0.00
259	1001	0
638	1001	0
525	1001	0
130	1001	0
785	1001	0
83	1001	0
171	1001	0
591	842	0.00
315	1001	0
340	1001	0
190	419	0.01
293	1001	0
954	1001	0
575	826	0.00
284	1001	0
453	1001	0
180	1001	0
898	1001	0
800	1001	0
714	965	0.00
881	986	0.00
929	1001	0
239	459	0.00
721	972	0.00
794	1001	0
161	390	0.01
841	1001	0
882	1001	0
469	1001	0
428	1001	0
397	1001	0
528	779	0.00
913	1001	0
848	1001	0
42	1001	0
557	808	0.00
201	430	0.01
174	403	0.01
381	1001	0
544	795	0.00
995	1001	0
234	1001	0
534	1001	0
31	260	0.01
347	1001	0
145	374	0.01
494	1001	0
24	1001	0
421	1001	0
832	1001	0
600	851	0.00
611	862	0.00
631	1001	0
181	410	0.01
127	356	0.01
146	1001	0
137	1001	0
13	242	0.01
647	1001	0
591	1001	0
685	936	0.00
58	1001	0
622	1001	0
98	327	0.01
33	1001	0
696	947	0.00
735	1001	0
121	1001	0
472	707	0.00
873	1001	0
472	708	0.00
0	919	0
472	709	0.00
112	1001	0
388	1001	0
0	912	0
0	911	0
543	1001	0
0	914	0
712	1001	0
0	913	0
0	916	0
0	915	0
825	1001	0
0	918	0
0	917	0
51	1001	0
0	921	0
656	1001	0
0	920	0
472	710	0.00
539	790	0.00
472	711	0.00
472	712	0.00
472	713	0.00
0	909	0
275	1001	0
0	908	0
541	1001	0
769	1001	0
0	901	0
114	1001	0
0	900	0
0	903	0
519	770	0.00
0	902	0
875	1001	0
0	905	0
40	269	0.01
0	904	0
0	907	0
0	906	0
227	1001	0
169	1001	0
988	1001	0
154	383	0.01
0	910	0
760	1001	0
647	898	0.00
945	1001	0
0	934	0
0	933	0
0	936	0
689	940	0.00
0	935	0
0	938	0
0	937	0
762	1001	0
0	939	0
0	941	0
0	940	0
0	943	0
564	815	0.00
0	942	0
703	954	0.00
92	1001	0
593	844	0.00
431	468	0.00
629	1001	0
164	1001	0
516	1001	0
0	923	0
354	462	0.00
0	922	0
986	1001	0
0	925	0
0	924	0
0	927	0
0	926	0
938	1001	0
0	929	0
0	928	0
119	1001	0
0	930	0
277	1001	0
0	932	0
252	1001	0
0	931	0
723	974	0.00
573	824	0.00
210	439	0.01
690	1001	0
679	1001	0
496	1001	0
559	810	0.00
365	1001	0
981	1001	0
546	797	0.00
56	1001	0
694	945	0.00
26	1001	0
403	1001	0
518	1001	0
850	1001	0
250	1001	0
963	1001	0
697	1001	0
0	15	0
0	14	0
0	17	0
0	16	0
203	432	0.01
0	11	0
118	347	0.01
0	10	0
478	1001	0
0	13	0
0	12	0
363	1001	0
202	1001	0
405	1001	0
566	1001	0
687	938	0.00
0	20	0
147	376	0.01
89	318	0.01
6	1001	0
0	26	0
0	25	0
0	28	0
0	27	0
606	1001	0
0	22	0
0	21	0
125	354	0.01
0	24	0
162	1001	0
0	23	0
654	1001	0
767	1001	0
270	1001	0
0	19	0
99	1001	0
0	18	0
584	1001	0
807	1001	0
602	853	0.00
468	673	0.00
468	672	0.00
468	677	0.00
468	676	0.00
468	675	0.00
0	31	0
468	674	0.00
0	30	0
472	714	0.00
74	1001	0
468	679	0.00
719	1001	0
468	678	0.00
96	325	0.01
0	37	0
172	401	0.01
0	36	0
0	39	0
0	38	0
0	33	0
0	32	0
0	35	0
383	1001	0
0	34	0
11	240	0.01
209	1001	0
0	29	0
468	680	0.00
471	1001	0
33	262	0.01
0	40	0
257	1001	0
212	441	0.01
0	42	0
0	41	0
460	530	0.00
132	361	0.01
460	534	0.00
0	48	0
0	879	0
460	533	0.00
0	47	0
0	878	0
460	532	0.00
460	531	0.00
0	49	0
185	414	0.01
460	538	0.00
0	44	0
709	960	0.00
460	537	0.00
0	43	0
629	880	0.00
460	536	0.00
0	46	0
809	1001	0
460	535	0.00
0	45	0
342	1001	0
0	882	0
173	1001	0
0	881	0
460	529	0.00
0	400	0
0	884	0
460	528	0.00
0	883	0
0	402	0
0	886	0
0	401	0
0	885	0
0	404	0
0	888	0
0	403	0
0	887	0
911	1001	0
17	246	0.01
533	784	0.00
474	720	0.00
474	721	0.00
787	1001	0
0	880	0
474	722	0.00
474	723	0.00
107	336	0.01
0	51	0
0	50	0
571	822	0.00
0	53	0
686	1001	0
0	52	0
613	864	0.00
460	541	0.00
460	540	0.00
460	545	0.00
0	59	0
0	868	0
460	544	0.00
0	58	0
0	867	0
460	543	0.00
460	542	0.00
0	869	0
460	549	0.00
0	55	0
460	548	0.00
0	54	0
460	547	0.00
0	57	0
291	1001	0
460	546	0.00
0	56	0
843	1001	0
0	871	0
0	870	0
771	1001	0
0	873	0
460	539	0.00
0	872	0
0	875	0
0	874	0
0	877	0
0	876	0
97	1001	0
539	1001	0
624	1001	0
410	1001	0
990	1001	0
758	1001	0
0	62	0
0	61	0
0	64	0
508	759	0.00
0	63	0
460	552	0.00
460	551	0.00
228	457	0.01
460	550	0.00
0	60	0
460	556	0.00
0	417	0
460	555	0.00
0	69	0
0	416	0
460	554	0.00
0	419	0
460	553	0.00
0	418	0
859	1001	0
0	66	0
0	65	0
0	68	0
460	557	0.00
0	67	0
0	420	0
586	837	0.00
0	422	0
245	1001	0
0	421	0
961	1001	0
0	424	0
0	423	0
0	426	0
0	425	0
76	1001	0
123	1001	0
561	1001	0
645	896	0.00
0	73	0
60	1001	0
0	72	0
0	75	0
0	74	0
0	71	0
589	1001	0
548	799	0.00
0	70	0
189	1001	0
0	406	0
636	1001	0
0	405	0
633	1001	0
0	889	0
0	408	0
0	407	0
0	77	0
0	76	0
0	409	0
0	79	0
0	78	0
0	893	0
532	1001	0
0	892	0
47	1001	0
0	411	0
0	895	0
0	410	0
0	894	0
0	413	0
0	897	0
0	412	0
0	896	0
0	415	0
0	899	0
0	414	0
460	1001	0
0	898	0
721	1001	0
708	1001	0
595	846	0.00
0	891	0
0	890	0
0	84	0
0	83	0
0	86	0
94	323	0.01
0	85	0
692	943	0.00
0	80	0
861	984	0.00
0	82	0
0	81	0
0	835	0
0	834	0
0	837	0
349	1001	0
0	836	0
920	1001	0
0	88	0
0	839	0
0	87	0
0	838	0
0	89	0
918	1001	0
0	840	0
604	1001	0
103	1001	0
0	842	0
0	841	0
0	844	0
548	1001	0
0	843	0
163	392	0.01
395	1001	0
0	95	0
333	1001	0
58	287	0.01
0	94	0
0	97	0
0	96	0
0	91	0
0	90	0
0	93	0
0	92	0
552	1001	0
464	1001	0
0	824	0
0	823	0
0	826	0
0	825	0
0	99	0
0	828	0
0	98	0
322	1001	0
0	827	0
123	352	0.01
0	829	0
0	831	0
0	830	0
993	1001	0
0	833	0
0	832	0
580	831	0.00
582	1001	0
947	1001	0
329	1001	0
966	995	0.00
568	1001	0
823	1001	0
931	1001	0
3	232	0.01
67	1001	0
0	857	0
0	856	0
0	859	0
0	858	0
254	1001	0
670	1001	0
701	1001	0
401	1001	0
0	860	0
559	1001	0
0	862	0
138	367	0.01
0	861	0
149	378	0.01
0	864	0
0	863	0
0	866	0
492	743	0.00
0	865	0
298	1001	0
42	271	0.01
852	1001	0
430	1001	0
927	1001	0
460	523	0.00
0	846	0
460	522	0.00
0	845	0
674	925	0.00
460	521	0.00
0	848	0
460	520	0.00
0	847	0
460	527	0.00
460	526	0.00
225	1001	0
0	849	0
460	525	0.00
460	524	0.00
460	519	0.00
417	1001	0
940	1001	0
839	1001	0
0	851	0
462	599	0.00
90	1001	0
0	850	0
462	598	0.00
0	853	0
896	1001	0
462	597	0.00
0	852	0
462	596	0.00
0	855	0
462	595	0.00
0	854	0
462	594	0.00
313	1001	0
535	786	0.00
17	1001	0
568	819	0.00
627	878	0.00
509	1001	0
109	338	0.01
0	486	0
0	485	0
0	488	0
150	379	0.01
0	487	0
0	489	0
707	958	0.00
0	480	0
0	482	0
487	1001	0
326	1001	0
0	481	0
0	484	0
199	428	0.01
0	483	0
15	244	0.01
261	1001	0
134	363	0.01
889	1001	0
214	443	0.01
627	1001	0
640	891	0.00
0	475	0
0	474	0
728	1001	0
0	477	0
0	476	0
615	866	0.00
0	479	0
0	478	0
640	1001	0
974	1001	0
476	727	0.00
555	1001	0
0	471	0
613	1001	0
774	1001	0
0	470	0
0	473	0
0	472	0
107	1001	0
268	1001	0
553	804	0.00
53	1001	0
970	1001	0
176	1001	0
598	1001	0
437	1001	0
545	1001	0
100	1001	0
597	848	0.00
63	1001	0
372	1001	0
690	941	0.00
444	1001	0
211	1001	0
778	1001	0
110	1001	0
0	497	0
0	496	0
0	499	0
0	498	0
584	835	0.00
0	491	0
506	757	0.00
0	490	0
0	493	0
866	1001	0
0	492	0
0	495	0
649	900	0.00
643	894	0.00
0	494	0
705	1001	0
620	1001	0
218	1001	0
196	1001	0
0	439	0
751	1001	0
0	438	0
458	477	0.00
458	478	0.00
121	350	0.01
458	475	0.00
458	476	0.00
0	442	0
595	1001	0
0	441	0
0	444	0
0	443	0
904	1001	0
0	446	0
0	445	0
0	448	0
248	1001	0
0	447	0
379	1001	0
934	1001	0
0	440	0
555	806	0.00
1	230	0.01
582	833	0.00
683	1001	0
816	1001	0
10	1001	0
480	1001	0
336	1001	0
490	741	0.00
0	428	0
0	427	0
467	1001	0
92	321	0.01
0	429	0
846	1001	0
40	1001	0
0	431	0
0	430	0
0	433	0
165	394	0.01
0	432	0
0	435	0
0	434	0
0	437	0
0	436	0
977	1001	0
660	911	0.00
676	927	0.00
921	989	0.00
78	307	0.01
136	365	0.01
238	1001	0
399	1001	0
0	464	0
0	463	0
306	1001	0
414	1001	0
0	466	0
0	465	0
0	468	0
0	467	0
0	469	0
153	1001	0
392	1001	0
91	320	0.01
0	460	0
0	462	0
0	461	0
924	1001	0
502	1001	0
997	1001	0
241	1001	0
0	449	0
183	412	0.01
575	1001	0
470	696	0.00
458	473	0.00
0	453	0
470	695	0.00
458	474	0.00
0	452	0
470	694	0.00
0	455	0
470	693	0.00
458	472	0.00
0	454	0
470	692	0.00
0	457	0
470	691	0.00
0	456	0
836	1001	0
470	690	0.00
0	459	0
0	458	0
44	273	0.01
663	1001	0
470	698	0.00
0	451	0
470	697	0.00
0	450	0
463	621	0.00
70	299	0.01
463	620	0.00
463	623	0.00
773	1001	0
463	622	0.00
83	312	0.01
95	1001	0
29	258	0.01
3	1001	0
288	1001	0
925	1001	0
478	729	0.00
617	868	0.00
756	1001	0
463	618	0.00
463	617	0.00
463	619	0.00
463	614	0.00
463	613	0.00
942	1001	0
463	616	0.00
587	1001	0
463	615	0.00
598	849	0.00
463	612	0.00
272	1001	0
0	190	0
491	1001	0
392	465	0.00
0	199	0
571	1001	0
78	1001	0
739	1001	0
486	737	0.00
625	876	0.00
424	1001	0
62	291	0.01
513	764	0.00
0	192	0
0	191	0
790	1001	0
0	194	0
0	193	0
610	1001	0
0	196	0
0	195	0
0	198	0
0	197	0
958	1001	0
101	1001	0
530	781	0.00
104	333	0.01
368	1001	0
385	1001	0
693	1001	0
45	274	0.01
199	1001	0
554	1001	0
208	437	0.01
400	1001	0
495	746	0.00
992	1001	0
634	885	0.00
6	235	0.01
655	906	0.00
608	859	0.00
869	1001	0
215	444	0.01
214	1001	0
441	1001	0
551	802	0.00
740	1001	0
457	471	0.00
463	625	0.00
255	1001	0
463	624	0.00
978	998	0.00
28	1001	0
223	452	0.01
670	921	0.00
151	1001	0
504	1001	0
917	1001	0
196	425	0.01
0	167	0
0	166	0
0	169	0
504	755	0.00
0	168	0
804	1001	0
303	1001	0
0	161	0
618	1001	0
0	160	0
0	163	0
522	773	0.00
0	162	0
318	1001	0
0	165	0
662	913	0.00
0	164	0
450	1001	0
602	1001	0
264	1001	0
819	1001	0
117	1001	0
483	1001	0
36	265	0.01
0	156	0
111	340	0.01
0	155	0
0	158	0
0	157	0
0	159	0
297	1001	0
352	1001	0
416	1001	0
0	150	0
0	152	0
0	151	0
166	1001	0
0	154	0
205	1001	0
0	153	0
465	650	0.00
923	990	0.00
706	1001	0
370	1001	0
562	1001	0
499	1001	0
0	189	0
0	188	0
975	1001	0
861	1001	0
184	1001	0
62	1001	0
465	645	0.00
0	181	0
465	644	0.00
0	180	0
376	1001	0
465	647	0.00
0	183	0
167	396	0.01
465	646	0.00
0	182	0
465	649	0.00
0	185	0
465	648	0.00
0	184	0
0	187	0
0	186	0
572	1001	0
53	282	0.01
789	1001	0
386	1001	0
0	178	0
0	177	0
0	179	0
940	991	0.00
179	408	0.01
685	1001	0
76	305	0.01
660	1001	0
0	170	0
877	1001	0
0	172	0
0	171	0
908	1001	0
0	174	0
871	1001	0
0	173	0
474	1001	0
0	176	0
0	175	0
312	1001	0
157	1001	0
488	739	0.00
473	1001	0
60	289	0.01
343	1001	0
619	870	0.00
287	1001	0
456	1001	0
126	1001	0
642	1001	0
465	641	0.00
81	310	0.01
102	331	0.01
608	1001	0
465	640	0.00
827	1001	0
465	643	0.00
465	642	0.00
47	276	0.01
27	256	0.01
109	1001	0
360	1001	0
588	839	0.00
174	1001	0
465	639	0.00
632	883	0.00
837	1001	0
217	446	0.01
493	744	0.00
623	874	0.00
907	1001	0
998	1001	0
353	1001	0
976	997	0.00
378	1001	0
4	1001	0
652	1001	0
532	783	0.00
167	1001	0
19	248	0.01
116	1001	0
302	1001	0
4	233	0.01
466	1001	0
130	359	0.01
664	915	0.00
948	1001	0
451	1001	0
149	1001	0
204	1001	0
265	1001	0
320	1001	0
481	1001	0
672	923	0.00
749	1001	0
74	303	0.01
564	1001	0
188	417	0.01
134	1001	0
750	1001	0
718	969	0.00
295	1001	0
225	454	0.01
467	671	0.00
467	670	0.00
467	669	0.00
467	668	0.00
467	665	0.00
467	664	0.00
467	667	0.00
467	666	0.00
232	1001	0
502	753	0.00
524	775	0.00
393	1001	0
169	398	0.01
55	284	0.01
423	1001	0
467	663	0.00
467	662	0.00
692	1001	0
345	1001	0
968	1001	0
915	1001	0
531	1001	0
729	1001	0
237	1001	0
433	1001	0
780	1001	0
159	1001	0
594	1001	0
222	1001	0
194	423	0.01
124	1001	0
335	1001	0
247	1001	0
310	1001	0
521	1001	0
426	1001	0
0	516	0
0	515	0
0	999	0
0	518	0
612	1001	0
49	278	0.01
0	517	0
0	519	0
409	1001	0
683	934	0.00
1000	1001	0
0	521	0
0	520	0
459	516	0.00
18	1001	0
0	523	0
177	406	0.01
459	515	0.00
0	522	0
459	518	0.00
511	1001	0
0	525	0
459	517	0.00
0	524	0
459	512	0.00
459	511	0.00
459	514	0.00
459	513	0.00
651	902	0.00
710	961	0.00
459	510	0.00
544	1001	0
100	329	0.01
330	1001	0
35	1001	0
139	1001	0
111	1001	0
0	505	0
0	989	0
25	254	0.01
325	1001	0
0	504	0
730	1001	0
0	988	0
0	507	0
0	506	0
0	509	0
0	508	0
0	992	0
0	991	0
0	510	0
0	994	0
0	993	0
0	512	0
0	996	0
0	511	0
985	1001	0
0	995	0
0	514	0
0	998	0
144	1001	0
0	513	0
0	997	0
358	1001	0
0	990	0
115	344	0.01
831	1001	0
482	733	0.00
541	792	0.00
621	872	0.00
207	1001	0
10	239	0.01
262	1001	0
0	538	0
0	537	0
0	539	0
34	263	0.01
662	1001	0
459	1001	0
0	541	0
725	976	0.00
0	540	0
0	543	0
0	542	0
219	448	0.01
0	545	0
0	544	0
0	547	0
0	546	0
666	917	0.00
645	1001	0
476	1001	0
204	433	0.01
161	1001	0
308	1001	0
0	527	0
0	526	0
935	1001	0
0	529	0
88	1001	0
0	528	0
85	1001	0
459	509	0.00
0	530	0
746	1001	0
459	508	0.00
0	532	0
701	952	0.00
0	531	0
459	505	0.00
0	534	0
459	504	0.00
0	533	0
459	507	0.00
0	536	0
459	506	0.00
562	813	0.00
0	535	0
459	501	0.00
517	768	0.00
847	1001	0
459	500	0.00
932	1001	0
459	503	0.00
459	502	0.00
779	1001	0
834	1001	0
282	1001	0
665	1001	0
648	1001	0
0	956	0
0	955	0
9	1001	0
851	1001	0
881	1001	0
0	958	0
0	957	0
965	1001	0
0	959	0
0	961	0
0	960	0
0	963	0
141	370	0.01
0	962	0
0	965	0
0	964	0
638	889	0.00
526	777	0.00
479	1001	0
695	1001	0
350	1001	0
897	1001	0
38	1001	0
0	945	0
0	944	0
0	947	0
0	946	0
0	949	0
0	948	0
497	748	0.00
72	1001	0
577	1001	0
632	1001	0
0	950	0
604	855	0.00
0	952	0
0	951	0
0	954	0
0	953	0
72	301	0.01
763	1001	0
8	237	0.01
657	908	0.00
716	967	0.00
0	978	0
0	977	0
814	1001	0
0	979	0
192	421	0.01
338	1001	0
446	1001	0
799	1001	0
131	1001	0
514	1001	0
0	981	0
0	980	0
68	1001	0
867	1001	0
0	983	0
0	982	0
0	501	0
0	985	0
0	500	0
0	984	0
0	503	0
0	987	0
0	502	0
0	986	0
700	1001	0
156	385	0.01
511	762	0.00
716	1001	0
500	751	0.00
710	1001	0
64	293	0.01
597	1001	0
0	967	0
380	1001	0
0	966	0
0	969	0
0	968	0
783	1001	0
579	830	0.00
0	970	0
628	1001	0
0	972	0
194	1001	0
0	971	0
0	974	0
87	316	0.01
524	1001	0
0	973	0
0	976	0
0	975	0
902	1001	0
52	1001	0
175	404	0.01
681	932	0.00
0	119	0
557	1001	0
515	766	0.00
0	123	0
191	1001	0
0	122	0
0	125	0
0	124	0
912	1001	0
0	127	0
972	1001	0
85	314	0.01
0	126	0
0	129	0
0	128	0
811	1001	0
65	1001	0
726	1001	0
887	1001	0
0	121	0
0	120	0
668	919	0.00
489	1001	0
0	109	0
328	1001	0
0	108	0
675	1001	0
141	1001	0
32	1001	0
0	112	0
0	596	0
0	111	0
0	595	0
0	114	0
0	598	0
0	113	0
0	597	0
0	116	0
0	115	0
0	599	0
0	118	0
0	117	0
727	978	0.00
0	590	0
0	592	0
0	591	0
0	110	0
0	594	0
0	593	0
23	252	0.01
98	1001	0
668	1001	0
406	1001	0
854	1001	0
0	145	0
0	144	0
0	147	0
922	1001	0
0	146	0
753	1001	0
0	149	0
507	1001	0
484	735	0.00
0	148	0
113	342	0.01
0	141	0
15	1001	0
0	140	0
0	143	0
0	142	0
740	981	0.00
543	794	0.00
844	1001	0
567	1001	0
0	134	0
0	133	0
0	136	0
743	1001	0
0	135	0
0	138	0
0	137	0
22	1001	0
0	139	0
206	435	0.01
653	904	0.00
712	963	0.00
0	130	0
0	132	0
658	1001	0
0	131	0
549	800	0.00
703	1001	0
0	559	0
796	1001	0
449	1001	0
499	750	0.00
38	267	0.01
590	841	0.00
0	563	0
12	1001	0
0	562	0
0	565	0
0	564	0
0	567	0
0	566	0
221	450	0.01
181	1001	0
0	569	0
0	568	0
864	1001	0
606	857	0.00
0	561	0
0	560	0
894	1001	0
547	1001	0
419	1001	0
952	1001	0
560	811	0.00
0	549	0
0	548	0
678	1001	0
733	1001	0
0	552	0
517	1001	0
0	551	0
636	887	0.00
0	554	0
635	1001	0
0	553	0
0	556	0
51	280	0.01
143	372	0.01
0	555	0
75	1001	0
0	558	0
0	557	0
577	828	0.00
0	550	0
766	1001	0
821	1001	0
982	1001	0
605	1001	0
429	1001	0
158	387	0.01
776	1001	0
45	1001	0
698	949	0.00
723	1001	0
884	1001	0
66	295	0.01
962	1001	0
0	101	0
0	585	0
0	100	0
0	584	0
0	103	0
0	587	0
0	102	0
0	586	0
698	1001	0
0	105	0
0	589	0
0	104	0
0	588	0
0	107	0
0	106	0
615	1001	0
537	1001	0
0	581	0
0	580	0
0	583	0
0	582	0
527	1001	0
625	1001	0
786	1001	0
0	574	0
801	1001	0
0	573	0
0	576	0
688	1001	0
0	575	0
0	578	0
0	577	0
729	980	0.00
0	579	0
55	1001	0
439	1001	0
0	570	0
0	572	0
713	1001	0
874	1001	0
0	571	0
