931	1001	0
134	964	0.06
93	923	0.06
930	997	0.06
42	432	0.06
91	379	0.06
137	967	0.06
641	1001	0
100	640	0.06
27	806	0.06
985	1001	0
943	1001	0
21	851	0.06
646	1001	0
100	633	0.06
133	695	0.06
133	696	0.06
96	391	0.06
223	829	0.00
133	694	0.06
133	699	0.06
133	697	0.06
728	1001	0
133	698	0.06
26	751	0.06
436	829	0.00
127	305	0.06
133	690	0.06
75	815	0.06
157	1001	0
129	821	0.06
169	1001	0
743	1001	0
376	829	0.00
684	829	0.00
678	1001	0
115	1001	0
633	1001	0
413	829	0.00
317	829	0.00
575	829	0.00
402	1001	0
308	1001	0
378	1001	0
539	829	0.00
700	1001	0
442	1001	0
410	1001	0
123	953	0.06
47	788	0.06
324	1001	0
328	1001	0
194	1001	0
929	1001	0
144	336	0.06
111	674	0.06
468	1001	0
95	729	0.06
32	312	0.06
26	722	0.06
27	857	0.06
133	1001	0
177	1001	0
858	1001	0
518	1001	0
32	307	0.06
32	306	0.06
667	1001	0
255	829	0.00
813	829	0.00
581	829	0.00
528	829	0.00
60	1001	0
124	366	0.06
708	829	0.00
776	829	0.00
149	367	0.06
111	654	0.06
464	1001	0
536	829	0.00
152	1001	0
1	1001	0
84	914	0.06
109	263	0.06
127	360	0.06
165	356	0.06
36	183	0.06
109	298	0.06
28	278	0.06
576	1001	0
106	179	0.06
118	388	0.06
705	829	0.00
450	829	0.00
373	1001	0
221	1001	0
866	997	0.06
110	940	0.06
52	226	0.06
586	829	0.00
152	778	0.06
36	176	0.06
152	779	0.06
643	829	0.00
280	1001	0
116	528	0.06
144	665	0.06
250	1001	0
88	1001	0
152	780	0.06
59	457	0.06
42	493	0.06
501	829	0.00
334	829	0.00
28	296	0.06
28	297	0.06
28	298	0.06
28	299	0.06
145	752	0.06
866	1001	0
145	751	0.06
145	754	0.06
145	753	0.06
28	295	0.06
116	539	0.06
174	829	0.00
149	332	0.06
57	1001	0
980	997	0.06
343	829	0.00
42	489	0.06
515	1001	0
974	997	0.06
916	1001	0
793	1001	0
261	1001	0
832	1001	0
13	602	0.06
15	560	0.06
116	543	0.06
937	997	0.06
975	997	0.06
971	1001	0
483	829	0.00
623	1001	0
37	711	0.06
569	829	0.00
146	389	0.06
99	346	0.06
734	829	0.00
499	829	0.00
19	1001	0
149	318	0.06
531	1001	0
86	1001	0
423	829	0.00
826	1001	0
295	1001	0
47	718	0.06
434	829	0.00
227	1001	0
487	1001	0
78	1001	0
98	928	0.06
833	1001	0
48	456	0.06
818	1001	0
59	418	0.06
59	419	0.06
495	1001	0
611	829	0.00
853	997	0.06
128	708	0.06
639	829	0.00
570	829	0.00
790	829	0.00
469	1001	0
465	829	0.00
6	194	0.06
112	823	0.06
6	193	0.06
6	196	0.06
6	195	0.06
184	829	0.00
6	192	0.06
6	191	0.06
21	1001	0
143	436	0.06
956	997	0.06
451	1001	0
59	420	0.06
145	721	0.06
625	1001	0
620	1001	0
72	491	0.06
414	829	0.00
139	467	0.06
154	541	0.06
719	1001	0
831	997	0.06
139	474	0.06
922	997	0.06
188	1001	0
642	1001	0
222	1001	0
70	638	0.06
31	1001	0
106	205	0.06
400	1001	0
74	647	0.06
507	829	0.00
785	829	0.00
405	829	0.00
685	1001	0
448	1001	0
136	522	0.06
72	472	0.06
72	471	0.06
71	170	0.06
72	470	0.06
72	469	0.06
72	468	0.06
334	1001	0
76	906	0.06
0	503	0
0	502	0
90	920	0.06
751	829	0.00
0	501	0
0	500	0
139	477	0.06
594	1001	0
947	997	0.06
45	608	0.06
85	459	0.06
348	1001	0
57	799	0.06
5	835	0.06
131	800	0.06
64	423	0.06
775	1001	0
628	829	0.00
0	510	0
0	511	0
0	512	0
408	1001	0
0	513	0
77	753	0.06
0	514	0
0	505	0
0	504	0
520	829	0.00
0	507	0
0	506	0
0	509	0
0	508	0
119	645	0.06
119	646	0.06
119	647	0.06
119	648	0.06
119	649	0.06
164	823	0.06
4	834	0.06
64	437	0.06
64	436	0.06
295	829	0.00
64	439	0.06
538	1001	0
64	438	0.06
222	829	0.00
64	435	0.06
779	1001	0
5	824	0.06
64	434	0.06
0	520	0
0	521	0
77	761	0.06
0	524	0
850	1001	0
0	525	0
25	652	0.06
0	522	0
122	952	0.06
244	1001	0
0	523	0
615	829	0.00
89	246	0.06
3	516	0.06
0	518	0
256	1001	0
915	1001	0
0	517	0
187	1001	0
0	516	0
0	515	0
868	1001	0
683	829	0.00
186	1001	0
0	519	0
62	892	0.06
120	193	0.06
147	1001	0
379	1001	0
126	956	0.06
0	533	0
0	534	0
0	535	0
0	536	0
0	530	0
0	531	0
0	532	0
353	829	0.00
0	527	0
0	526	0
140	463	0.06
0	529	0
0	528	0
939	1001	0
261	829	0.00
0	546	0
0	547	0
0	544	0
0	545	0
554	1001	0
0	542	0
0	543	0
0	540	0
65	895	0.06
118	294	0.06
142	972	0.06
0	541	0
163	1001	0
575	1001	0
0	539	0
182	1001	0
0	538	0
0	537	0
601	829	0.00
333	1001	0
71	901	0.06
315	829	0.00
140	449	0.06
165	454	0.06
148	270	0.06
91	421	0.06
327	1001	0
945	1001	0
0	548	0
0	549	0
664	1001	0
0	554	0
0	553	0
0	552	0
0	551	0
0	558	0
0	557	0
0	556	0
0	555	0
780	1001	0
460	829	0.00
827	1001	0
0	550	0
564	829	0.00
36	866	0.06
30	225	0.06
111	613	0.06
111	614	0.06
22	451	0.06
87	917	0.06
0	559	0
362	1001	0
237	1001	0
0	563	0
0	562	0
0	565	0
0	564	0
0	567	0
81	710	0.06
0	566	0
0	569	0
385	1001	0
0	568	0
712	829	0.00
864	1001	0
0	561	0
0	560	0
737	829	0.00
559	1001	0
10	261	0.06
207	1001	0
120	189	0.06
67	358	0.06
34	618	0.06
41	871	0.06
68	776	0.06
236	1001	0
908	1001	0
0	579	0
0	578	0
476	829	0.00
0	577	0
0	576	0
668	829	0.00
0	575	0
983	1001	0
0	574	0
0	573	0
0	572	0
0	571	0
0	570	0
812	829	0.00
969	1001	0
390	829	0.00
947	1001	0
352	829	0.00
139	1001	0
157	987	0.06
549	1001	0
34	628	0.06
0	589	0
105	595	0.06
0	588	0
105	594	0.06
710	1001	0
0	585	0
0	584	0
0	587	0
0	586	0
193	1001	0
0	581	0
0	580	0
0	583	0
0	582	0
164	828	0.06
740	829	0.00
714	829	0.00
22	481	0.06
275	829	0.00
648	1001	0
0	590	0
0	593	0
0	594	0
0	591	0
920	997	0.06
0	592	0
0	597	0
0	598	0
0	595	0
417	1001	0
0	596	0
0	599	0
964	1001	0
913	997	0.06
8	208	0.06
8	207	0.06
192	829	0.00
24	280	0.06
63	309	0.06
24	282	0.06
358	829	0.00
24	281	0.06
24	284	0.06
578	829	0.00
24	283	0.06
8	200	0.06
454	829	0.00
24	286	0.06
24	285	0.06
447	1001	0
8	202	0.06
8	201	0.06
8	204	0.06
8	203	0.06
8	206	0.06
8	205	0.06
82	808	0.06
117	947	0.06
155	1001	0
23	545	0.06
574	1001	0
294	1001	0
783	1001	0
121	820	0.06
206	829	0.00
24	279	0.06
519	1001	0
24	278	0.06
103	744	0.06
493	829	0.00
63	321	0.06
845	1001	0
70	662	0.06
160	796	0.06
130	687	0.06
130	686	0.06
101	736	0.06
686	829	0.00
879	997	0.06
24	268	0.06
914	997	0.06
391	1001	0
761	829	0.00
291	829	0.00
851	1001	0
590	829	0.00
725	1001	0
155	725	0.06
701	1001	0
967	997	0.06
133	569	0.06
89	919	0.06
22	271	0.06
22	273	0.06
73	415	0.06
54	884	0.06
22	272	0.06
42	532	0.06
29	300	0.06
29	302	0.06
29	301	0.06
29	303	0.06
155	985	0.06
332	829	0.00
830	898	0.00
8	199	0.06
830	897	0.00
181	829	0.00
133	563	0.06
830	896	0.00
830	895	0.00
219	1001	0
221	829	0.00
898	997	0.06
830	899	0.00
717	829	0.00
34	1001	0
105	757	0.06
657	829	0.00
129	959	0.06
695	1001	0
75	705	0.06
50	880	0.06
127	443	0.06
830	889	0.00
830	888	0.00
103	933	0.06
108	606	0.06
108	605	0.06
830	885	0.00
108	604	0.06
830	884	0.00
108	603	0.06
830	887	0.00
108	602	0.06
788	829	0.00
830	886	0.00
830	891	0.00
830	892	0.00
830	893	0.00
585	1001	0
830	894	0.00
133	548	0.06
361	829	0.00
830	890	0.00
727	1001	0
121	706	0.06
61	426	0.06
40	870	0.06
823	1001	0
61	425	0.06
894	1001	0
61	424	0.06
94	341	0.06
424	829	0.00
830	879	0.00
33	296	0.06
830	878	0.00
50	1001	0
830	877	0.00
61	423	0.06
830	876	0.00
680	829	0.00
61	422	0.06
830	875	0.00
830	874	0.00
660	829	0.00
830	873	0.00
830	882	0.00
97	559	0.06
830	883	0.00
491	1001	0
97	558	0.06
830	880	0.00
47	877	0.06
830	881	0.00
121	715	0.06
830	862	0.00
830	863	0.00
830	864	0.00
830	865	0.00
830	866	0.00
830	867	0.00
830	868	0.00
830	869	0.00
114	473	0.06
375	829	0.00
150	980	0.06
42	571	0.06
6	244	0.06
267	1001	0
830	870	0.00
830	872	0.00
239	829	0.00
830	871	0.00
830	853	0.00
830	854	0.00
830	851	0.00
830	852	0.00
830	857	0.00
830	858	0.00
830	855	0.00
155	766	0.06
830	856	0.00
830	859	0.00
578	1001	0
356	1001	0
773	829	0.00
161	376	0.06
128	681	0.06
128	680	0.06
128	683	0.06
128	682	0.06
830	861	0.00
830	860	0.00
922	1001	0
830	844	0.00
830	845	0.00
830	846	0.00
830	847	0.00
830	840	0.00
830	841	0.00
694	829	0.00
830	842	0.00
638	1001	0
830	843	0.00
155	791	0.06
16	733	0.06
155	790	0.06
492	829	0.00
830	848	0.00
830	849	0.00
26	856	0.06
830	850	0.00
239	1001	0
155	789	0.06
830	835	0.00
113	943	0.06
105	782	0.06
830	836	0.00
51	384	0.06
148	978	0.06
830	833	0.00
155	788	0.06
51	385	0.06
830	834	0.00
51	386	0.06
830	831	0.00
51	387	0.06
830	832	0.00
756	1001	0
51	388	0.06
51	389	0.06
830	839	0.00
195	829	0.00
830	837	0.00
830	838	0.00
40	191	0.06
293	1001	0
160	620	0.06
36	252	0.06
159	1001	0
931	997	0.06
377	1001	0
233	1001	0
199	829	0.00
771	1001	0
605	1001	0
957	997	0.06
558	829	0.00
292	1001	0
86	916	0.06
37	867	0.06
964	997	0.06
17	847	0.06
130	1001	0
994	1001	0
110	264	0.06
423	1001	0
43	1001	0
704	1001	0
634	1001	0
266	829	0.00
835	1001	0
733	829	0.00
149	484	0.06
730	1001	0
615	1001	0
800	829	0.00
573	829	0.00
59	325	0.06
118	254	0.06
48	307	0.06
30	860	0.06
180	1001	0
903	1001	0
313	1001	0
968	1001	0
522	829	0.00
144	540	0.06
887	997	0.06
52	333	0.06
110	240	0.06
382	829	0.00
824	829	0.00
698	829	0.00
780	829	0.00
345	1001	0
166	601	0.06
380	1001	0
839	997	0.06
477	1001	0
143	323	0.06
743	829	0.00
233	829	0.00
178	1001	0
159	809	0.06
76	1001	0
159	808	0.06
159	807	0.06
159	806	0.06
159	805	0.06
936	997	0.06
228	1001	0
141	971	0.06
791	829	0.00
509	829	0.00
52	391	0.06
686	1001	0
52	390	0.06
153	983	0.06
625	829	0.00
110	212	0.06
366	1001	0
754	829	0.00
47	1001	0
700	829	0.00
28	1001	0
778	1001	0
980	1001	0
309	829	0.00
206	1001	0
507	1001	0
503	829	0.00
132	256	0.06
621	1001	0
52	392	0.06
837	997	0.06
35	607	0.06
248	1001	0
11	645	0.06
116	395	0.06
3	692	0.06
20	1001	0
286	1001	0
48	370	0.06
419	1001	0
884	1001	0
1000	1001	0
48	376	0.06
48	375	0.06
48	374	0.06
19	849	0.06
48	373	0.06
48	372	0.06
48	371	0.06
319	1001	0
616	1001	0
153	1001	0
649	1001	0
296	1001	0
392	829	0.00
132	236	0.06
126	817	0.06
976	997	0.06
43	355	0.06
900	1001	0
43	356	0.06
928	1001	0
57	887	0.06
804	1001	0
149	514	0.06
568	1001	0
389	1001	0
820	1001	0
429	1001	0
238	1001	0
281	829	0.00
584	829	0.00
0	412	0
0	413	0
0	414	0
0	415	0
0	410	0
0	411	0
950	1001	0
521	1001	0
86	197	0.06
0	409	0
834	1001	0
697	829	0.00
0	406	0
0	405	0
0	408	0
0	407	0
0	425	0
0	426	0
0	423	0
0	424	0
0	421	0
0	422	0
59	377	0.06
0	420	0
115	259	0.06
397	829	0.00
116	1001	0
13	591	0.06
937	1001	0
781	1001	0
907	1001	0
0	419	0
0	418	0
0	417	0
0	416	0
333	829	0.00
435	1001	0
3	626	0.06
188	829	0.00
437	829	0.00
159	787	0.06
469	829	0.00
70	714	0.06
769	1001	0
532	829	0.00
43	394	0.06
46	876	0.06
0	400	0
519	829	0.00
0	403	0
0	404	0
59	351	0.06
0	401	0
0	402	0
506	829	0.00
471	829	0.00
672	1001	0
921	1001	0
100	575	0.06
100	574	0.06
0	449	0
100	573	0.06
100	572	0.06
100	571	0.06
95	228	0.06
0	451	0
0	450	0
848	997	0.06
634	829	0.00
46	1001	0
131	1001	0
0	459	0
68	898	0.06
0	458	0
0	457	0
0	456	0
0	455	0
0	454	0
123	1001	0
0	453	0
0	452	0
78	908	0.06
14	237	0.06
714	1001	0
0	460	0
0	462	0
0	461	0
124	434	0.06
0	468	0
14	235	0.06
0	467	0
14	236	0.06
548	829	0.00
163	506	0.06
14	233	0.06
0	469	0
396	1001	0
14	234	0.06
211	829	0.00
0	464	0
14	231	0.06
0	463	0
14	232	0.06
0	466	0
0	465	0
272	829	0.00
0	429	0
0	427	0
0	428	0
652	1001	0
91	540	0.06
29	287	0.06
91	541	0.06
266	1001	0
161	311	0.06
150	1001	0
582	829	0.00
313	829	0.00
0	433	0
0	432	0
0	431	0
69	1001	0
0	430	0
0	437	0
0	436	0
85	509	0.06
789	829	0.00
883	1001	0
0	435	0
0	434	0
824	1001	0
0	438	0
85	514	0.06
0	439	0
85	510	0.06
91	539	0.06
85	511	0.06
85	512	0.06
300	1001	0
85	513	0.06
148	168	0.06
91	538	0.06
775	829	0.00
162	816	0.06
0	440	0
162	817	0.06
525	829	0.00
0	442	0
0	441	0
0	444	0
0	443	0
0	446	0
82	912	0.06
0	445	0
453	829	0.00
0	448	0
0	447	0
7	837	0.06
467	829	0.00
154	1001	0
42	603	0.06
270	1001	0
855	997	0.06
11	688	0.06
22	349	0.06
56	1001	0
225	829	0.00
759	1001	0
669	829	0.00
71	1001	0
0	498	0
0	499	0
191	1001	0
0	496	0
248	829	0.00
0	497	0
0	494	0
0	495	0
0	492	0
867	997	0.06
0	493	0
945	997	0.06
0	490	0
0	491	0
33	311	0.06
33	310	0.06
663	829	0.00
500	829	0.00
73	458	0.06
319	829	0.00
876	997	0.06
95	253	0.06
8	1001	0
732	829	0.00
884	997	0.06
14	272	0.06
61	413	0.06
131	758	0.06
195	1001	0
906	1001	0
67	452	0.06
67	451	0.06
30	370	0.06
67	454	0.06
67	453	0.06
935	1001	0
0	476	0
0	477	0
0	474	0
0	475	0
0	478	0
0	479	0
372	829	0.00
689	1001	0
298	829	0.00
0	472	0
0	473	0
0	470	0
0	471	0
757	829	0.00
16	693	0.06
33	308	0.06
33	309	0.06
701	829	0.00
631	829	0.00
73	474	0.06
846	1001	0
762	1001	0
73	473	0.06
0	485	0
814	1001	0
0	486	0
0	487	0
825	1001	0
0	488	0
0	489	0
541	829	0.00
1	168	0.06
1	167	0.06
916	997	0.06
0	480	0
92	922	0.06
0	481	0
0	482	0
0	483	0
0	484	0
830	971	0.00
830	970	0.00
512	829	0.00
11	295	0.06
69	378	0.06
495	829	0.00
830	969	0.00
908	997	0.06
506	1001	0
682	829	0.00
830	965	0.00
859	997	0.06
830	966	0.00
830	967	0.00
830	968	0.00
830	961	0.00
533	1001	0
830	962	0.00
830	963	0.00
830	964	0.00
214	1001	0
830	960	0.00
545	829	0.00
53	1001	0
923	997	0.06
97	1001	0
369	1001	0
269	1001	0
530	829	0.00
134	764	0.06
661	829	0.00
12	842	0.06
183	829	0.00
830	958	0.00
830	959	0.00
132	1001	0
40	713	0.06
830	956	0.00
137	1001	0
830	957	0.00
393	1001	0
108	938	0.06
830	954	0.00
777	829	0.00
830	955	0.00
830	952	0.00
830	953	0.00
830	950	0.00
79	258	0.06
830	951	0.00
63	893	0.06
830	991	0.00
143	1001	0
830	990	0.00
443	829	0.00
830	993	0.00
309	1001	0
830	992	0.00
351	1001	0
130	960	0.06
844	1001	0
877	997	0.06
608	829	0.00
830	983	0.00
830	984	0.00
706	1001	0
830	985	0.00
830	986	0.00
830	987	0.00
830	988	0.00
830	989	0.00
56	798	0.06
17	251	0.06
830	982	0.00
830	981	0.00
830	980	0.00
62	1001	0
151	1001	0
16	846	0.06
376	1001	0
830	974	0.00
830	975	0.00
830	972	0.00
830	973	0.00
830	978	0.00
830	979	0.00
830	976	0.00
830	977	0.00
4	1001	0
124	954	0.06
998	999	4.54
125	670	0.06
125	671	0.06
41	232	0.06
540	829	0.00
125	669	0.06
872	1001	0
696	1001	0
137	711	0.06
894	997	0.06
998	1001	0
957	1001	0
315	1001	0
137	715	0.06
137	714	0.06
31	669	0.06
137	713	0.06
140	726	0.06
137	712	0.06
137	717	0.06
137	716	0.06
986	1001	0
297	829	0.00
707	1001	0
0	398	0
0	397	0
830	996	0.00
830	995	0.00
0	399	0
830	994	0.00
0	394	0
0	393	0
368	1001	0
667	829	0.00
0	396	0
339	1001	0
808	1001	0
443	1001	0
0	395	0
0	390	0
9	839	0.06
0	392	0
742	1001	0
0	391	0
561	829	0.00
40	723	0.06
546	1001	0
597	829	0.00
569	1001	0
512	1001	0
216	829	0.00
913	1001	0
134	702	0.06
134	701	0.06
854	997	0.06
234	829	0.00
925	997	0.06
178	829	0.00
249	1001	0
237	829	0.00
143	625	0.06
457	829	0.00
409	1001	0
845	997	0.06
466	829	0.00
533	829	0.00
745	1001	0
713	1001	0
474	829	0.00
75	1001	0
96	926	0.06
489	829	0.00
862	1001	0
629	829	0.00
867	1001	0
53	227	0.06
684	1001	0
84	724	0.06
750	1001	0
596	1001	0
859	1001	0
550	829	0.00
935	997	0.06
50	345	0.06
110	1001	0
969	997	0.06
944	1001	0
498	1001	0
98	1001	0
99	570	0.06
432	1001	0
727	829	0.00
72	604	0.06
647	1001	0
612	1001	0
676	1001	0
410	829	0.00
58	330	0.06
535	1001	0
20	759	0.06
817	829	0.00
880	997	0.06
772	1001	0
55	885	0.06
388	829	0.00
816	1001	0
126	672	0.06
99	564	0.06
126	673	0.06
268	829	0.00
99	565	0.06
126	674	0.06
99	566	0.06
99	567	0.06
99	568	0.06
99	569	0.06
49	775	0.06
806	829	0.00
128	958	0.06
765	829	0.00
126	676	0.06
126	675	0.06
355	829	0.00
125	664	0.06
854	1001	0
483	1001	0
473	1001	0
403	829	0.00
437	1001	0
50	382	0.06
49	752	0.06
57	274	0.06
338	829	0.00
986	997	0.06
56	779	0.06
490	829	0.00
88	651	0.06
510	1001	0
979	1001	0
95	925	0.06
126	1001	0
758	829	0.00
796	829	0.00
50	383	0.06
517	829	0.00
57	289	0.06
527	829	0.00
613	829	0.00
243	829	0.00
650	829	0.00
788	1001	0
843	997	0.06
36	1001	0
166	772	0.06
145	975	0.06
468	829	0.00
81	497	0.06
679	829	0.00
81	495	0.06
944	997	0.06
81	496	0.06
329	829	0.00
541	1001	0
762	829	0.00
674	829	0.00
141	827	0.06
958	1001	0
154	257	0.06
321	1001	0
44	361	0.06
44	360	0.06
44	362	0.06
35	317	0.06
35	318	0.06
35	315	0.06
35	316	0.06
803	1001	0
61	1001	0
228	829	0.00
346	829	0.00
114	533	0.06
4	238	0.06
98	373	0.06
874	997	0.06
118	948	0.06
149	570	0.06
5	660	0.06
22	1001	0
942	1001	0
766	829	0.00
81	494	0.06
81	493	0.06
4	183	0.06
4	182	0.06
83	398	0.06
450	1001	0
567	829	0.00
4	186	0.06
4	185	0.06
4	184	0.06
259	1001	0
783	829	0.00
523	829	0.00
52	882	0.06
675	1001	0
357	1001	0
106	416	0.06
918	1001	0
648	829	0.00
585	829	0.00
102	684	0.06
787	829	0.00
524	829	0.00
290	1001	0
965	997	0.06
640	829	0.00
109	1001	0
978	997	0.06
190	1001	0
723	829	0.00
212	1001	0
720	1001	0
807	1001	0
981	997	0.06
282	1001	0
675	829	0.00
81	582	0.06
1	218	0.06
158	676	0.06
872	997	0.06
418	1001	0
66	896	0.06
115	387	0.06
38	404	0.06
203	1001	0
682	1001	0
0	304	0
0	305	0
0	302	0
0	303	0
76	202	0.06
557	829	0.00
0	300	0
49	1001	0
0	301	0
331	1001	0
38	411	0.06
671	1001	0
158	668	0.06
312	1001	0
807	829	0.00
467	1001	0
404	1001	0
50	301	0.06
45	875	0.06
818	829	0.00
948	1001	0
158	659	0.06
401	1001	0
148	437	0.06
138	968	0.06
335	829	0.00
420	829	0.00
622	1001	0
641	829	0.00
86	742	0.06
972	997	0.06
122	359	0.06
270	829	0.00
149	606	0.06
148	401	0.06
782	1001	0
320	1001	0
570	1001	0
930	1001	0
791	1001	0
374	829	0.00
260	829	0.00
367	1001	0
149	617	0.06
168	1001	0
744	829	0.00
657	1001	0
122	365	0.06
892	1001	0
101	931	0.06
81	536	0.06
127	1001	0
157	324	0.06
131	641	0.06
0	351	0
0	352	0
0	350	0
0	355	0
0	356	0
614	1001	0
0	353	0
0	354	0
0	359	0
104	1001	0
0	357	0
0	358	0
92	290	0.06
42	1001	0
497	1001	0
383	1001	0
719	829	0.00
516	1001	0
0	360	0
0	361	0
0	362	0
0	363	0
0	364	0
372	1001	0
0	365	0
0	366	0
0	367	0
142	223	0.06
0	368	0
0	369	0
81	512	0.06
828	829	0.00
108	567	0.06
567	1001	0
137	642	0.06
30	1001	0
0	373	0
0	374	0
971	997	0.06
36	319	0.06
0	371	0
0	372	0
0	370	0
750	829	0.00
0	379	0
0	377	0
0	378	0
0	375	0
0	376	0
287	829	0.00
0	382	0
830	909	0.00
0	383	0
0	384	0
830	907	0.00
0	385	0
830	908	0.00
830	905	0.00
830	906	0.00
0	380	0
830	903	0.00
0	381	0
246	829	0.00
830	904	0.00
337	1001	0
830	901	0.00
830	902	0.00
830	900	0.00
0	386	0
0	387	0
0	388	0
0	389	0
77	907	0.06
202	829	0.00
966	997	0.06
122	316	0.06
36	324	0.06
36	323	0.06
138	180	0.06
997	998	0.00
36	322	0.06
36	321	0.06
36	320	0.06
0	312	0
0	311	0
0	310	0
740	1001	0
0	316	0
830	911	0.00
0	315	0
830	910	0.00
0	314	0
830	913	0.00
118	1001	0
0	313	0
921	997	0.06
830	912	0.00
830	915	0.00
830	914	0.00
830	917	0.00
137	685	0.06
830	916	0.00
131	688	0.06
830	919	0.00
724	1001	0
131	689	0.06
830	918	0.00
27	531	0.06
13	174	0.06
31	701	0.06
911	997	0.06
899	1001	0
137	675	0.06
0	308	0
83	353	0.06
0	309	0
0	306	0
0	307	0
288	829	0.00
0	321	0
830	920	0.00
0	320	0
131	690	0.06
0	323	0
0	322	0
0	325	0
830	924	0.00
0	324	0
830	923	0.00
208	1001	0
0	327	0
131	691	0.06
830	922	0.00
0	326	0
830	921	0.00
830	928	0.00
748	829	0.00
830	927	0.00
830	926	0.00
830	925	0.00
13	182	0.06
830	929	0.00
95	556	0.06
104	247	0.06
95	555	0.06
445	829	0.00
74	475	0.06
74	476	0.06
23	773	0.06
0	317	0
25	855	0.06
95	552	0.06
74	477	0.06
0	318	0
0	319	0
95	554	0.06
95	553	0.06
306	1001	0
85	632	0.06
871	997	0.06
0	338	0
830	933	0.00
0	337	0
830	932	0.00
0	336	0
830	935	0.00
0	335	0
830	934	0.00
38	1001	0
640	1001	0
0	334	0
0	333	0
724	829	0.00
0	332	0
78	482	0.06
830	931	0.00
0	331	0
344	829	0.00
830	930	0.00
0	330	0
78	485	0.06
78	486	0.06
78	487	0.06
70	461	0.06
78	488	0.06
830	937	0.00
830	936	0.00
16	768	0.06
830	939	0.00
902	997	0.06
830	938	0.00
386	829	0.00
97	293	0.06
536	1001	0
449	1001	0
0	328	0
0	329	0
534	1001	0
0	347	0
830	946	0.00
0	346	0
365	829	0.00
830	945	0.00
0	349	0
830	944	0.00
216	1001	0
0	348	0
830	943	0.00
0	343	0
34	864	0.06
830	942	0.00
0	342	0
830	941	0.00
0	345	0
830	940	0.00
0	344	0
0	341	0
16	755	0.06
0	340	0
451	829	0.00
830	949	0.00
830	948	0.00
830	947	0.00
165	683	0.06
953	1001	0
933	1001	0
699	829	0.00
115	342	0.06
604	829	0.00
548	1001	0
70	463	0.06
70	462	0.06
318	1001	0
811	1001	0
0	339	0
597	1001	0
151	981	0.06
69	478	0.06
10	217	0.06
310	829	0.00
10	215	0.06
10	216	0.06
10	214	0.06
499	1001	0
155	530	0.06
229	829	0.00
557	1001	0
232	1001	0
209	1001	0
881	1001	0
528	1001	0
542	1001	0
991	997	0.06
75	905	0.06
153	361	0.06
674	1001	0
620	829	0.00
47	655	0.06
59	813	0.06
760	1001	0
645	1001	0
566	829	0.00
48	1001	0
78	280	0.06
53	394	0.06
53	393	0.06
419	829	0.00
983	997	0.06
763	829	0.00
109	939	0.06
53	395	0.06
653	1001	0
23	853	0.06
476	1001	0
7	1001	0
607	829	0.00
42	350	0.06
42	352	0.06
42	351	0.06
42	354	0.06
42	353	0.06
311	829	0.00
108	803	0.06
404	829	0.00
3	1001	0
741	1001	0
63	1001	0
42	349	0.06
607	1001	0
41	382	0.06
48	503	0.06
67	177	0.06
759	829	0.00
631	1001	0
125	1001	0
868	997	0.06
286	829	0.00
146	976	0.06
989	997	0.06
326	829	0.00
703	1001	0
852	997	0.06
105	505	0.06
365	1001	0
262	1001	0
211	1001	0
771	829	0.00
332	1001	0
636	829	0.00
504	1001	0
0	11	0
0	10	0
0	13	0
100	735	0.06
0	12	0
0	15	0
0	14	0
0	17	0
0	16	0
604	1001	0
335	1001	0
41	329	0.06
341	1001	0
79	909	0.06
0	291	0
0	290	0
0	293	0
284	829	0.00
127	677	0.06
0	292	0
0	295	0
124	284	0.06
127	678	0.06
127	679	0.06
0	294	0
0	297	0
0	296	0
0	299	0
0	298	0
82	728	0.06
55	719	0.06
735	829	0.00
30	187	0.06
0	29	0
377	829	0.00
243	1001	0
168	829	0.00
0	286	0
0	285	0
0	31	0
0	284	0
284	1001	0
0	30	0
0	283	0
0	282	0
0	281	0
121	951	0.06
0	280	0
0	37	0
950	997	0.06
0	36	0
0	39	0
0	38	0
0	33	0
39	1001	0
0	32	0
0	289	0
314	1001	0
0	35	0
0	288	0
0	34	0
0	287	0
226	1001	0
0	18	0
100	750	0.06
0	19	0
41	346	0.06
41	345	0.06
41	348	0.06
41	347	0.06
224	1001	0
924	997	0.06
0	20	0
0	273	0
0	272	0
713	829	0.00
0	275	0
627	829	0.00
0	274	0
0	271	0
0	270	0
906	997	0.06
0	28	0
0	27	0
0	26	0
0	25	0
0	24	0
0	277	0
0	23	0
0	276	0
189	829	0.00
0	22	0
0	279	0
789	1001	0
0	21	0
0	278	0
88	501	0.06
505	829	0.00
808	829	0.00
114	623	0.06
564	1001	0
114	624	0.06
114	621	0.06
19	259	0.06
65	490	0.06
116	616	0.06
865	997	0.06
114	622	0.06
19	258	0.06
65	495	0.06
114	625	0.06
144	750	0.06
144	749	0.06
658	1001	0
144	746	0.06
200	829	0.00
235	829	0.00
144	747	0.06
888	1001	0
144	748	0.06
179	829	0.00
793	829	0.00
35	1001	0
166	828	0.06
166	827	0.06
166	826	0.06
144	765	0.06
117	1001	0
712	1001	0
693	1001	0
157	409	0.06
119	949	0.06
19	260	0.06
112	942	0.06
94	924	0.06
114	605	0.06
141	729	0.06
141	728	0.06
37	1001	0
141	727	0.06
141	731	0.06
141	732	0.06
863	1001	0
461	1001	0
141	730	0.06
157	417	0.06
59	889	0.06
21	538	0.06
587	1001	0
691	1001	0
991	1001	0
98	273	0.06
941	997	0.06
584	1001	0
756	829	0.00
278	1001	0
668	1001	0
893	1001	0
9	1001	0
56	886	0.06
150	786	0.06
715	1001	0
350	1001	0
749	829	0.00
212	829	0.00
749	1001	0
643	1001	0
118	819	0.06
267	829	0.00
532	1001	0
592	829	0.00
65	441	0.06
65	440	0.06
94	167	0.06
65	443	0.06
65	442	0.06
65	445	0.06
65	444	0.06
112	265	0.06
65	446	0.06
965	1001	0
619	829	0.00
825	829	0.00
764	1001	0
650	1001	0
422	829	0.00
116	636	0.06
265	1001	0
296	829	0.00
116	634	0.06
116	635	0.06
107	937	0.06
116	632	0.06
20	850	0.06
116	633	0.06
882	1001	0
116	631	0.06
150	769	0.06
150	768	0.06
691	829	0.00
721	1001	0
413	1001	0
150	767	0.06
274	1001	0
568	829	0.00
49	879	0.06
6	836	0.06
154	381	0.06
88	532	0.06
697	1001	0
88	531	0.06
128	812	0.06
89	211	0.06
112	248	0.06
155	586	0.06
194	829	0.00
88	533	0.06
433	829	0.00
821	829	0.00
150	772	0.06
428	829	0.00
28	858	0.06
150	771	0.06
150	770	0.06
31	801	0.06
651	1001	0
300	829	0.00
438	829	0.00
972	1001	0
949	997	0.06
917	1001	0
439	1001	0
484	829	0.00
13	230	0.06
102	527	0.06
462	1001	0
860	997	0.06
470	1001	0
899	997	0.06
152	982	0.06
614	829	0.00
341	829	0.00
888	997	0.06
199	1001	0
138	222	0.06
106	554	0.06
721	829	0.00
13	1001	0
215	1001	0
369	829	0.00
993	997	0.06
400	829	0.00
765	1001	0
670	829	0.00
117	642	0.06
117	640	0.06
828	1001	0
117	641	0.06
39	869	0.06
44	357	0.06
44	358	0.06
955	1001	0
44	359	0.06
1	308	0.06
25	760	0.06
138	249	0.06
486	1001	0
117	634	0.06
349	829	0.00
645	829	0.00
141	699	0.06
833	997	0.06
117	637	0.06
117	638	0.06
117	639	0.06
462	829	0.00
149	716	0.06
88	441	0.06
384	829	0.00
102	559	0.06
692	829	0.00
99	504	0.06
488	1001	0
847	997	0.06
772	829	0.00
516	829	0.00
257	829	0.00
141	687	0.06
247	829	0.00
955	997	0.06
844	997	0.06
181	1001	0
810	829	0.00
106	593	0.06
106	597	0.06
106	596	0.06
106	599	0.06
814	829	0.00
106	598	0.06
135	706	0.06
135	705	0.06
135	704	0.06
135	703	0.06
323	1001	0
197	829	0.00
102	585	0.06
58	417	0.06
135	708	0.06
102	586	0.06
135	707	0.06
38	329	0.06
102	583	0.06
58	415	0.06
5	1001	0
102	584	0.06
58	416	0.06
933	997	0.06
768	829	0.00
38	328	0.06
102	582	0.06
302	1001	0
562	1001	0
1	300	0.06
757	1001	0
553	1001	0
149	738	0.06
959	997	0.06
397	1001	0
117	689	0.06
141	667	0.06
447	829	0.00
398	1001	0
576	829	0.00
870	1001	0
879	1001	0
886	1001	0
70	525	0.06
432	829	0.00
13	229	0.06
86	615	0.06
498	829	0.00
307	1001	0
678	829	0.00
193	829	0.00
637	829	0.00
52	188	0.06
849	997	0.06
3	805	0.06
0	47	0
0	48	0
0	49	0
0	258	0
307	829	0.00
0	259	0
456	1001	0
0	43	0
0	256	0
0	44	0
0	257	0
0	45	0
0	254	0
0	46	0
0	255	0
115	424	0.06
0	252	0
33	557	0.06
0	40	0
0	253	0
0	41	0
0	250	0
0	42	0
0	251	0
433	1001	0
201	1001	0
938	997	0.06
588	1001	0
70	534	0.06
174	1001	0
754	1001	0
373	829	0.00
914	1001	0
22	587	0.06
0	269	0
646	829	0.00
0	58	0
0	59	0
0	56	0
0	265	0
289	1001	0
0	57	0
0	266	0
0	54	0
0	267	0
0	55	0
0	268	0
0	52	0
0	261	0
0	53	0
0	262	0
18	848	0.06
0	50	0
0	263	0
0	51	0
0	264	0
26	200	0.06
0	260	0
140	731	0.06
665	829	0.00
54	1001	0
425	829	0.00
381	1001	0
603	829	0.00
445	1001	0
0	65	0
0	234	0
0	66	0
0	235	0
0	67	0
0	232	0
100	789	0.06
0	68	0
0	233	0
80	910	0.06
0	69	0
0	238	0
0	239	0
82	702	0.06
0	236	0
0	237	0
38	332	0.06
38	330	0.06
38	331	0.06
51	549	0.06
0	60	0
0	61	0
0	230	0
104	186	0.06
51	547	0.06
0	62	0
0	231	0
0	63	0
148	1001	0
0	64	0
156	348	0.06
31	861	0.06
183	1001	0
0	229	0
587	829	0.00
325	1001	0
0	78	0
0	243	0
279	829	0.00
0	79	0
0	244	0
0	76	0
0	245	0
104	171	0.06
0	77	0
0	246	0
0	247	0
0	248	0
0	249	0
508	829	0.00
0	70	0
0	71	0
434	1001	0
416	829	0.00
0	74	0
0	75	0
0	240	0
0	72	0
0	241	0
0	73	0
0	242	0
303	1001	0
73	233	0.06
129	213	0.06
36	524	0.06
0	84	0
0	83	0
38	393	0.06
0	86	0
0	85	0
0	80	0
0	82	0
160	480	0.06
0	81	0
0	217	0
0	216	0
0	215	0
0	214	0
135	785	0.06
0	88	0
0	213	0
0	87	0
0	212	0
0	211	0
0	89	0
0	210	0
241	1001	0
148	375	0.06
0	209	0
0	207	0
11	485	0.06
0	208	0
129	229	0.06
841	997	0.06
0	97	0
0	96	0
0	95	0
0	220	0
0	94	0
729	1001	0
0	93	0
0	92	0
25	1001	0
0	91	0
137	551	0.06
0	90	0
402	829	0.00
0	226	0
0	225	0
0	228	0
0	227	0
889	1001	0
0	222	0
0	221	0
556	829	0.00
0	99	0
0	224	0
127	707	0.06
0	98	0
0	223	0
610	829	0.00
83	203	0.06
105	469	0.06
0	218	0
0	219	0
74	572	0.06
27	627	0.06
582	1001	0
997	1001	0
36	510	0.06
715	829	0.00
93	639	0.06
12	763	0.06
534	829	0.00
970	1001	0
131	568	0.06
133	700	0.06
815	1001	0
630	829	0.00
172	829	0.00
988	997	0.06
227	829	0.00
45	1001	0
502	1001	0
784	1001	0
540	1001	0
241	829	0.00
453	1001	0
626	829	0.00
0	200	0
3	833	0.06
0	202	0
0	201	0
0	204	0
0	203	0
0	206	0
0	205	0
234	1001	0
276	1001	0
74	597	0.06
220	829	0.00
513	1001	0
664	829	0.00
94	1001	0
490	1001	0
777	1001	0
160	1001	0
25	288	0.06
25	289	0.06
816	829	0.00
688	1001	0
25	287	0.06
18	1001	0
131	435	0.06
111	941	0.06
347	829	0.00
514	829	0.00
251	1001	0
542	829	0.00
973	1001	0
779	829	0.00
455	829	0.00
25	290	0.06
411	1001	0
158	717	0.06
38	712	0.06
24	637	0.06
141	1001	0
718	1001	0
166	996	0.06
936	1001	0
65	322	0.06
121	460	0.06
518	829	0.00
893	997	0.06
961	997	0.06
890	997	0.06
68	457	0.06
68	456	0.06
21	427	0.06
68	455	0.06
618	1001	0
840	1001	0
53	883	0.06
68	458	0.06
695	829	0.00
272	1001	0
68	459	0.06
131	444	0.06
626	1001	0
171	829	0.00
95	1001	0
359	829	0.00
268	1001	0
787	1001	0
711	1001	0
122	1001	0
148	691	0.06
30	704	0.06
7	355	0.06
926	1001	0
110	574	0.06
16	1001	0
122	555	0.06
609	829	0.00
280	829	0.00
167	829	0.00
840	997	0.06
589	1001	0
595	829	0.00
941	1001	0
256	829	0.00
44	1001	0
263	1001	0
51	797	0.06
18	447	0.06
152	343	0.06
559	829	0.00
698	1001	0
151	773	0.06
739	1001	0
431	1001	0
891	1001	0
84	507	0.06
0	1000	0
151	774	0.06
151	775	0.06
151	776	0.06
151	777	0.06
371	1001	0
154	984	0.06
60	553	0.06
755	1001	0
312	829	0.00
189	1001	0
821	1001	0
255	1001	0
84	508	0.06
232	829	0.00
774	829	0.00
359	1001	0
628	1001	0
170	829	0.00
76	481	0.06
64	894	0.06
129	1001	0
344	1001	0
76	482	0.06
99	1001	0
703	829	0.00
340	829	0.00
236	829	0.00
636	1001	0
161	1001	0
85	915	0.06
305	1001	0
113	618	0.06
113	619	0.06
408	829	0.00
896	1001	0
83	505	0.06
135	1001	0
83	506	0.06
83	503	0.06
83	504	0.06
580	829	0.00
600	829	0.00
113	620	0.06
298	1001	0
92	542	0.06
304	829	0.00
115	628	0.06
115	629	0.06
76	466	0.06
245	1001	0
310	1001	0
92	544	0.06
92	543	0.06
115	624	0.06
827	829	0.00
171	1001	0
115	626	0.06
115	627	0.06
116	946	0.06
115	630	0.06
33	727	0.06
629	1001	0
164	327	0.06
293	829	0.00
417	829	0.00
653	829	0.00
32	1001	0
147	977	0.06
100	1001	0
580	1001	0
133	207	0.06
531	829	0.00
27	487	0.06
624	829	0.00
744	1001	0
583	1001	0
493	1001	0
655	1001	0
240	1001	0
822	1001	0
847	1001	0
71	596	0.06
549	829	0.00
74	1001	0
42	872	0.06
79	1001	0
68	460	0.06
19	517	0.06
838	997	0.06
550	1001	0
48	878	0.06
47	304	0.06
120	635	0.06
962	1001	0
364	1001	0
44	215	0.06
74	279	0.06
277	829	0.00
736	829	0.00
429	829	0.00
102	932	0.06
766	1001	0
146	1001	0
624	1001	0
142	508	0.06
6	594	0.06
23	175	0.06
826	829	0.00
136	966	0.06
68	483	0.06
76	429	0.06
112	1001	0
911	1001	0
204	829	0.00
147	299	0.06
120	651	0.06
120	650	0.06
141	446	0.06
953	997	0.06
301	829	0.00
770	1001	0
328	829	0.00
10	840	0.06
109	610	0.06
109	607	0.06
464	829	0.00
109	608	0.06
739	829	0.00
65	1001	0
526	829	0.00
238	829	0.00
993	1001	0
322	1001	0
583	829	0.00
421	1001	0
835	997	0.06
647	829	0.00
109	609	0.06
745	829	0.00
755	829	0.00
901	1001	0
42	769	0.06
58	1001	0
104	934	0.06
752	1001	0
262	829	0.00
93	545	0.06
93	548	0.06
93	547	0.06
93	546	0.06
159	439	0.06
360	829	0.00
487	829	0.00
159	453	0.06
134	544	0.06
81	185	0.06
883	997	0.06
798	1001	0
385	829	0.00
598	1001	0
656	829	0.00
135	190	0.06
463	829	0.00
496	829	0.00
966	1001	0
810	1001	0
119	234	0.06
299	829	0.00
73	903	0.06
109	657	0.06
219	829	0.00
811	829	0.00
252	1001	0
767	1001	0
622	829	0.00
166	1001	0
258	1001	0
488	829	0.00
812	1001	0
560	829	0.00
932	997	0.06
987	997	0.06
337	829	0.00
82	499	0.06
82	498	0.06
839	1001	0
142	450	0.06
934	1001	0
47	369	0.06
4	461	0.06
249	829	0.00
726	1001	0
58	565	0.06
250	829	0.00
130	206	0.06
801	829	0.00
535	829	0.00
47	368	0.06
12	228	0.06
164	402	0.06
474	1001	0
735	1001	0
44	184	0.06
12	225	0.06
12	224	0.06
638	829	0.00
12	227	0.06
124	762	0.06
12	226	0.06
198	1001	0
0	960	0
138	720	0.06
0	961	0
138	721	0.06
420	1001	0
0	964	0
0	965	0
0	962	0
729	829	0.00
0	963	0
124	730	0.06
66	679	0.06
30	621	0.06
386	1001	0
0	958	0
871	1001	0
0	957	0
0	956	0
0	955	0
399	1001	0
649	829	0.00
22	852	0.06
0	959	0
46	366	0.06
0	950	0
79	489	0.06
46	367	0.06
0	951	0
0	952	0
46	365	0.06
658	829	0.00
0	953	0
6	1001	0
0	954	0
138	718	0.06
138	719	0.06
149	1001	0
316	1001	0
184	1001	0
426	829	0.00
482	1001	0
0	945	0
0	944	0
407	1001	0
0	947	0
470	829	0.00
0	946	0
632	1001	0
103	374	0.06
0	949	0
0	948	0
454	1001	0
0	986	0
0	987	0
0	984	0
327	829	0.00
0	985	0
0	982	0
0	983	0
0	980	0
0	981	0
265	829	0.00
146	758	0.06
416	1001	0
146	755	0.06
146	757	0.06
146	756	0.06
331	829	0.00
62	430	0.06
62	431	0.06
794	829	0.00
0	979	0
346	1001	0
0	978	0
0	977	0
0	973	0
693	829	0.00
0	974	0
538	829	0.00
0	975	0
0	976	0
17	1001	0
0	970	0
0	971	0
0	972	0
165	824	0.06
165	825	0.06
396	829	0.00
38	672	0.06
644	1001	0
244	829	0.00
651	829	0.00
107	671	0.06
62	427	0.06
62	428	0.06
62	429	0.06
0	967	0
0	966	0
946	1001	0
0	969	0
0	968	0
407	829	0.00
665	1001	0
551	829	0.00
82	407	0.06
12	271	0.06
17	499	0.06
139	969	0.06
819	1001	0
97	927	0.06
380	829	0.00
748	1001	0
0	999	0
138	1001	0
456	829	0.00
107	600	0.06
107	601	0.06
958	997	0.06
0	990	0
406	1001	0
0	992	0
0	991	0
0	994	0
0	993	0
0	996	0
8	838	0.06
0	995	0
0	998	0
427	829	0.00
0	997	0
0	988	0
294	829	0.00
0	989	0
84	578	0.06
113	1001	0
352	1001	0
137	472	0.06
905	997	0.06
79	490	0.06
79	491	0.06
138	745	0.06
130	285	0.06
94	666	0.06
589	829	0.00
857	1001	0
226	829	0.00
242	829	0.00
37	325	0.06
524	1001	0
619	1001	0
37	327	0.06
37	326	0.06
362	829	0.00
594	829	0.00
102	405	0.06
919	1001	0
123	661	0.06
77	589	0.06
123	662	0.06
123	660	0.06
855	1001	0
123	665	0.06
123	663	0.06
123	664	0.06
73	1001	0
952	1001	0
990	1001	0
563	1001	0
659	829	0.00
3	176	0.06
122	658	0.06
3	177	0.06
122	657	0.06
673	1001	0
3	174	0.06
3	175	0.06
122	659	0.06
3	178	0.06
3	179	0.06
989	1001	0
358	1001	0
654	1001	0
287	1001	0
799	1001	0
858	997	0.06
45	245	0.06
0	143	0
0	142	0
577	829	0.00
0	141	0
0	140	0
0	147	0
0	146	0
0	145	0
0	144	0
623	829	0.00
0	149	0
0	148	0
880	1001	0
666	1001	0
48	778	0.06
205	1001	0
3	180	0.06
862	997	0.06
3	181	0.06
0	130	0
0	132	0
0	131	0
125	720	0.06
709	829	0.00
205	829	0.00
963	997	0.06
94	743	0.06
0	134	0
0	133	0
0	136	0
0	135	0
122	655	0.06
0	138	0
122	656	0.06
0	137	0
481	829	0.00
0	139	0
163	993	0.06
702	1001	0
0	119	0
68	302	0.06
967	1001	0
2	1001	0
43	873	0.06
187	829	0.00
0	121	0
0	120	0
722	1001	0
9	209	0.06
240	829	0.00
0	129	0
155	347	0.06
0	128	0
0	127	0
317	1001	0
0	126	0
155	344	0.06
0	125	0
0	124	0
0	123	0
878	997	0.06
0	122	0
0	108	0
0	109	0
166	196	0.06
276	829	0.00
873	1001	0
0	110	0
301	1001	0
920	1001	0
9	211	0.06
0	116	0
9	212	0.06
0	115	0
0	118	0
133	963	0.06
9	210	0.06
0	117	0
0	112	0
127	957	0.06
122	630	0.06
0	111	0
9	213	0.06
0	114	0
48	792	0.06
0	113	0
940	1001	0
387	1001	0
0	924	0
0	925	0
0	922	0
0	923	0
0	928	0
0	929	0
939	997	0.06
0	926	0
635	1001	0
0	927	0
613	1001	0
138	583	0.06
15	242	0.06
0	102	0
15	241	0.06
33	1001	0
0	103	0
15	240	0.06
0	100	0
0	101	0
0	932	0
155	369	0.06
17	403	0.06
0	106	0
0	931	0
655	829	0.00
66	1001	0
0	107	0
0	930	0
560	1001	0
0	104	0
15	243	0.06
121	251	0.06
0	105	0
60	421	0.06
45	201	0.06
143	794	0.06
842	997	0.06
0	933	0
297	1001	0
0	934	0
0	935	0
15	238	0.06
0	936	0
15	239	0.06
0	937	0
392	1001	0
158	803	0.06
0	938	0
148	595	0.06
158	804	0.06
0	939	0
158	801	0.06
158	802	0.06
681	1001	0
167	1001	0
0	941	0
0	940	0
0	943	0
0	942	0
290	829	0.00
121	266	0.06
856	997	0.06
30	810	0.06
616	829	0.00
0	908	0
0	909	0
0	906	0
148	585	0.06
0	907	0
0	904	0
459	1001	0
0	905	0
670	1001	0
0	902	0
562	829	0.00
0	903	0
0	900	0
0	901	0
0	910	0
89	488	0.06
547	829	0.00
769	829	0.00
61	891	0.06
430	829	0.00
949	1001	0
122	681	0.06
800	1001	0
0	919	0
486	829	0.00
0	915	0
0	916	0
0	917	0
173	829	0.00
0	918	0
446	829	0.00
0	911	0
0	912	0
904	997	0.06
0	913	0
0	914	0
0	921	0
0	920	0
191	829	0.00
660	1001	0
449	829	0.00
143	783	0.06
731	829	0.00
395	829	0.00
144	974	0.06
123	590	0.06
60	465	0.06
60	462	0.06
64	1001	0
876	1001	0
460	1001	0
722	829	0.00
1	515	0.06
979	997	0.06
477	829	0.00
834	997	0.06
72	902	0.06
52	726	0.06
708	1001	0
20	564	0.06
992	1001	0
182	829	0.00
118	644	0.06
31	552	0.06
118	643	0.06
350	829	0.00
67	897	0.06
63	734	0.06
223	1001	0
113	507	0.06
963	1001	0
152	250	0.06
90	386	0.06
790	1001	0
90	383	0.06
537	1001	0
389	829	0.00
602	829	0.00
143	741	0.06
143	740	0.06
87	600	0.06
145	1001	0
143	745	0.06
143	744	0.06
143	743	0.06
509	1001	0
143	742	0.06
144	1001	0
525	1001	0
86	520	0.06
86	521	0.06
86	522	0.06
544	1001	0
86	523	0.06
143	739	0.06
91	921	0.06
612	829	0.00
593	1001	0
86	519	0.06
305	829	0.00
86	517	0.06
86	518	0.06
197	1001	0
164	1001	0
23	1001	0
527	1001	0
128	1001	0
387	829	0.00
767	829	0.00
86	516	0.06
86	515	0.06
545	1001	0
526	1001	0
687	829	0.00
100	930	0.06
795	829	0.00
9	231	0.06
142	644	0.06
943	997	0.06
600	1001	0
71	465	0.06
71	466	0.06
71	467	0.06
119	1001	0
71	464	0.06
33	863	0.06
114	1001	0
555	1001	0
61	814	0.06
23	275	0.06
23	276	0.06
129	537	0.06
23	277	0.06
42	756	0.06
156	986	0.06
120	1001	0
23	274	0.06
435	829	0.00
175	1001	0
110	611	0.06
110	612	0.06
738	829	0.00
873	997	0.06
869	997	0.06
103	442	0.06
736	1001	0
718	829	0.00
669	1001	0
558	1001	0
321	829	0.00
782	829	0.00
414	1001	0
975	1001	0
165	791	0.06
291	1001	0
702	829	0.00
481	1001	0
806	1001	0
15	1001	0
242	1001	0
87	1001	0
865	1001	0
547	1001	0
521	829	0.00
741	829	0.00
781	829	0.00
995	1001	0
87	566	0.06
565	829	0.00
457	1001	0
924	1001	0
104	825	0.06
106	1001	0
23	199	0.06
875	1001	0
603	1001	0
120	492	0.06
120	496	0.06
458	1001	0
992	997	0.06
591	1001	0
890	1001	0
140	970	0.06
801	1001	0
35	221	0.06
50	464	0.06
63	818	0.06
33	807	0.06
985	997	0.06
5	410	0.06
897	997	0.06
85	1001	0
102	1001	0
119	392	0.06
929	997	0.06
758	1001	0
586	1001	0
87	529	0.06
87	528	0.06
87	527	0.06
72	1001	0
120	479	0.06
79	315	0.06
11	218	0.06
552	1001	0
11	219	0.06
55	518	0.06
901	997	0.06
685	829	0.00
79	310	0.06
50	440	0.06
962	997	0.06
687	1001	0
87	525	0.06
390	1001	0
87	526	0.06
87	524	0.06
11	220	0.06
11	223	0.06
471	1001	0
11	222	0.06
630	1001	0
11	221	0.06
403	1001	0
41	1001	0
938	1001	0
87	530	0.06
732	1001	0
773	1001	0
78	542	0.06
8	767	0.06
455	1001	0
251	829	0.00
342	1001	0
82	500	0.06
82	501	0.06
0	865	0
82	502	0.06
18	475	0.06
0	866	0
0	863	0
0	864	0
131	286	0.06
0	861	0
225	1001	0
0	862	0
747	829	0.00
24	1001	0
0	860	0
466	1001	0
79	339	0.06
21	267	0.06
204	1001	0
529	1001	0
21	268	0.06
119	335	0.06
21	269	0.06
0	859	0
942	997	0.06
0	858	0
522	1001	0
62	558	0.06
0	857	0
0	856	0
804	829	0.00
878	1001	0
606	1001	0
676	829	0.00
229	1001	0
363	829	0.00
16	246	0.06
16	247	0.06
16	248	0.06
57	419	0.06
16	249	0.06
370	829	0.00
57	414	0.06
0	852	0
3	209	0.06
0	853	0
0	854	0
0	855	0
0	850	0
0	851	0
0	849	0
627	1001	0
996	1001	0
608	1001	0
0	846	0
822	829	0.00
348	829	0.00
0	845	0
0	848	0
0	847	0
57	412	0.06
465	1001	0
57	413	0.06
863	997	0.06
57	410	0.06
21	270	0.06
57	411	0.06
792	829	0.00
107	790	0.06
803	829	0.00
16	245	0.06
16	244	0.06
0	194	0
0	193	0
0	192	0
0	191	0
0	198	0
0	197	0
0	196	0
0	195	0
340	1001	0
0	840	0
0	199	0
0	843	0
0	844	0
0	841	0
79	352	0.06
0	842	0
681	829	0.00
0	837	0
733	1001	0
0	836	0
0	835	0
0	834	0
326	1001	0
135	965	0.06
0	839	0
900	997	0.06
0	838	0
696	829	0.00
0	190	0
16	250	0.06
874	1001	0
0	830	0
0	831	0
817	1001	0
245	829	0.00
0	832	0
175	829	0.00
0	833	0
0	824	0
0	823	0
0	826	0
0	825	0
0	828	0
0	827	0
411	829	0.00
951	1001	0
0	829	0
32	862	0.06
98	563	0.06
330	1001	0
546	829	0.00
98	562	0.06
98	561	0.06
98	560	0.06
55	1001	0
554	829	0.00
895	1001	0
0	179	0
0	177	0
0	178	0
0	175	0
543	1001	0
75	216	0.06
0	176	0
0	173	0
0	174	0
0	171	0
0	172	0
192	1001	0
0	170	0
984	1001	0
96	623	0.06
797	1001	0
605	829	0.00
910	997	0.06
644	829	0.00
0	897	0
0	896	0
981	1001	0
0	899	0
0	898	0
0	893	0
0	188	0
0	892	0
0	189	0
0	895	0
0	894	0
283	829	0.00
0	184	0
105	1001	0
0	185	0
0	891	0
0	186	0
0	890	0
0	187	0
132	693	0.06
0	180	0
132	692	0.06
0	181	0
0	182	0
0	183	0
136	1001	0
704	829	0.00
760	829	0.00
122	619	0.06
882	997	0.06
0	889	0
0	884	0
14	680	0.06
0	157	0
0	883	0
0	158	0
0	882	0
0	155	0
0	881	0
0	156	0
0	888	0
566	1001	0
0	887	0
0	886	0
89	534	0.06
0	159	0
0	885	0
37	422	0.06
66	519	0.06
0	150	0
0	880	0
0	153	0
0	154	0
0	151	0
0	152	0
66	511	0.06
292	829	0.00
973	997	0.06
137	368	0.06
0	878	0
0	879	0
960	1001	0
0	871	0
869	1001	0
0	166	0
0	870	0
984	997	0.06
0	167	0
0	873	0
0	168	0
0	872	0
323	829	0.00
123	521	0.06
0	169	0
0	875	0
0	874	0
898	1001	0
0	877	0
0	876	0
271	829	0.00
0	160	0
0	161	0
393	829	0.00
0	162	0
0	163	0
77	484	0.06
0	164	0
77	483	0.06
0	165	0
151	700	0.06
0	867	0
0	868	0
0	869	0
786	1001	0
39	629	0.06
14	677	0.06
235	1001	0
83	1001	0
746	1001	0
186	829	0.00
363	1001	0
902	1001	0
671	829	0.00
0	800	0
136	780	0.06
725	829	0.00
530	1001	0
925	1001	0
336	1001	0
0	811	0
0	810	0
0	803	0
0	804	0
0	801	0
0	802	0
116	283	0.06
0	807	0
0	808	0
80	340	0.06
0	805	0
0	806	0
0	809	0
610	1001	0
485	1001	0
621	829	0.00
60	313	0.06
591	829	0.00
0	820	0
0	822	0
0	821	0
0	812	0
54	396	0.06
0	813	0
54	397	0.06
838	1001	0
0	814	0
0	815	0
0	816	0
152	581	0.06
0	817	0
0	818	0
0	819	0
91	622	0.06
370	1001	0
54	398	0.06
689	829	0.00
108	1001	0
54	399	0.06
637	1001	0
919	997	0.06
62	292	0.06
156	1001	0
52	1001	0
60	890	0.06
24	854	0.06
556	1001	0
21	214	0.06
31	262	0.06
311	1001	0
120	950	0.06
163	636	0.06
26	1001	0
948	997	0.06
155	237	0.06
590	1001	0
798	829	0.00
230	1001	0
29	859	0.06
680	1001	0
20	264	0.06
40	342	0.06
20	263	0.06
40	343	0.06
20	266	0.06
40	344	0.06
20	265	0.06
20	262	0.06
40	340	0.06
20	261	0.06
40	341	0.06
63	433	0.06
71	326	0.06
877	1001	0
127	172	0.06
129	685	0.06
129	684	0.06
158	988	0.06
395	1001	0
63	432	0.06
40	337	0.06
40	338	0.06
988	1001	0
149	979	0.06
40	339	0.06
98	749	0.06
836	1001	0
928	997	0.06
45	363	0.06
45	364	0.06
815	829	0.00
230	829	0.00
415	829	0.00
114	944	0.06
480	829	0.00
27	1001	0
726	829	0.00
164	994	0.06
425	1001	0
472	829	0.00
78	802	0.06
14	1001	0
152	556	0.06
84	314	0.06
13	843	0.06
796	1001	0
122	777	0.06
977	1001	0
123	448	0.06
444	1001	0
31	220	0.06
7	197	0.06
247	1001	0
7	198	0.06
198	829	0.00
136	709	0.06
64	696	0.06
306	829	0.00
273	829	0.00
142	735	0.06
142	734	0.06
142	733	0.06
116	217	0.06
128	579	0.06
618	829	0.00
142	736	0.06
84	1001	0
142	737	0.06
501	1001	0
142	738	0.06
129	649	0.06
180	829	0.00
918	997	0.06
694	1001	0
595	1001	0
81	911	0.06
259	829	0.00
200	1001	0
217	829	0.00
952	997	0.06
802	829	0.00
382	1001	0
463	1001	0
601	1001	0
111	408	0.06
60	390	0.06
288	1001	0
723	1001	0
579	1001	0
737	1001	0
10	1001	0
912	997	0.06
136	710	0.06
140	242	0.06
112	658	0.06
364	829	0.00
551	1001	0
977	997	0.06
820	829	0.00
83	811	0.06
124	599	0.06
322	829	0.00
121	654	0.06
121	652	0.06
797	829	0.00
121	653	0.06
774	1001	0
677	1001	0
60	397	0.06
11	747	0.06
886	997	0.06
995	997	0.06
157	799	0.06
157	798	0.06
444	829	0.00
149	198	0.06
374	1001	0
987	1001	0
421	829	0.00
23	350	0.06
960	997	0.06
823	829	0.00
478	1001	0
497	829	0.00
104	673	0.06
401	829	0.00
632	829	0.00
100	399	0.06
147	760	0.06
147	761	0.06
147	762	0.06
27	292	0.06
27	291	0.06
448	829	0.00
571	1001	0
347	1001	0
147	759	0.06
210	1001	0
27	294	0.06
27	293	0.06
982	997	0.06
224	829	0.00
156	804	0.06
479	829	0.00
118	513	0.06
982	1001	0
81	1001	0
904	1001	0
968	997	0.06
19	748	0.06
20	219	0.06
561	1001	0
851	997	0.06
383	829	0.00
940	997	0.06
875	997	0.06
264	829	0.00
329	1001	0
118	529	0.06
885	997	0.06
11	784	0.06
149	181	0.06
112	617	0.06
112	616	0.06
112	615	0.06
954	997	0.06
147	732	0.06
154	786	0.06
154	787	0.06
203	829	0.00
145	580	0.06
154	784	0.06
277	1001	0
154	785	0.06
881	997	0.06
802	1001	0
132	962	0.06
836	997	0.06
504	829	0.00
368	829	0.00
218	1001	0
354	1001	0
213	1001	0
121	1001	0
75	520	0.06
87	653	0.06
87	656	0.06
75	526	0.06
55	405	0.06
55	406	0.06
956	1001	0
44	874	0.06
28	500	0.06
55	404	0.06
55	403	0.06
159	277	0.06
106	809	0.06
96	557	0.06
830	1001	0
439	829	0.00
157	797	0.06
394	1001	0
849	1001	0
523	1001	0
511	1001	0
134	354	0.06
366	829	0.00
761	1001	0
16	328	0.06
92	1001	0
753	829	0.00
864	997	0.06
478	829	0.00
124	1001	0
82	281	0.06
539	1001	0
472	1001	0
734	1001	0
75	550	0.06
124	575	0.06
69	739	0.06
325	829	0.00
662	1001	0
105	935	0.06
353	1001	0
96	1001	0
709	1001	0
0	795	0
0	796	0
609	1001	0
0	793	0
0	794	0
0	799	0
0	797	0
128	497	0.06
0	798	0
0	791	0
134	317	0.06
0	792	0
130	476	0.06
405	1001	0
398	829	0.00
0	790	0
143	243	0.06
912	1001	0
201	829	0.00
165	1001	0
2	832	0.06
172	1001	0
617	829	0.00
378	829	0.00
716	1001	0
302	829	0.00
892	997	0.06
128	470	0.06
14	703	0.06
214	829	0.00
510	829	0.00
69	709	0.06
659	1001	0
76	741	0.06
970	997	0.06
159	208	0.06
54	401	0.06
54	400	0.06
54	402	0.06
10	611	0.06
399	829	0.00
896	997	0.06
0	759	0
73	740	0.06
0	757	0
0	758	0
37	546	0.06
32	535	0.06
103	587	0.06
101	577	0.06
38	868	0.06
101	578	0.06
101	576	0.06
599	1001	0
515	829	0.00
588	829	0.00
837	1001	0
139	722	0.06
139	723	0.06
139	724	0.06
0	763	0
139	725	0.06
138	523	0.06
0	762	0
0	761	0
0	760	0
0	767	0
0	766	0
415	1001	0
0	765	0
0	764	0
633	829	0.00
0	746	0
0	747	0
0	748	0
101	580	0.06
0	749	0
101	581	0.06
103	573	0.06
599	829	0.00
285	1001	0
446	1001	0
572	829	0.00
49	379	0.06
11	1001	0
84	334	0.06
49	378	0.06
860	1001	0
49	377	0.06
40	396	0.06
101	579	0.06
831	1001	0
0	750	0
0	752	0
661	1001	0
0	751	0
0	754	0
0	753	0
0	756	0
70	1001	0
0	755	0
705	1001	0
15	845	0.06
805	829	0.00
514	1001	0
0	779	0
375	1001	0
0	781	0
49	381	0.06
0	780	0
482	829	0.00
49	384	0.06
45	297	0.06
848	1001	0
0	789	0
0	788	0
829	1001	0
0	787	0
0	786	0
252	829	0.00
0	785	0
0	784	0
0	783	0
0	782	0
49	380	0.06
314	829	0.00
161	814	0.06
813	1001	0
161	815	0.06
43	494	0.06
161	813	0.06
125	235	0.06
0	768	0
0	769	0
122	737	0.06
489	1001	0
10	650	0.06
169	829	0.00
103	590	0.06
716	829	0.00
0	770	0
177	829	0.00
40	371	0.06
45	288	0.06
0	776	0
0	775	0
0	778	0
179	1001	0
0	777	0
0	772	0
103	588	0.06
0	771	0
103	589	0.06
0	774	0
0	773	0
861	1001	0
0	716	0
0	715	0
0	714	0
0	713	0
0	719	0
0	718	0
0	717	0
24	486	0.06
946	997	0.06
0	722	0
917	997	0.06
0	723	0
406	829	0.00
0	720	0
0	721	0
49	320	0.06
102	239	0.06
764	829	0.00
905	1001	0
84	372	0.06
951	997	0.06
356	829	0.00
160	990	0.06
166	362	0.06
0	703	0
492	1001	0
0	702	0
166	364	0.06
0	705	0
0	704	0
0	707	0
0	706	0
0	709	0
274	829	0.00
0	708	0
480	1001	0
73	770	0.06
3	306	0.06
0	710	0
0	711	0
0	712	0
990	997	0.06
5	188	0.06
111	1001	0
897	1001	0
5	187	0.06
5	189	0.06
384	1001	0
103	1001	0
0	739	0
0	738	0
0	737	0
0	736	0
66	450	0.06
0	735	0
0	744	0
409	829	0.00
0	745	0
0	742	0
0	743	0
0	740	0
0	741	0
338	1001	0
731	1001	0
258	829	0.00
441	829	0.00
371	829	0.00
12	498	0.06
16	357	0.06
672	829	0.00
688	829	0.00
66	447	0.06
66	448	0.06
0	729	0
0	728	0
666	829	0.00
0	725	0
0	724	0
0	727	0
0	726	0
170	1001	0
0	731	0
51	1001	0
0	732	0
0	733	0
0	734	0
95	192	0.06
0	730	0
654	829	0.00
66	449	0.06
102	204	0.06
246	1001	0
80	1001	0
271	1001	0
93	178	0.06
909	1001	0
324	829	0.00
151	406	0.06
342	829	0.00
23	452	0.06
852	1001	0
0	701	0
0	700	0
59	1001	0
438	1001	0
275	1001	0
263	829	0.00
151	414	0.06
891	997	0.06
330	829	0.00
202	1001	0
663	1001	0
158	1001	0
909	997	0.06
210	829	0.00
673	829	0.00
513	829	0.00
424	1001	0
158	194	0.06
602	1001	0
440	1001	0
62	363	0.06
5	190	0.06
717	1001	0
318	829	0.00
784	829	0.00
910	1001	0
111	380	0.06
553	829	0.00
149	822	0.06
574	829	0.00
662	829	0.00
39	334	0.06
763	1001	0
39	333	0.06
151	438	0.06
39	336	0.06
101	610	0.06
39	335	0.06
412	829	0.00
690	829	0.00
151	431	0.06
418	829	0.00
496	1001	0
40	210	0.06
68	1001	0
357	829	0.00
217	1001	0
785	1001	0
596	829	0.00
776	1001	0
127	269	0.06
592	1001	0
51	881	0.06
887	1001	0
56	409	0.06
56	408	0.06
56	407	0.06
573	1001	0
22	224	0.06
39	319	0.06
505	1001	0
459	829	0.00
80	492	0.06
316	829	0.00
209	829	0.00
99	929	0.06
850	997	0.06
52	577	0.06
809	829	0.00
90	535	0.06
125	955	0.06
90	537	0.06
90	536	0.06
819	829	0.00
473	829	0.00
12	1001	0
134	1001	0
56	412	0.06
107	1001	0
494	829	0.00
43	631	0.06
149	230	0.06
254	829	0.00
53	781	0.06
218	829	0.00
738	1001	0
135	400	0.06
885	1001	0
544	829	0.00
15	826	0.06
153	783	0.06
809	1001	0
153	781	0.06
153	782	0.06
83	913	0.06
282	829	0.00
431	829	0.00
101	1001	0
88	918	0.06
64	793	0.06
208	829	0.00
67	609	0.06
747	1001	0
130	614	0.06
974	1001	0
751	1001	0
115	945	0.06
927	997	0.06
90	1001	0
484	1001	0
343	1001	0
289	829	0.00
861	997	0.06
746	829	0.00
85	303	0.06
520	1001	0
185	1001	0
843	1001	0
128	420	0.06
257	1001	0
503	1001	0
792	1001	0
430	1001	0
93	1001	0
129	771	0.06
832	997	0.06
656	1001	0
16	509	0.06
563	829	0.00
104	591	0.06
104	593	0.06
104	592	0.06
752	829	0.00
127	255	0.06
26	613	0.06
190	829	0.00
260	1001	0
11	841	0.06
511	829	0.00
996	997	0.06
903	997	0.06
231	829	0.00
379	829	0.00
162	1001	0
162	992	0.06
479	1001	0
139	584	0.06
304	1001	0
92	663	0.06
579	829	0.00
51	169	0.06
173	1001	0
598	829	0.00
565	1001	0
220	1001	0
829	830	0.00
148	795	0.06
742	829	0.00
58	888	0.06
500	1001	0
428	1001	0
159	989	0.06
89	1001	0
2	694	0.06
110	433	0.06
954	1001	0
29	1001	0
994	997	0.06
253	1001	0
336	829	0.00
185	829	0.00
159	195	0.06
45	428	0.06
114	241	0.06
31	304	0.06
31	305	0.06
143	973	0.06
571	829	0.00
82	1001	0
452	829	0.00
889	997	0.06
278	829	0.00
870	997	0.06
699	1001	0
753	1001	0
572	1001	0
74	904	0.06
1	831	0.06
999	1001	0
394	829	0.00
82	385	0.06
107	598	0.06
768	1001	0
28	418	0.06
642	829	0.00
349	1001	0
213	829	0.00
999	1000	0.09
581	1001	0
351	829	0.00
320	829	0.00
706	829	0.00
355	1001	0
652	829	0.00
165	995	0.06
427	1001	0
842	1001	0
577	1001	0
345	829	0.00
46	695	0.06
391	829	0.00
442	829	0.00
517	1001	0
91	1001	0
69	899	0.06
458	829	0.00
778	829	0.00
106	936	0.06
279	1001	0
856	1001	0
2	746	0.06
273	1001	0
14	844	0.06
34	312	0.06
34	313	0.06
927	1001	0
34	314	0.06
841	1001	0
436	1001	0
508	1001	0
107	562	0.06
475	1001	0
161	991	0.06
41	774	0.06
786	829	0.00
452	1001	0
117	276	0.06
89	754	0.06
269	829	0.00
37	646	0.06
124	666	0.06
124	667	0.06
124	668	0.06
799	829	0.00
0	692	0
0	693	0
0	690	0
117	260	0.06
0	691	0
690	1001	0
67	1001	0
283	1001	0
0	698	0
0	699	0
0	696	0
412	1001	0
253	829	0.00
0	697	0
0	694	0
0	695	0
160	810	0.06
606	829	0.00
160	812	0.06
160	811	0.06
142	1001	0
109	502	0.06
124	698	0.06
308	829	0.00
552	829	0.00
0	680	0
0	681	0
0	682	0
0	683	0
0	684	0
231	1001	0
0	685	0
0	686	0
0	687	0
0	688	0
0	689	0
215	829	0.00
611	1001	0
639	1001	0
361	1001	0
381	829	0.00
156	792	0.06
196	1001	0
156	793	0.06
156	794	0.06
692	1001	0
0	670	0
156	795	0.06
0	671	0
156	796	0.06
82	331	0.06
0	674	0
0	675	0
0	672	0
46	643	0.06
0	673	0
0	678	0
0	679	0
254	1001	0
0	676	0
103	648	0.06
0	677	0
926	997	0.06
70	900	0.06
529	829	0.00
0	669	0
134	445	0.06
485	829	0.00
32	670	0.06
146	682	0.06
0	658	0
0	659	0
0	668	0
0	667	0
0	666	0
0	665	0
94	549	0.06
0	664	0
0	663	0
0	662	0
491	829	0.00
730	829	0.00
0	661	0
0	660	0
149	763	0.06
149	764	0.06
502	829	0.00
149	765	0.06
149	766	0.06
440	829	0.00
677	829	0.00
795	1001	0
91	697	0.06
126	430	0.06
961	1001	0
422	1001	0
895	997	0.06
0	647	0
934	997	0.06
0	648	0
37	678	0.06
0	649	0
923	1001	0
0	655	0
0	654	0
0	657	0
494	1001	0
0	656	0
711	829	0.00
0	651	0
426	1001	0
97	816	0.06
0	650	0
0	653	0
0	652	0
679	1001	0
264	1001	0
303	829	0.00
853	1001	0
360	1001	0
75	468	0.06
846	997	0.06
281	1001	0
157	800	0.06
0	638	0
0	7	0
0	639	0
0	8	0
0	636	0
196	829	0.00
0	5	0
0	637	0
0	6	0
18	291	0.06
0	3	0
543	829	0.00
0	4	0
0	1	0
0	2	0
0	642	0
0	641	0
0	640	0
166	426	0.06
635	829	0.00
132	425	0.06
77	1001	0
0	646	0
0	645	0
0	644	0
0	643	0
770	829	0.00
475	829	0.00
75	479	0.06
75	478	0.06
857	997	0.06
728	829	0.00
555	829	0.00
710	829	0.00
0	625	0
0	626	0
24	337	0.06
0	627	0
35	865	0.06
0	628	0
0	629	0
0	631	0
75	480	0.06
0	630	0
0	633	0
0	632	0
0	635	0
461	829	0.00
0	634	0
388	1001	0
0	619	0
0	618	0
163	820	0.06
0	617	0
163	821	0.06
0	616	0
593	829	0.00
163	822	0.06
0	615	0
0	614	0
140	1001	0
57	661	0.06
367	829	0.00
285	829	0.00
976	1001	0
0	623	0
0	624	0
339	829	0.00
0	621	0
0	622	0
163	819	0.06
0	620	0
163	818	0.06
0	608	0
0	607	0
3	455	0.06
0	609	0
17	561	0.06
0	604	0
0	603	0
0	606	0
0	605	0
794	1001	0
299	1001	0
84	275	0.06
441	1001	0
84	282	0.06
207	829	0.00
176	829	0.00
537	829	0.00
0	610	0
0	9	0
0	611	0
2	170	0.06
0	612	0
707	829	0.00
0	613	0
2	173	0.06
2	171	0.06
2	172	0.06
18	252	0.06
18	254	0.06
18	253	0.06
354	829	0.00
43	588	0.06
978	1001	0
959	1001	0
932	1001	0
805	1001	0
2	169	0.06
137	173	0.06
907	997	0.06
17	576	0.06
0	601	0
18	255	0.06
0	602	0
18	256	0.06
18	257	0.06
0	600	0
720	829	0.00
43	592	0.06
617	1001	0
124	612	0.06
131	961	0.06
915	997	0.06
94	550	0.06
176	1001	0
94	551	0.06
132	471	0.06
683	1001	0
40	1001	0
