1	13.41
2	13.18
3	13.42
4	13.69
5	13.92
6	13.52
7	13.23
8	13.17
9	13.65
10	13.78
11	13.19
12	13.63
13	13.71
14	13.37
15	13.68
16	13.46
17	13.48
18	13.49
19	13.52
20	13.76
21	13.78
22	13.55
23	13.92
24	13.48
25	13.81
26	13.83
27	13.37
28	13.41
29	13.44
30	14.03
31	13.31
32	13.60
33	13.46
34	13.76
35	13.67
36	13.73
37	13.53
38	13.25
39	13.88
40	13.64
41	13.22
42	14.08
43	13.57
44	13.42
45	13.49
46	13.48
47	13.95
48	13.69
49	13.81
50	13.14
51	13.08
52	13.73
53	13.69
54	13.58
55	13.47
56	14.12
57	13.18
58	13.46
59	13.59
60	13.76
61	13.64
62	13.45
63	13.14
64	13.75
65	13.52
66	13.68
67	13.61
68	13.17
69	14.16
70	13.85
71	13.61
72	13.84
73	13.92
74	13.76
75	13.50
76	13.64
77	13.62
78	13.84
79	13.80
80	13.05
81	13.14
82	13.76
83	13.83
84	13.18
85	13.55
86	13.81
87	13.27
88	13.22
89	13.79
90	13.71
91	13.37
92	13.75
93	13.56
94	13.29
95	13.66
96	13.56
97	13.49
98	13.81
99	13.36
100	13.46
101	13.69
102	13.68
103	13.72
104	13.74
105	13.50
106	13.87
107	13.70
108	13.48
109	13.56
110	14.23
111	13.63
112	13.95
113	13.74
114	13.36
115	13.31
116	13.76
117	13.82
118	13.38
119	13.30
120	13.51
121	13.53
122	13.20
123	13.34
124	13.31
125	13.65
126	13.48
127	13.61
128	13.75
129	13.16
130	13.47
131	13.51
132	13.49
133	13.68
134	13.52
135	13.80
136	13.33
137	13.46
138	13.59
139	13.50
140	13.53
141	13.58
142	13.46
143	13.18
144	13.35
145	14.00
146	13.78
147	13.52
148	13.86
149	13.43
150	13.48
151	14.22
152	13.64
153	13.83
154	13.97
155	13.45
156	13.46
157	13.55
158	13.09
159	13.82
160	13.59
161	13.59
162	13.42
163	13.73
164	13.44
165	13.62
166	13.27
167	10.60
168	10.54
169	10.68
170	10.57
171	10.61
172	10.45
173	10.75
174	10.76
175	10.62
176	10.55
177	10.51
178	10.60
179	10.45
180	10.64
181	10.70
182	10.77
183	10.74
184	10.52
185	10.70
186	10.47
187	10.56
188	10.72
189	10.75
190	10.61
191	10.38
192	10.61
193	10.49
194	10.52
195	10.64
196	10.56
197	10.67
198	10.53
199	10.43
200	10.59
201	10.72
202	10.55
203	10.74
204	10.55
205	10.78
206	10.57
207	10.64
208	10.62
209	10.64
210	10.46
211	10.55
212	10.73
213	10.37
214	10.71
215	10.66
216	10.81
217	10.60
218	10.66
219	10.54
220	10.62
221	10.65
222	10.85
223	10.53
224	10.60
225	10.68
226	10.60
227	10.38
228	10.52
229	10.56
230	10.42
231	10.48
232	10.49
233	10.47
234	10.68
235	10.69
236	10.52
237	10.90
238	10.63
239	10.52
240	10.58
241	10.51
242	10.56
243	10.62
244	10.42
245	10.58
246	10.62
247	10.78
248	10.62
249	10.62
250	10.64
251	10.59
252	10.56
253	10.49
254	10.77
255	10.69
256	10.73
257	10.61
258	10.69
259	10.63
260	10.69
261	10.62
262	10.48
263	10.42
264	10.70
265	10.61
266	10.59
267	10.64
268	10.50
269	10.56
270	10.62
271	10.71
272	10.51
273	10.44
274	10.59
275	10.53
276	10.45
277	10.41
278	10.67
279	10.51
280	10.51
281	10.75
282	10.74
283	10.53
284	10.60
285	10.62
286	10.42
287	10.69
288	10.54
289	10.62
290	10.64
291	10.43
292	10.70
293	10.53
294	10.62
295	10.59
296	10.66
297	10.51
298	10.41
299	10.46
300	10.60
301	10.54
302	10.54
303	10.59
304	10.64
305	10.47
306	10.70
307	10.55
308	10.47
309	10.76
310	10.50
311	10.64
312	10.64
313	10.36
314	10.59
315	10.76
316	10.76
317	10.64
318	10.49
319	10.36
320	10.59
321	10.72
322	10.57
323	10.44
324	10.59
325	10.59
326	10.56
327	10.75
328	10.72
329	10.48
330	10.56
331	10.51
332	10.48
333	10.50
334	10.55
335	10.46
336	10.67
337	10.57
338	10.61
339	10.63
340	10.55
341	10.66
342	10.44
343	10.62
344	10.72
345	10.82
346	10.53
347	10.71
348	10.47
349	10.64
350	10.60
351	10.43
352	10.61
353	10.57
354	10.61
355	10.58
356	10.55
357	10.50
358	10.55
359	10.50
360	10.47
361	10.57
362	10.54
363	10.51
364	10.41
365	10.43
366	10.51
367	10.78
368	10.58
369	10.62
370	10.46
371	10.58
372	10.66
373	10.55
374	10.53
375	10.67
376	10.48
377	10.63
378	10.78
379	10.51
380	10.53
381	10.50
382	10.43
383	10.44
384	10.62
385	10.60
386	10.54
387	10.52
388	10.77
389	10.73
390	10.51
391	10.60
392	10.54
393	10.38
394	10.76
395	10.62
396	10.52
397	10.48
398	10.62
399	10.61
400	10.66
401	10.50
402	10.66
403	10.66
404	10.66
405	10.40
406	10.59
407	10.56
408	10.45
409	10.60
410	10.80
411	10.67
412	10.58
413	10.59
414	10.70
415	10.55
416	10.71
417	10.64
418	10.41
419	10.58
420	10.48
421	10.64
422	10.52
423	10.53
424	10.72
425	10.64
426	10.63
427	10.74
428	10.70
429	10.72
430	10.48
431	10.73
432	10.68
433	10.36
434	10.50
435	10.52
436	10.43
437	10.54
438	10.60
439	10.54
440	10.68
441	10.74
442	10.68
443	10.60
444	10.73
445	10.68
446	10.59
447	10.71
448	10.67
449	10.50
450	10.48
451	10.53
452	10.67
453	10.47
454	10.55
455	10.60
456	10.61
457	10.69
458	10.60
459	10.55
460	10.67
461	10.55
462	10.68
463	10.43
464	10.53
465	10.63
466	10.62
467	10.55
468	10.67
469	10.59
470	10.48
471	10.75
472	10.62
473	10.67
474	10.58
475	10.52
476	10.73
477	10.59
478	10.60
479	10.75
480	10.48
481	10.42
482	10.59
483	10.57
484	10.62
485	10.57
486	10.89
487	10.81
488	10.47
489	10.68
490	10.69
491	10.68
492	10.57
493	10.58
494	10.59
495	10.66
496	10.49
497	10.54
498	10.46
499	10.62
500	10.52
501	10.42
502	10.60
503	10.59
504	10.68
505	10.61
506	10.62
507	10.63
508	10.61
509	10.80
510	10.43
511	10.67
512	10.57
513	10.47
514	10.66
515	10.71
516	10.54
517	10.62
518	10.55
519	10.52
520	10.58
521	10.64
522	10.66
523	10.62
524	10.59
525	10.52
526	10.58
527	10.58
528	10.67
529	10.65
530	10.58
531	10.60
532	10.69
533	10.50
534	10.61
535	10.52
536	10.55
537	10.57
538	10.44
539	10.57
540	10.66
541	10.57
542	10.55
543	10.78
544	10.62
545	10.60
546	10.69
547	10.57
548	10.68
549	10.59
550	10.62
551	10.67
552	10.70
553	10.57
554	10.60
555	10.49
556	10.58
557	10.44
558	10.59
559	10.75
560	10.62
561	10.41
562	10.50
563	10.74
564	10.71
565	10.46
566	10.65
567	10.50
568	10.71
569	10.71
570	10.57
571	10.57
572	10.65
573	10.64
574	10.56
575	10.57
576	10.71
577	10.75
578	10.51
579	10.64
580	10.66
581	10.71
582	10.66
583	10.37
584	10.82
585	10.67
586	10.60
587	10.59
588	10.71
589	10.40
590	10.47
591	10.64
592	10.50
593	10.63
594	10.59
595	10.53
596	10.62
597	10.50
598	10.58
599	10.47
600	10.64
601	10.41
602	10.59
603	10.48
604	10.56
605	10.49
606	10.63
607	10.54
608	10.49
609	10.60
610	10.52
611	10.57
612	10.64
613	10.60
614	10.68
615	10.66
616	10.70
617	10.55
618	10.45
619	10.57
620	10.59
621	10.62
622	10.46
623	10.67
624	10.65
625	10.70
626	10.64
627	10.58
628	10.55
629	10.65
630	10.63
631	10.58
632	10.48
633	10.56
634	10.55
635	10.60
636	10.61
637	10.60
638	10.54
639	10.54
640	10.50
641	10.61
642	10.68
643	10.66
644	10.61
645	10.54
646	10.60
647	10.60
648	10.56
649	10.63
650	10.49
651	10.69
652	10.63
653	10.72
654	10.59
655	10.46
656	10.61
657	10.54
658	10.42
659	10.60
660	10.61
661	10.52
662	10.42
663	10.49
664	10.67
665	10.55
666	10.73
667	10.62
668	10.55
669	10.67
670	10.73
671	10.45
672	10.40
673	10.38
674	10.36
675	10.50
676	10.55
677	10.54
678	10.57
679	10.60
680	10.58
681	10.61
682	10.67
683	10.40
684	10.40
685	10.71
686	10.50
687	10.49
688	10.48
689	10.51
690	10.54
691	10.75
692	10.56
693	10.53
694	10.63
695	10.80
696	10.67
697	10.51
698	10.48
699	10.77
700	10.59
701	10.55
702	10.61
703	10.56
704	10.62
705	10.53
706	10.62
707	10.59
708	10.73
709	10.60
710	10.75
711	10.52
712	10.61
713	10.54
714	10.56
715	10.82
716	10.40
717	10.47
718	10.53
719	10.62
720	10.61
721	10.56
722	10.53
723	10.58
724	10.53
725	10.55
726	10.62
727	10.52
728	10.51
729	10.72
730	10.66
731	10.72
732	10.67
733	10.77
734	10.64
735	10.67
736	10.60
737	10.70
738	10.71
739	10.61
740	10.62
741	10.45
742	10.80
743	10.69
744	10.53
745	10.59
746	10.61
747	10.71
748	10.84
749	10.64
750	10.64
751	10.56
752	10.66
753	10.77
754	10.61
755	10.58
756	10.69
757	10.53
758	10.38
759	10.42
760	10.55
761	10.62
762	10.58
763	10.45
764	10.49
765	10.73
766	10.50
767	10.83
768	10.57
769	10.69
770	10.50
771	10.51
772	10.66
773	10.47
774	10.54
775	10.57
776	10.70
777	10.62
778	10.66
779	10.35
780	10.48
781	10.63
782	10.68
783	10.53
784	10.65
785	10.54
786	10.30
787	10.56
788	10.53
789	10.53
790	10.46
791	10.62
792	10.68
793	10.54
794	10.55
795	10.51
796	10.68
797	10.53
798	10.42
799	10.64
800	10.48
801	10.43
802	10.60
803	10.74
804	10.73
805	10.48
806	10.66
807	10.75
808	10.48
809	10.42
810	10.70
811	10.71
812	10.57
813	10.62
814	10.75
815	10.60
816	10.53
817	10.53
818	10.55
819	10.37
820	10.67
821	10.63
822	10.53
823	10.57
824	10.62
825	10.50
826	10.60
827	10.56
828	10.61
829	52.96
830	89.12
831	10.53
832	10.59
833	10.53
834	10.58
835	10.77
836	10.71
837	10.47
838	10.67
839	10.56
840	10.73
841	10.86
842	10.80
843	10.51
844	10.67
845	10.84
846	10.79
847	11.12
848	10.46
849	10.61
850	10.56
851	10.88
852	10.41
853	10.90
854	10.80
855	10.47
856	10.97
857	10.87
858	10.37
859	10.55
860	10.82
861	10.80
862	10.57
863	10.45
864	10.73
865	10.83
866	10.52
867	10.72
868	10.97
869	10.62
870	10.79
871	10.90
872	10.57
873	10.45
874	10.63
875	10.98
876	10.72
877	10.73
878	10.69
879	10.72
880	10.67
881	10.71
882	10.76
883	10.54
884	10.70
885	10.90
886	11.05
887	10.76
888	10.68
889	10.62
890	10.29
891	10.63
892	10.55
893	10.87
894	10.60
895	11.12
896	10.97
897	10.93
898	10.93
899	10.61
900	11.12
901	10.94
902	10.62
903	10.56
904	10.71
905	10.60
906	10.80
907	10.87
908	10.69
909	10.59
910	10.90
911	10.67
912	10.81
913	10.98
914	10.67
915	10.43
916	11.21
917	10.68
918	10.92
919	10.73
920	10.63
921	10.74
922	10.90
923	10.64
924	10.80
925	10.83
926	10.76
927	10.89
928	11.03
929	10.86
930	10.66
931	10.86
932	10.84
933	10.95
934	10.73
935	10.76
936	10.95
937	10.80
938	10.69
939	10.74
940	10.77
941	10.82
942	10.69
943	10.89
944	10.62
945	10.74
946	10.80
947	10.48
948	10.98
949	10.62
950	10.85
951	10.69
952	10.73
953	11.00
954	10.48
955	10.61
956	11.05
957	10.92
958	10.71
959	10.79
960	10.84
961	10.77
962	10.79
963	10.52
964	10.90
965	10.65
966	10.89
967	10.73
968	10.88
969	10.90
970	10.93
971	10.85
972	10.83
973	10.23
974	10.97
975	10.59
976	10.42
977	10.82
978	10.56
979	10.82
980	10.82
981	10.82
982	10.68
983	10.49
984	10.83
985	10.89
986	10.89
987	10.96
988	10.50
989	10.89
990	10.67
991	10.75
992	10.54
993	10.70
994	10.71
995	10.69
996	10.56
997	65.91
998	99.53
999	22.25
1000	2.52
0	0
1001	0
