0	0.00	0.00	0.00	0.00	0.00
1	13.41	25.14	13.41	13.41	18.29
2	13.18	24.71	13.18	13.18	17.97
3	13.42	25.16	13.42	13.42	18.30
4	13.69	25.67	13.69	13.69	18.67
5	13.92	26.10	13.92	13.92	18.98
6	13.52	25.35	13.52	13.52	18.44
7	13.23	24.81	13.23	13.23	18.04
8	13.17	24.69	13.17	13.17	17.96
800	10.48	19.65	10.48	10.48	14.29
9	13.65	25.59	13.65	13.65	18.61
801	10.43	19.56	10.43	10.43	14.22
802	10.60	19.88	10.60	10.60	14.45
803	10.74	20.14	10.74	10.74	14.65
804	10.73	20.12	10.73	10.73	14.63
805	10.48	19.65	10.48	10.48	14.29
806	10.66	19.99	10.66	10.66	14.54
807	10.75	20.16	10.75	10.75	14.66
808	10.48	19.65	10.48	10.48	14.29
809	10.42	19.54	10.42	10.42	14.21
1000	2.52	4.73	2.52	2.52	3.44
810	10.70	20.06	10.70	10.70	14.59
811	10.71	20.08	10.71	10.71	14.60
812	10.57	19.82	10.57	10.57	14.41
813	10.62	19.91	10.62	10.62	14.48
814	10.75	20.16	10.75	10.75	14.66
815	10.60	19.88	10.60	10.60	14.45
816	10.53	19.74	10.53	10.53	14.36
817	10.53	19.74	10.53	10.53	14.36
818	10.55	19.78	10.55	10.55	14.39
819	10.37	19.44	10.37	10.37	14.14
820	10.67	20.01	10.67	10.67	14.55
821	10.63	19.93	10.63	10.63	14.50
1001	0.00	0.00	0.00	0.00	0.00
822	10.53	19.74	10.53	10.53	14.36
823	10.57	19.82	10.57	10.57	14.41
824	10.62	19.91	10.62	10.62	14.48
825	10.50	19.69	10.50	10.50	14.32
826	10.60	19.88	10.60	10.60	14.45
827	10.56	19.80	10.56	10.56	14.40
828	10.61	19.89	10.61	10.61	14.47
829	52.96	99.30	52.96	52.96	72.22
830	89.12	167.10	89.12	89.12	121.53
831	10.53	19.74	10.53	10.53	14.36
832	10.59	19.86	10.59	10.59	14.44
833	10.53	19.74	10.53	10.53	14.36
834	10.58	19.84	10.58	10.58	14.43
835	10.77	20.19	10.77	10.77	14.69
836	10.71	20.08	10.71	10.71	14.60
837	10.47	19.63	10.47	10.47	14.28
838	10.67	20.01	10.67	10.67	14.55
839	10.56	19.80	10.56	10.56	14.40
840	10.73	20.12	10.73	10.73	14.63
841	10.86	20.36	10.86	10.86	14.81
600	10.64	19.95	10.64	10.64	14.51
842	10.80	20.25	10.80	10.80	14.73
601	10.41	19.52	10.41	10.41	14.20
843	10.51	19.71	10.51	10.51	14.33
602	10.59	19.86	10.59	10.59	14.44
844	10.67	20.01	10.67	10.67	14.55
603	10.48	19.65	10.48	10.48	14.29
845	10.84	20.33	10.84	10.84	14.78
604	10.56	19.80	10.56	10.56	14.40
846	10.79	20.23	10.79	10.79	14.71
605	10.49	19.67	10.49	10.49	14.30
847	11.12	20.85	11.12	11.12	15.16
606	10.63	19.93	10.63	10.63	14.50
848	10.46	19.61	10.46	10.46	14.26
607	10.54	19.76	10.54	10.54	14.37
849	10.61	19.89	10.61	10.61	14.47
608	10.49	19.67	10.49	10.49	14.30
609	10.60	19.88	10.60	10.60	14.45
850	10.56	19.80	10.56	10.56	14.40
851	10.88	20.40	10.88	10.88	14.84
610	10.52	19.73	10.52	10.52	14.35
852	10.41	19.52	10.41	10.41	14.20
611	10.57	19.82	10.57	10.57	14.41
853	10.90	20.44	10.90	10.90	14.86
612	10.64	19.95	10.64	10.64	14.51
854	10.80	20.25	10.80	10.80	14.73
613	10.60	19.88	10.60	10.60	14.45
855	10.47	19.63	10.47	10.47	14.28
614	10.68	20.03	10.68	10.68	14.56
856	10.97	20.57	10.97	10.97	14.96
615	10.66	19.99	10.66	10.66	14.54
857	10.87	20.38	10.87	10.87	14.82
616	10.70	20.06	10.70	10.70	14.59
858	10.37	19.44	10.37	10.37	14.14
617	10.55	19.78	10.55	10.55	14.39
859	10.55	19.78	10.55	10.55	14.39
618	10.45	19.59	10.45	10.45	14.25
619	10.57	19.82	10.57	10.57	14.41
860	10.82	20.29	10.82	10.82	14.75
861	10.80	20.25	10.80	10.80	14.73
620	10.59	19.86	10.59	10.59	14.44
862	10.57	19.82	10.57	10.57	14.41
621	10.62	19.91	10.62	10.62	14.48
863	10.45	19.59	10.45	10.45	14.25
622	10.46	19.61	10.46	10.46	14.26
864	10.73	20.12	10.73	10.73	14.63
623	10.67	20.01	10.67	10.67	14.55
865	10.83	20.31	10.83	10.83	14.77
624	10.65	19.97	10.65	10.65	14.52
866	10.52	19.73	10.52	10.52	14.35
625	10.70	20.06	10.70	10.70	14.59
867	10.72	20.10	10.72	10.72	14.62
626	10.64	19.95	10.64	10.64	14.51
868	10.97	20.57	10.97	10.97	14.96
627	10.58	19.84	10.58	10.58	14.43
869	10.62	19.91	10.62	10.62	14.48
628	10.55	19.78	10.55	10.55	14.39
629	10.65	19.97	10.65	10.65	14.52
870	10.79	20.23	10.79	10.79	14.71
871	10.90	20.44	10.90	10.90	14.86
630	10.63	19.93	10.63	10.63	14.50
872	10.57	19.82	10.57	10.57	14.41
631	10.58	19.84	10.58	10.58	14.43
873	10.45	19.59	10.45	10.45	14.25
632	10.48	19.65	10.48	10.48	14.29
874	10.63	19.93	10.63	10.63	14.50
633	10.56	19.80	10.56	10.56	14.40
875	10.98	20.59	10.98	10.98	14.97
634	10.55	19.78	10.55	10.55	14.39
876	10.72	20.10	10.72	10.72	14.62
635	10.60	19.88	10.60	10.60	14.45
877	10.73	20.12	10.73	10.73	14.63
636	10.61	19.89	10.61	10.61	14.47
878	10.69	20.04	10.69	10.69	14.58
637	10.60	19.88	10.60	10.60	14.45
879	10.72	20.10	10.72	10.72	14.62
638	10.54	19.76	10.54	10.54	14.37
639	10.54	19.76	10.54	10.54	14.37
880	10.67	20.01	10.67	10.67	14.55
881	10.71	20.08	10.71	10.71	14.60
640	10.50	19.69	10.50	10.50	14.32
882	10.76	20.18	10.76	10.76	14.67
641	10.61	19.89	10.61	10.61	14.47
883	10.54	19.76	10.54	10.54	14.37
400	10.66	19.99	10.66	10.66	14.54
642	10.68	20.03	10.68	10.68	14.56
884	10.70	20.06	10.70	10.70	14.59
401	10.50	19.69	10.50	10.50	14.32
643	10.66	19.99	10.66	10.66	14.54
885	10.90	20.44	10.90	10.90	14.86
402	10.66	19.99	10.66	10.66	14.54
644	10.61	19.89	10.61	10.61	14.47
886	11.05	20.72	11.05	11.05	15.07
403	10.66	19.99	10.66	10.66	14.54
645	10.54	19.76	10.54	10.54	14.37
887	10.76	20.18	10.76	10.76	14.67
404	10.66	19.99	10.66	10.66	14.54
646	10.60	19.88	10.60	10.60	14.45
888	10.68	20.03	10.68	10.68	14.56
405	10.40	19.50	10.40	10.40	14.18
647	10.60	19.88	10.60	10.60	14.45
889	10.62	19.91	10.62	10.62	14.48
406	10.59	19.86	10.59	10.59	14.44
648	10.56	19.80	10.56	10.56	14.40
407	10.56	19.80	10.56	10.56	14.40
649	10.63	19.93	10.63	10.63	14.50
408	10.45	19.59	10.45	10.45	14.25
409	10.60	19.88	10.60	10.60	14.45
890	10.29	19.29	10.29	10.29	14.03
891	10.63	19.93	10.63	10.63	14.50
650	10.49	19.67	10.49	10.49	14.30
892	10.55	19.78	10.55	10.55	14.39
651	10.69	20.04	10.69	10.69	14.58
893	10.87	20.38	10.87	10.87	14.82
410	10.80	20.25	10.80	10.80	14.73
652	10.63	19.93	10.63	10.63	14.50
894	10.60	19.88	10.60	10.60	14.45
411	10.67	20.01	10.67	10.67	14.55
653	10.72	20.10	10.72	10.72	14.62
895	11.12	20.85	11.12	11.12	15.16
412	10.58	19.84	10.58	10.58	14.43
654	10.59	19.86	10.59	10.59	14.44
896	10.97	20.57	10.97	10.97	14.96
413	10.59	19.86	10.59	10.59	14.44
655	10.46	19.61	10.46	10.46	14.26
897	10.93	20.49	10.93	10.93	14.90
414	10.70	20.06	10.70	10.70	14.59
656	10.61	19.89	10.61	10.61	14.47
898	10.93	20.49	10.93	10.93	14.90
415	10.55	19.78	10.55	10.55	14.39
657	10.54	19.76	10.54	10.54	14.37
899	10.61	19.89	10.61	10.61	14.47
416	10.71	20.08	10.71	10.71	14.60
658	10.42	19.54	10.42	10.42	14.21
417	10.64	19.95	10.64	10.64	14.51
659	10.60	19.88	10.60	10.60	14.45
418	10.41	19.52	10.41	10.41	14.20
419	10.58	19.84	10.58	10.58	14.43
660	10.61	19.89	10.61	10.61	14.47
661	10.52	19.73	10.52	10.52	14.35
420	10.48	19.65	10.48	10.48	14.29
662	10.42	19.54	10.42	10.42	14.21
421	10.64	19.95	10.64	10.64	14.51
663	10.49	19.67	10.49	10.49	14.30
422	10.52	19.73	10.52	10.52	14.35
664	10.67	20.01	10.67	10.67	14.55
423	10.53	19.74	10.53	10.53	14.36
665	10.55	19.78	10.55	10.55	14.39
424	10.72	20.10	10.72	10.72	14.62
666	10.73	20.12	10.73	10.73	14.63
425	10.64	19.95	10.64	10.64	14.51
667	10.62	19.91	10.62	10.62	14.48
426	10.63	19.93	10.63	10.63	14.50
668	10.55	19.78	10.55	10.55	14.39
427	10.74	20.14	10.74	10.74	14.65
669	10.67	20.01	10.67	10.67	14.55
428	10.70	20.06	10.70	10.70	14.59
429	10.72	20.10	10.72	10.72	14.62
670	10.73	20.12	10.73	10.73	14.63
671	10.45	19.59	10.45	10.45	14.25
430	10.48	19.65	10.48	10.48	14.29
672	10.40	19.50	10.40	10.40	14.18
431	10.73	20.12	10.73	10.73	14.63
673	10.38	19.46	10.38	10.38	14.15
432	10.68	20.03	10.68	10.68	14.56
674	10.36	19.43	10.36	10.36	14.13
433	10.36	19.43	10.36	10.36	14.13
675	10.50	19.69	10.50	10.50	14.32
434	10.50	19.69	10.50	10.50	14.32
676	10.55	19.78	10.55	10.55	14.39
435	10.52	19.73	10.52	10.52	14.35
677	10.54	19.76	10.54	10.54	14.37
436	10.43	19.56	10.43	10.43	14.22
678	10.57	19.82	10.57	10.57	14.41
437	10.54	19.76	10.54	10.54	14.37
679	10.60	19.88	10.60	10.60	14.45
438	10.60	19.88	10.60	10.60	14.45
439	10.54	19.76	10.54	10.54	14.37
680	10.58	19.84	10.58	10.58	14.43
681	10.61	19.89	10.61	10.61	14.47
440	10.68	20.03	10.68	10.68	14.56
682	10.67	20.01	10.67	10.67	14.55
441	10.74	20.14	10.74	10.74	14.65
683	10.40	19.50	10.40	10.40	14.18
200	10.59	19.86	10.59	10.59	14.44
442	10.68	20.03	10.68	10.68	14.56
684	10.40	19.50	10.40	10.40	14.18
201	10.72	20.10	10.72	10.72	14.62
443	10.60	19.88	10.60	10.60	14.45
685	10.71	20.08	10.71	10.71	14.60
202	10.55	19.78	10.55	10.55	14.39
444	10.73	20.12	10.73	10.73	14.63
686	10.50	19.69	10.50	10.50	14.32
203	10.74	20.14	10.74	10.74	14.65
445	10.68	20.03	10.68	10.68	14.56
687	10.49	19.67	10.49	10.49	14.30
204	10.55	19.78	10.55	10.55	14.39
446	10.59	19.86	10.59	10.59	14.44
688	10.48	19.65	10.48	10.48	14.29
205	10.78	20.21	10.78	10.78	14.70
447	10.71	20.08	10.71	10.71	14.60
689	10.51	19.71	10.51	10.51	14.33
206	10.57	19.82	10.57	10.57	14.41
448	10.67	20.01	10.67	10.67	14.55
207	10.64	19.95	10.64	10.64	14.51
449	10.50	19.69	10.50	10.50	14.32
208	10.62	19.91	10.62	10.62	14.48
209	10.64	19.95	10.64	10.64	14.51
690	10.54	19.76	10.54	10.54	14.37
691	10.75	20.16	10.75	10.75	14.66
450	10.48	19.65	10.48	10.48	14.29
692	10.56	19.80	10.56	10.56	14.40
451	10.53	19.74	10.53	10.53	14.36
693	10.53	19.74	10.53	10.53	14.36
210	10.46	19.61	10.46	10.46	14.26
452	10.67	20.01	10.67	10.67	14.55
694	10.63	19.93	10.63	10.63	14.50
211	10.55	19.78	10.55	10.55	14.39
453	10.47	19.63	10.47	10.47	14.28
695	10.80	20.25	10.80	10.80	14.73
212	10.73	20.12	10.73	10.73	14.63
454	10.55	19.78	10.55	10.55	14.39
696	10.67	20.01	10.67	10.67	14.55
213	10.37	19.44	10.37	10.37	14.14
455	10.60	19.88	10.60	10.60	14.45
697	10.51	19.71	10.51	10.51	14.33
214	10.71	20.08	10.71	10.71	14.60
456	10.61	19.89	10.61	10.61	14.47
698	10.48	19.65	10.48	10.48	14.29
215	10.66	19.99	10.66	10.66	14.54
457	10.69	20.04	10.69	10.69	14.58
699	10.77	20.19	10.77	10.77	14.69
216	10.81	20.27	10.81	10.81	14.74
458	10.60	19.88	10.60	10.60	14.45
217	10.60	19.88	10.60	10.60	14.45
459	10.55	19.78	10.55	10.55	14.39
218	10.66	19.99	10.66	10.66	14.54
219	10.54	19.76	10.54	10.54	14.37
460	10.67	20.01	10.67	10.67	14.55
461	10.55	19.78	10.55	10.55	14.39
220	10.62	19.91	10.62	10.62	14.48
462	10.68	20.03	10.68	10.68	14.56
221	10.65	19.97	10.65	10.65	14.52
463	10.43	19.56	10.43	10.43	14.22
222	10.85	20.34	10.85	10.85	14.80
464	10.53	19.74	10.53	10.53	14.36
223	10.53	19.74	10.53	10.53	14.36
465	10.63	19.93	10.63	10.63	14.50
224	10.60	19.88	10.60	10.60	14.45
466	10.62	19.91	10.62	10.62	14.48
225	10.68	20.03	10.68	10.68	14.56
467	10.55	19.78	10.55	10.55	14.39
226	10.60	19.88	10.60	10.60	14.45
468	10.67	20.01	10.67	10.67	14.55
227	10.38	19.46	10.38	10.38	14.15
469	10.59	19.86	10.59	10.59	14.44
228	10.52	19.73	10.52	10.52	14.35
229	10.56	19.80	10.56	10.56	14.40
470	10.48	19.65	10.48	10.48	14.29
471	10.75	20.16	10.75	10.75	14.66
230	10.42	19.54	10.42	10.42	14.21
472	10.62	19.91	10.62	10.62	14.48
231	10.48	19.65	10.48	10.48	14.29
473	10.67	20.01	10.67	10.67	14.55
232	10.49	19.67	10.49	10.49	14.30
474	10.58	19.84	10.58	10.58	14.43
233	10.47	19.63	10.47	10.47	14.28
475	10.52	19.73	10.52	10.52	14.35
234	10.68	20.03	10.68	10.68	14.56
476	10.73	20.12	10.73	10.73	14.63
235	10.69	20.04	10.69	10.69	14.58
477	10.59	19.86	10.59	10.59	14.44
236	10.52	19.73	10.52	10.52	14.35
478	10.60	19.88	10.60	10.60	14.45
237	10.90	20.44	10.90	10.90	14.86
479	10.75	20.16	10.75	10.75	14.66
238	10.63	19.93	10.63	10.63	14.50
239	10.52	19.73	10.52	10.52	14.35
480	10.48	19.65	10.48	10.48	14.29
481	10.42	19.54	10.42	10.42	14.21
240	10.58	19.84	10.58	10.58	14.43
482	10.59	19.86	10.59	10.59	14.44
241	10.51	19.71	10.51	10.51	14.33
483	10.57	19.82	10.57	10.57	14.41
242	10.56	19.80	10.56	10.56	14.40
484	10.62	19.91	10.62	10.62	14.48
243	10.62	19.91	10.62	10.62	14.48
485	10.57	19.82	10.57	10.57	14.41
244	10.42	19.54	10.42	10.42	14.21
486	10.89	20.42	10.89	10.89	14.85
245	10.58	19.84	10.58	10.58	14.43
487	10.81	20.27	10.81	10.81	14.74
246	10.62	19.91	10.62	10.62	14.48
488	10.47	19.63	10.47	10.47	14.28
247	10.78	20.21	10.78	10.78	14.70
489	10.68	20.03	10.68	10.68	14.56
248	10.62	19.91	10.62	10.62	14.48
249	10.62	19.91	10.62	10.62	14.48
490	10.69	20.04	10.69	10.69	14.58
491	10.68	20.03	10.68	10.68	14.56
250	10.64	19.95	10.64	10.64	14.51
492	10.57	19.82	10.57	10.57	14.41
251	10.59	19.86	10.59	10.59	14.44
493	10.58	19.84	10.58	10.58	14.43
252	10.56	19.80	10.56	10.56	14.40
494	10.59	19.86	10.59	10.59	14.44
253	10.49	19.67	10.49	10.49	14.30
495	10.66	19.99	10.66	10.66	14.54
254	10.77	20.19	10.77	10.77	14.69
496	10.49	19.67	10.49	10.49	14.30
255	10.69	20.04	10.69	10.69	14.58
497	10.54	19.76	10.54	10.54	14.37
256	10.73	20.12	10.73	10.73	14.63
498	10.46	19.61	10.46	10.46	14.26
257	10.61	19.89	10.61	10.61	14.47
499	10.62	19.91	10.62	10.62	14.48
258	10.69	20.04	10.69	10.69	14.58
259	10.63	19.93	10.63	10.63	14.50
260	10.69	20.04	10.69	10.69	14.58
261	10.62	19.91	10.62	10.62	14.48
262	10.48	19.65	10.48	10.48	14.29
263	10.42	19.54	10.42	10.42	14.21
264	10.70	20.06	10.70	10.70	14.59
265	10.61	19.89	10.61	10.61	14.47
266	10.59	19.86	10.59	10.59	14.44
267	10.64	19.95	10.64	10.64	14.51
268	10.50	19.69	10.50	10.50	14.32
269	10.56	19.80	10.56	10.56	14.40
270	10.62	19.91	10.62	10.62	14.48
271	10.71	20.08	10.71	10.71	14.60
272	10.51	19.71	10.51	10.51	14.33
273	10.44	19.58	10.44	10.44	14.24
274	10.59	19.86	10.59	10.59	14.44
275	10.53	19.74	10.53	10.53	14.36
276	10.45	19.59	10.45	10.45	14.25
277	10.41	19.52	10.41	10.41	14.20
278	10.67	20.01	10.67	10.67	14.55
279	10.51	19.71	10.51	10.51	14.33
280	10.51	19.71	10.51	10.51	14.33
281	10.75	20.16	10.75	10.75	14.66
282	10.74	20.14	10.74	10.74	14.65
283	10.53	19.74	10.53	10.53	14.36
284	10.60	19.88	10.60	10.60	14.45
285	10.62	19.91	10.62	10.62	14.48
286	10.42	19.54	10.42	10.42	14.21
287	10.69	20.04	10.69	10.69	14.58
288	10.54	19.76	10.54	10.54	14.37
289	10.62	19.91	10.62	10.62	14.48
290	10.64	19.95	10.64	10.64	14.51
291	10.43	19.56	10.43	10.43	14.22
292	10.70	20.06	10.70	10.70	14.59
293	10.53	19.74	10.53	10.53	14.36
294	10.62	19.91	10.62	10.62	14.48
295	10.59	19.86	10.59	10.59	14.44
296	10.66	19.99	10.66	10.66	14.54
297	10.51	19.71	10.51	10.51	14.33
298	10.41	19.52	10.41	10.41	14.20
299	10.46	19.61	10.46	10.46	14.26
900	11.12	20.85	11.12	11.12	15.16
901	10.94	20.51	10.94	10.94	14.92
902	10.62	19.91	10.62	10.62	14.48
903	10.56	19.80	10.56	10.56	14.40
904	10.71	20.08	10.71	10.71	14.60
905	10.60	19.88	10.60	10.60	14.45
906	10.80	20.25	10.80	10.80	14.73
907	10.87	20.38	10.87	10.87	14.82
908	10.69	20.04	10.69	10.69	14.58
909	10.59	19.86	10.59	10.59	14.44
910	10.90	20.44	10.90	10.90	14.86
911	10.67	20.01	10.67	10.67	14.55
912	10.81	20.27	10.81	10.81	14.74
913	10.98	20.59	10.98	10.98	14.97
914	10.67	20.01	10.67	10.67	14.55
915	10.43	19.56	10.43	10.43	14.22
916	11.21	21.02	11.21	11.21	15.29
917	10.68	20.03	10.68	10.68	14.56
918	10.92	20.48	10.92	10.92	14.89
919	10.73	20.12	10.73	10.73	14.63
920	10.63	19.93	10.63	10.63	14.50
921	10.74	20.14	10.74	10.74	14.65
922	10.90	20.44	10.90	10.90	14.86
923	10.64	19.95	10.64	10.64	14.51
924	10.80	20.25	10.80	10.80	14.73
925	10.83	20.31	10.83	10.83	14.77
926	10.76	20.18	10.76	10.76	14.67
927	10.89	20.42	10.89	10.89	14.85
928	11.03	20.68	11.03	11.03	15.04
929	10.86	20.36	10.86	10.86	14.81
930	10.66	19.99	10.66	10.66	14.54
931	10.86	20.36	10.86	10.86	14.81
932	10.84	20.33	10.84	10.84	14.78
933	10.95	20.53	10.95	10.95	14.93
934	10.73	20.12	10.73	10.73	14.63
935	10.76	20.18	10.76	10.76	14.67
936	10.95	20.53	10.95	10.95	14.93
937	10.80	20.25	10.80	10.80	14.73
938	10.69	20.04	10.69	10.69	14.58
939	10.74	20.14	10.74	10.74	14.65
940	10.77	20.19	10.77	10.77	14.69
941	10.82	20.29	10.82	10.82	14.75
700	10.59	19.86	10.59	10.59	14.44
942	10.69	20.04	10.69	10.69	14.58
701	10.55	19.78	10.55	10.55	14.39
943	10.89	20.42	10.89	10.89	14.85
702	10.61	19.89	10.61	10.61	14.47
944	10.62	19.91	10.62	10.62	14.48
703	10.56	19.80	10.56	10.56	14.40
945	10.74	20.14	10.74	10.74	14.65
704	10.62	19.91	10.62	10.62	14.48
946	10.80	20.25	10.80	10.80	14.73
705	10.53	19.74	10.53	10.53	14.36
947	10.48	19.65	10.48	10.48	14.29
706	10.62	19.91	10.62	10.62	14.48
948	10.98	20.59	10.98	10.98	14.97
707	10.59	19.86	10.59	10.59	14.44
949	10.62	19.91	10.62	10.62	14.48
708	10.73	20.12	10.73	10.73	14.63
709	10.60	19.88	10.60	10.60	14.45
950	10.85	20.34	10.85	10.85	14.80
951	10.69	20.04	10.69	10.69	14.58
710	10.75	20.16	10.75	10.75	14.66
952	10.73	20.12	10.73	10.73	14.63
711	10.52	19.73	10.52	10.52	14.35
953	11.00	20.63	11.00	11.00	15.00
712	10.61	19.89	10.61	10.61	14.47
954	10.48	19.65	10.48	10.48	14.29
713	10.54	19.76	10.54	10.54	14.37
955	10.61	19.89	10.61	10.61	14.47
714	10.56	19.80	10.56	10.56	14.40
956	11.05	20.72	11.05	11.05	15.07
715	10.82	20.29	10.82	10.82	14.75
957	10.92	20.48	10.92	10.92	14.89
716	10.40	19.50	10.40	10.40	14.18
958	10.71	20.08	10.71	10.71	14.60
717	10.47	19.63	10.47	10.47	14.28
959	10.79	20.23	10.79	10.79	14.71
718	10.53	19.74	10.53	10.53	14.36
719	10.62	19.91	10.62	10.62	14.48
960	10.84	20.33	10.84	10.84	14.78
961	10.77	20.19	10.77	10.77	14.69
720	10.61	19.89	10.61	10.61	14.47
962	10.79	20.23	10.79	10.79	14.71
721	10.56	19.80	10.56	10.56	14.40
963	10.52	19.73	10.52	10.52	14.35
722	10.53	19.74	10.53	10.53	14.36
964	10.90	20.44	10.90	10.90	14.86
723	10.58	19.84	10.58	10.58	14.43
965	10.65	19.97	10.65	10.65	14.52
724	10.53	19.74	10.53	10.53	14.36
966	10.89	20.42	10.89	10.89	14.85
725	10.55	19.78	10.55	10.55	14.39
967	10.73	20.12	10.73	10.73	14.63
726	10.62	19.91	10.62	10.62	14.48
968	10.88	20.40	10.88	10.88	14.84
727	10.52	19.73	10.52	10.52	14.35
969	10.90	20.44	10.90	10.90	14.86
728	10.51	19.71	10.51	10.51	14.33
729	10.72	20.10	10.72	10.72	14.62
970	10.93	20.49	10.93	10.93	14.90
971	10.85	20.34	10.85	10.85	14.80
730	10.66	19.99	10.66	10.66	14.54
972	10.83	20.31	10.83	10.83	14.77
731	10.72	20.10	10.72	10.72	14.62
973	10.23	19.18	10.23	10.23	13.95
732	10.67	20.01	10.67	10.67	14.55
974	10.97	20.57	10.97	10.97	14.96
733	10.77	20.19	10.77	10.77	14.69
975	10.59	19.86	10.59	10.59	14.44
734	10.64	19.95	10.64	10.64	14.51
976	10.42	19.54	10.42	10.42	14.21
735	10.67	20.01	10.67	10.67	14.55
977	10.82	20.29	10.82	10.82	14.75
736	10.60	19.88	10.60	10.60	14.45
978	10.56	19.80	10.56	10.56	14.40
737	10.70	20.06	10.70	10.70	14.59
979	10.82	20.29	10.82	10.82	14.75
738	10.71	20.08	10.71	10.71	14.60
739	10.61	19.89	10.61	10.61	14.47
980	10.82	20.29	10.82	10.82	14.75
981	10.82	20.29	10.82	10.82	14.75
740	10.62	19.91	10.62	10.62	14.48
982	10.68	20.03	10.68	10.68	14.56
741	10.45	19.59	10.45	10.45	14.25
983	10.49	19.67	10.49	10.49	14.30
500	10.52	19.73	10.52	10.52	14.35
742	10.80	20.25	10.80	10.80	14.73
984	10.83	20.31	10.83	10.83	14.77
501	10.42	19.54	10.42	10.42	14.21
743	10.69	20.04	10.69	10.69	14.58
985	10.89	20.42	10.89	10.89	14.85
502	10.60	19.88	10.60	10.60	14.45
744	10.53	19.74	10.53	10.53	14.36
986	10.89	20.42	10.89	10.89	14.85
503	10.59	19.86	10.59	10.59	14.44
745	10.59	19.86	10.59	10.59	14.44
987	10.96	20.55	10.96	10.96	14.95
504	10.68	20.03	10.68	10.68	14.56
746	10.61	19.89	10.61	10.61	14.47
988	10.50	19.69	10.50	10.50	14.32
505	10.61	19.89	10.61	10.61	14.47
747	10.71	20.08	10.71	10.71	14.60
989	10.89	20.42	10.89	10.89	14.85
506	10.62	19.91	10.62	10.62	14.48
748	10.84	20.33	10.84	10.84	14.78
507	10.63	19.93	10.63	10.63	14.50
749	10.64	19.95	10.64	10.64	14.51
508	10.61	19.89	10.61	10.61	14.47
509	10.80	20.25	10.80	10.80	14.73
990	10.67	20.01	10.67	10.67	14.55
991	10.75	20.16	10.75	10.75	14.66
750	10.64	19.95	10.64	10.64	14.51
992	10.54	19.76	10.54	10.54	14.37
751	10.56	19.80	10.56	10.56	14.40
993	10.70	20.06	10.70	10.70	14.59
510	10.43	19.56	10.43	10.43	14.22
752	10.66	19.99	10.66	10.66	14.54
994	10.71	20.08	10.71	10.71	14.60
511	10.67	20.01	10.67	10.67	14.55
753	10.77	20.19	10.77	10.77	14.69
995	10.69	20.04	10.69	10.69	14.58
512	10.57	19.82	10.57	10.57	14.41
754	10.61	19.89	10.61	10.61	14.47
996	10.56	19.80	10.56	10.56	14.40
513	10.47	19.63	10.47	10.47	14.28
755	10.58	19.84	10.58	10.58	14.43
997	65.91	123.58	65.91	65.91	89.88
514	10.66	19.99	10.66	10.66	14.54
756	10.69	20.04	10.69	10.69	14.58
998	99.53	186.62	99.53	99.53	135.72
515	10.71	20.08	10.71	10.71	14.60
757	10.53	19.74	10.53	10.53	14.36
999	22.25	41.72	22.25	22.25	30.34
516	10.54	19.76	10.54	10.54	14.37
758	10.38	19.46	10.38	10.38	14.15
517	10.62	19.91	10.62	10.62	14.48
759	10.42	19.54	10.42	10.42	14.21
518	10.55	19.78	10.55	10.55	14.39
519	10.52	19.73	10.52	10.52	14.35
760	10.55	19.78	10.55	10.55	14.39
761	10.62	19.91	10.62	10.62	14.48
520	10.58	19.84	10.58	10.58	14.43
762	10.58	19.84	10.58	10.58	14.43
521	10.64	19.95	10.64	10.64	14.51
763	10.45	19.59	10.45	10.45	14.25
522	10.66	19.99	10.66	10.66	14.54
764	10.49	19.67	10.49	10.49	14.30
523	10.62	19.91	10.62	10.62	14.48
765	10.73	20.12	10.73	10.73	14.63
524	10.59	19.86	10.59	10.59	14.44
766	10.50	19.69	10.50	10.50	14.32
525	10.52	19.73	10.52	10.52	14.35
767	10.83	20.31	10.83	10.83	14.77
526	10.58	19.84	10.58	10.58	14.43
768	10.57	19.82	10.57	10.57	14.41
527	10.58	19.84	10.58	10.58	14.43
769	10.69	20.04	10.69	10.69	14.58
528	10.67	20.01	10.67	10.67	14.55
529	10.65	19.97	10.65	10.65	14.52
770	10.50	19.69	10.50	10.50	14.32
771	10.51	19.71	10.51	10.51	14.33
530	10.58	19.84	10.58	10.58	14.43
772	10.66	19.99	10.66	10.66	14.54
531	10.60	19.88	10.60	10.60	14.45
773	10.47	19.63	10.47	10.47	14.28
532	10.69	20.04	10.69	10.69	14.58
774	10.54	19.76	10.54	10.54	14.37
533	10.50	19.69	10.50	10.50	14.32
775	10.57	19.82	10.57	10.57	14.41
534	10.61	19.89	10.61	10.61	14.47
776	10.70	20.06	10.70	10.70	14.59
535	10.52	19.73	10.52	10.52	14.35
777	10.62	19.91	10.62	10.62	14.48
536	10.55	19.78	10.55	10.55	14.39
778	10.66	19.99	10.66	10.66	14.54
537	10.57	19.82	10.57	10.57	14.41
779	10.35	19.41	10.35	10.35	14.11
538	10.44	19.58	10.44	10.44	14.24
539	10.57	19.82	10.57	10.57	14.41
780	10.48	19.65	10.48	10.48	14.29
781	10.63	19.93	10.63	10.63	14.50
540	10.66	19.99	10.66	10.66	14.54
782	10.68	20.03	10.68	10.68	14.56
541	10.57	19.82	10.57	10.57	14.41
783	10.53	19.74	10.53	10.53	14.36
300	10.60	19.88	10.60	10.60	14.45
542	10.55	19.78	10.55	10.55	14.39
784	10.65	19.97	10.65	10.65	14.52
301	10.54	19.76	10.54	10.54	14.37
543	10.78	20.21	10.78	10.78	14.70
785	10.54	19.76	10.54	10.54	14.37
302	10.54	19.76	10.54	10.54	14.37
544	10.62	19.91	10.62	10.62	14.48
786	10.30	19.31	10.30	10.30	14.05
303	10.59	19.86	10.59	10.59	14.44
545	10.60	19.88	10.60	10.60	14.45
787	10.56	19.80	10.56	10.56	14.40
304	10.64	19.95	10.64	10.64	14.51
546	10.69	20.04	10.69	10.69	14.58
788	10.53	19.74	10.53	10.53	14.36
305	10.47	19.63	10.47	10.47	14.28
547	10.57	19.82	10.57	10.57	14.41
789	10.53	19.74	10.53	10.53	14.36
306	10.70	20.06	10.70	10.70	14.59
548	10.68	20.03	10.68	10.68	14.56
307	10.55	19.78	10.55	10.55	14.39
549	10.59	19.86	10.59	10.59	14.44
308	10.47	19.63	10.47	10.47	14.28
309	10.76	20.18	10.76	10.76	14.67
790	10.46	19.61	10.46	10.46	14.26
791	10.62	19.91	10.62	10.62	14.48
550	10.62	19.91	10.62	10.62	14.48
792	10.68	20.03	10.68	10.68	14.56
551	10.67	20.01	10.67	10.67	14.55
793	10.54	19.76	10.54	10.54	14.37
310	10.50	19.69	10.50	10.50	14.32
552	10.70	20.06	10.70	10.70	14.59
794	10.55	19.78	10.55	10.55	14.39
311	10.64	19.95	10.64	10.64	14.51
553	10.57	19.82	10.57	10.57	14.41
795	10.51	19.71	10.51	10.51	14.33
312	10.64	19.95	10.64	10.64	14.51
554	10.60	19.88	10.60	10.60	14.45
796	10.68	20.03	10.68	10.68	14.56
313	10.36	19.43	10.36	10.36	14.13
555	10.49	19.67	10.49	10.49	14.30
797	10.53	19.74	10.53	10.53	14.36
314	10.59	19.86	10.59	10.59	14.44
556	10.58	19.84	10.58	10.58	14.43
798	10.42	19.54	10.42	10.42	14.21
315	10.76	20.18	10.76	10.76	14.67
557	10.44	19.58	10.44	10.44	14.24
799	10.64	19.95	10.64	10.64	14.51
316	10.76	20.18	10.76	10.76	14.67
558	10.59	19.86	10.59	10.59	14.44
317	10.64	19.95	10.64	10.64	14.51
559	10.75	20.16	10.75	10.75	14.66
318	10.49	19.67	10.49	10.49	14.30
319	10.36	19.43	10.36	10.36	14.13
560	10.62	19.91	10.62	10.62	14.48
561	10.41	19.52	10.41	10.41	14.20
320	10.59	19.86	10.59	10.59	14.44
562	10.50	19.69	10.50	10.50	14.32
321	10.72	20.10	10.72	10.72	14.62
563	10.74	20.14	10.74	10.74	14.65
322	10.57	19.82	10.57	10.57	14.41
564	10.71	20.08	10.71	10.71	14.60
323	10.44	19.58	10.44	10.44	14.24
565	10.46	19.61	10.46	10.46	14.26
324	10.59	19.86	10.59	10.59	14.44
566	10.65	19.97	10.65	10.65	14.52
325	10.59	19.86	10.59	10.59	14.44
567	10.50	19.69	10.50	10.50	14.32
326	10.56	19.80	10.56	10.56	14.40
568	10.71	20.08	10.71	10.71	14.60
327	10.75	20.16	10.75	10.75	14.66
569	10.71	20.08	10.71	10.71	14.60
328	10.72	20.10	10.72	10.72	14.62
329	10.48	19.65	10.48	10.48	14.29
570	10.57	19.82	10.57	10.57	14.41
571	10.57	19.82	10.57	10.57	14.41
330	10.56	19.80	10.56	10.56	14.40
572	10.65	19.97	10.65	10.65	14.52
331	10.51	19.71	10.51	10.51	14.33
573	10.64	19.95	10.64	10.64	14.51
332	10.48	19.65	10.48	10.48	14.29
574	10.56	19.80	10.56	10.56	14.40
333	10.50	19.69	10.50	10.50	14.32
575	10.57	19.82	10.57	10.57	14.41
334	10.55	19.78	10.55	10.55	14.39
576	10.71	20.08	10.71	10.71	14.60
335	10.46	19.61	10.46	10.46	14.26
577	10.75	20.16	10.75	10.75	14.66
336	10.67	20.01	10.67	10.67	14.55
578	10.51	19.71	10.51	10.51	14.33
337	10.57	19.82	10.57	10.57	14.41
579	10.64	19.95	10.64	10.64	14.51
338	10.61	19.89	10.61	10.61	14.47
339	10.63	19.93	10.63	10.63	14.50
580	10.66	19.99	10.66	10.66	14.54
581	10.71	20.08	10.71	10.71	14.60
340	10.55	19.78	10.55	10.55	14.39
582	10.66	19.99	10.66	10.66	14.54
341	10.66	19.99	10.66	10.66	14.54
583	10.37	19.44	10.37	10.37	14.14
100	13.46	25.24	13.46	13.46	18.35
342	10.44	19.58	10.44	10.44	14.24
584	10.82	20.29	10.82	10.82	14.75
101	13.69	25.67	13.69	13.69	18.67
343	10.62	19.91	10.62	10.62	14.48
585	10.67	20.01	10.67	10.67	14.55
102	13.68	25.65	13.68	13.68	18.65
344	10.72	20.10	10.72	10.72	14.62
586	10.60	19.88	10.60	10.60	14.45
103	13.72	25.73	13.72	13.72	18.71
345	10.82	20.29	10.82	10.82	14.75
587	10.59	19.86	10.59	10.59	14.44
104	13.74	25.76	13.74	13.74	18.74
346	10.53	19.74	10.53	10.53	14.36
588	10.71	20.08	10.71	10.71	14.60
105	13.50	25.31	13.50	13.50	18.41
347	10.71	20.08	10.71	10.71	14.60
589	10.40	19.50	10.40	10.40	14.18
106	13.87	26.01	13.87	13.87	18.91
348	10.47	19.63	10.47	10.47	14.28
107	13.70	25.69	13.70	13.70	18.68
349	10.64	19.95	10.64	10.64	14.51
108	13.48	25.28	13.48	13.48	18.38
109	13.56	25.43	13.56	13.56	18.49
590	10.47	19.63	10.47	10.47	14.28
591	10.64	19.95	10.64	10.64	14.51
350	10.60	19.88	10.60	10.60	14.45
592	10.50	19.69	10.50	10.50	14.32
351	10.43	19.56	10.43	10.43	14.22
593	10.63	19.93	10.63	10.63	14.50
110	14.23	26.68	14.23	14.23	19.40
352	10.61	19.89	10.61	10.61	14.47
594	10.59	19.86	10.59	10.59	14.44
111	13.63	25.56	13.63	13.63	18.59
353	10.57	19.82	10.57	10.57	14.41
595	10.53	19.74	10.53	10.53	14.36
112	13.95	26.16	13.95	13.95	19.02
354	10.61	19.89	10.61	10.61	14.47
596	10.62	19.91	10.62	10.62	14.48
113	13.74	25.76	13.74	13.74	18.74
355	10.58	19.84	10.58	10.58	14.43
597	10.50	19.69	10.50	10.50	14.32
114	13.36	25.05	13.36	13.36	18.22
356	10.55	19.78	10.55	10.55	14.39
598	10.58	19.84	10.58	10.58	14.43
115	13.31	24.96	13.31	13.31	18.15
357	10.50	19.69	10.50	10.50	14.32
599	10.47	19.63	10.47	10.47	14.28
116	13.76	25.80	13.76	13.76	18.76
358	10.55	19.78	10.55	10.55	14.39
117	13.82	25.91	13.82	13.82	18.85
359	10.50	19.69	10.50	10.50	14.32
118	13.38	25.09	13.38	13.38	18.25
119	13.30	24.94	13.30	13.30	18.14
10	13.78	25.84	13.78	13.78	18.79
11	13.19	24.73	13.19	13.19	17.99
12	13.63	25.56	13.63	13.63	18.59
13	13.71	25.71	13.71	13.71	18.70
14	13.37	25.07	13.37	13.37	18.23
15	13.68	25.65	13.68	13.68	18.65
16	13.46	25.24	13.46	13.46	18.35
17	13.48	25.28	13.48	13.48	18.38
18	13.49	25.29	13.49	13.49	18.40
19	13.52	25.35	13.52	13.52	18.44
360	10.47	19.63	10.47	10.47	14.28
361	10.57	19.82	10.57	10.57	14.41
120	13.51	25.33	13.51	13.51	18.42
362	10.54	19.76	10.54	10.54	14.37
121	13.53	25.37	13.53	13.53	18.45
363	10.51	19.71	10.51	10.51	14.33
122	13.20	24.75	13.20	13.20	18.00
364	10.41	19.52	10.41	10.41	14.20
123	13.34	25.01	13.34	13.34	18.19
365	10.43	19.56	10.43	10.43	14.22
124	13.31	24.96	13.31	13.31	18.15
366	10.51	19.71	10.51	10.51	14.33
125	13.65	25.59	13.65	13.65	18.61
367	10.78	20.21	10.78	10.78	14.70
126	13.48	25.28	13.48	13.48	18.38
368	10.58	19.84	10.58	10.58	14.43
127	13.61	25.52	13.61	13.61	18.56
369	10.62	19.91	10.62	10.62	14.48
128	13.75	25.78	13.75	13.75	18.75
129	13.16	24.68	13.16	13.16	17.95
20	13.76	25.80	13.76	13.76	18.76
21	13.78	25.84	13.78	13.78	18.79
22	13.55	25.41	13.55	13.55	18.48
23	13.92	26.10	13.92	13.92	18.98
24	13.48	25.28	13.48	13.48	18.38
25	13.81	25.89	13.81	13.81	18.83
26	13.83	25.93	13.83	13.83	18.86
27	13.37	25.07	13.37	13.37	18.23
28	13.41	25.14	13.41	13.41	18.29
29	13.44	25.20	13.44	13.44	18.33
370	10.46	19.61	10.46	10.46	14.26
371	10.58	19.84	10.58	10.58	14.43
130	13.47	25.26	13.47	13.47	18.37
372	10.66	19.99	10.66	10.66	14.54
131	13.51	25.33	13.51	13.51	18.42
373	10.55	19.78	10.55	10.55	14.39
132	13.49	25.29	13.49	13.49	18.40
374	10.53	19.74	10.53	10.53	14.36
133	13.68	25.65	13.68	13.68	18.65
375	10.67	20.01	10.67	10.67	14.55
134	13.52	25.35	13.52	13.52	18.44
376	10.48	19.65	10.48	10.48	14.29
135	13.80	25.88	13.80	13.80	18.82
377	10.63	19.93	10.63	10.63	14.50
136	13.33	24.99	13.33	13.33	18.18
378	10.78	20.21	10.78	10.78	14.70
137	13.46	25.24	13.46	13.46	18.35
379	10.51	19.71	10.51	10.51	14.33
138	13.59	25.48	13.59	13.59	18.53
139	13.50	25.31	13.50	13.50	18.41
30	14.03	26.31	14.03	14.03	19.13
31	13.31	24.96	13.31	13.31	18.15
32	13.60	25.50	13.60	13.60	18.55
33	13.46	25.24	13.46	13.46	18.35
34	13.76	25.80	13.76	13.76	18.76
35	13.67	25.63	13.67	13.67	18.64
36	13.73	25.74	13.73	13.73	18.72
37	13.53	25.37	13.53	13.53	18.45
38	13.25	24.84	13.25	13.25	18.07
39	13.88	26.03	13.88	13.88	18.93
380	10.53	19.74	10.53	10.53	14.36
381	10.50	19.69	10.50	10.50	14.32
140	13.53	25.37	13.53	13.53	18.45
382	10.43	19.56	10.43	10.43	14.22
141	13.58	25.46	13.58	13.58	18.52
383	10.44	19.58	10.44	10.44	14.24
142	13.46	25.24	13.46	13.46	18.35
384	10.62	19.91	10.62	10.62	14.48
143	13.18	24.71	13.18	13.18	17.97
385	10.60	19.88	10.60	10.60	14.45
144	13.35	25.03	13.35	13.35	18.20
386	10.54	19.76	10.54	10.54	14.37
145	14.00	26.25	14.00	14.00	19.09
387	10.52	19.73	10.52	10.52	14.35
146	13.78	25.84	13.78	13.78	18.79
388	10.77	20.19	10.77	10.77	14.69
147	13.52	25.35	13.52	13.52	18.44
389	10.73	20.12	10.73	10.73	14.63
148	13.86	25.99	13.86	13.86	18.90
149	13.43	25.18	13.43	13.43	18.31
40	13.64	25.58	13.64	13.64	18.60
41	13.22	24.79	13.22	13.22	18.03
42	14.08	26.40	14.08	14.08	19.20
43	13.57	25.44	13.57	13.57	18.50
44	13.42	25.16	13.42	13.42	18.30
45	13.49	25.29	13.49	13.49	18.40
46	13.48	25.28	13.48	13.48	18.38
47	13.95	26.16	13.95	13.95	19.02
48	13.69	25.67	13.69	13.69	18.67
49	13.81	25.89	13.81	13.81	18.83
390	10.51	19.71	10.51	10.51	14.33
391	10.60	19.88	10.60	10.60	14.45
150	13.48	25.28	13.48	13.48	18.38
392	10.54	19.76	10.54	10.54	14.37
151	14.22	26.66	14.22	14.22	19.39
393	10.38	19.46	10.38	10.38	14.15
152	13.64	25.58	13.64	13.64	18.60
394	10.76	20.18	10.76	10.76	14.67
153	13.83	25.93	13.83	13.83	18.86
395	10.62	19.91	10.62	10.62	14.48
154	13.97	26.19	13.97	13.97	19.05
396	10.52	19.73	10.52	10.52	14.35
155	13.45	25.22	13.45	13.45	18.34
397	10.48	19.65	10.48	10.48	14.29
156	13.46	25.24	13.46	13.46	18.35
398	10.62	19.91	10.62	10.62	14.48
157	13.55	25.41	13.55	13.55	18.48
399	10.61	19.89	10.61	10.61	14.47
158	13.09	24.54	13.09	13.09	17.85
159	13.82	25.91	13.82	13.82	18.85
50	13.14	24.64	13.14	13.14	17.92
51	13.08	24.53	13.08	13.08	17.84
52	13.73	25.74	13.73	13.73	18.72
53	13.69	25.67	13.69	13.69	18.67
54	13.58	25.46	13.58	13.58	18.52
55	13.47	25.26	13.47	13.47	18.37
56	14.12	26.48	14.12	14.12	19.25
57	13.18	24.71	13.18	13.18	17.97
58	13.46	25.24	13.46	13.46	18.35
59	13.59	25.48	13.59	13.59	18.53
160	13.59	25.48	13.59	13.59	18.53
161	13.59	25.48	13.59	13.59	18.53
162	13.42	25.16	13.42	13.42	18.30
163	13.73	25.74	13.73	13.73	18.72
164	13.44	25.20	13.44	13.44	18.33
165	13.62	25.54	13.62	13.62	18.57
166	13.27	24.88	13.27	13.27	18.10
167	10.60	19.88	10.60	10.60	14.45
168	10.54	19.76	10.54	10.54	14.37
169	10.68	20.03	10.68	10.68	14.56
60	13.76	25.80	13.76	13.76	18.76
61	13.64	25.58	13.64	13.64	18.60
62	13.45	25.22	13.45	13.45	18.34
63	13.14	24.64	13.14	13.14	17.92
64	13.75	25.78	13.75	13.75	18.75
65	13.52	25.35	13.52	13.52	18.44
66	13.68	25.65	13.68	13.68	18.65
67	13.61	25.52	13.61	13.61	18.56
68	13.17	24.69	13.17	13.17	17.96
69	14.16	26.55	14.16	14.16	19.31
170	10.57	19.82	10.57	10.57	14.41
171	10.61	19.89	10.61	10.61	14.47
172	10.45	19.59	10.45	10.45	14.25
173	10.75	20.16	10.75	10.75	14.66
174	10.76	20.18	10.76	10.76	14.67
175	10.62	19.91	10.62	10.62	14.48
176	10.55	19.78	10.55	10.55	14.39
177	10.51	19.71	10.51	10.51	14.33
178	10.60	19.88	10.60	10.60	14.45
179	10.45	19.59	10.45	10.45	14.25
70	13.85	25.97	13.85	13.85	18.89
71	13.61	25.52	13.61	13.61	18.56
72	13.84	25.95	13.84	13.84	18.87
73	13.92	26.10	13.92	13.92	18.98
74	13.76	25.80	13.76	13.76	18.76
75	13.50	25.31	13.50	13.50	18.41
76	13.64	25.58	13.64	13.64	18.60
77	13.62	25.54	13.62	13.62	18.57
78	13.84	25.95	13.84	13.84	18.87
79	13.80	25.88	13.80	13.80	18.82
180	10.64	19.95	10.64	10.64	14.51
181	10.70	20.06	10.70	10.70	14.59
182	10.77	20.19	10.77	10.77	14.69
183	10.74	20.14	10.74	10.74	14.65
184	10.52	19.73	10.52	10.52	14.35
185	10.70	20.06	10.70	10.70	14.59
186	10.47	19.63	10.47	10.47	14.28
187	10.56	19.80	10.56	10.56	14.40
188	10.72	20.10	10.72	10.72	14.62
189	10.75	20.16	10.75	10.75	14.66
80	13.05	24.47	13.05	13.05	17.80
81	13.14	24.64	13.14	13.14	17.92
82	13.76	25.80	13.76	13.76	18.76
83	13.83	25.93	13.83	13.83	18.86
84	13.18	24.71	13.18	13.18	17.97
85	13.55	25.41	13.55	13.55	18.48
86	13.81	25.89	13.81	13.81	18.83
87	13.27	24.88	13.27	13.27	18.10
88	13.22	24.79	13.22	13.22	18.03
89	13.79	25.86	13.79	13.79	18.80
190	10.61	19.89	10.61	10.61	14.47
191	10.38	19.46	10.38	10.38	14.15
192	10.61	19.89	10.61	10.61	14.47
193	10.49	19.67	10.49	10.49	14.30
194	10.52	19.73	10.52	10.52	14.35
195	10.64	19.95	10.64	10.64	14.51
196	10.56	19.80	10.56	10.56	14.40
197	10.67	20.01	10.67	10.67	14.55
198	10.53	19.74	10.53	10.53	14.36
199	10.43	19.56	10.43	10.43	14.22
90	13.71	25.71	13.71	13.71	18.70
91	13.37	25.07	13.37	13.37	18.23
92	13.75	25.78	13.75	13.75	18.75
93	13.56	25.43	13.56	13.56	18.49
94	13.29	24.92	13.29	13.29	18.12
95	13.66	25.61	13.66	13.66	18.63
96	13.56	25.43	13.56	13.56	18.49
97	13.49	25.29	13.49	13.49	18.40
98	13.81	25.89	13.81	13.81	18.83
99	13.36	25.05	13.36	13.36	18.22
