0	0.00	0.00	0.00	0.00	0.00	0.00	0.00	0.00	0.00	0.00	0.00	0.00	0.00	0.00	0.00
1	11.18	13.41	18.29	13.41	18.29	9.58	18.29	25.14	13.41	25.14	25.14	11.18	9.58	11.18	13.41
2	10.98	13.18	17.97	13.18	17.97	9.41	17.97	24.71	13.18	24.71	24.71	10.98	9.41	10.98	13.18
3	11.18	13.42	18.30	13.42	18.30	9.59	18.30	25.16	13.42	25.16	25.16	11.18	9.59	11.18	13.42
4	11.41	13.69	18.67	13.69	18.67	9.78	18.67	25.67	13.69	25.67	25.67	11.41	9.78	11.41	13.69
5	11.60	13.92	18.98	13.92	18.98	9.94	18.98	26.10	13.92	26.10	26.10	11.60	9.94	11.60	13.92
6	11.27	13.52	18.44	13.52	18.44	9.66	18.44	25.35	13.52	25.35	25.35	11.27	9.66	11.27	13.52
7	11.03	13.23	18.04	13.23	18.04	9.45	18.04	24.81	13.23	24.81	24.81	11.03	9.45	11.03	13.23
8	10.98	13.17	17.96	13.17	17.96	9.41	17.96	24.69	13.17	24.69	24.69	10.98	9.41	10.98	13.17
800	8.73	10.48	14.29	10.48	14.29	7.49	14.29	19.65	10.48	19.65	19.65	8.73	7.49	8.73	10.48
9	11.38	13.65	18.61	13.65	18.61	9.75	18.61	25.59	13.65	25.59	25.59	11.38	9.75	11.38	13.65
801	8.69	10.43	14.22	10.43	14.22	7.45	14.22	19.56	10.43	19.56	19.56	8.69	7.45	8.69	10.43
802	8.83	10.60	14.45	10.60	14.45	7.57	14.45	19.88	10.60	19.88	19.88	8.83	7.57	8.83	10.60
803	8.95	10.74	14.65	10.74	14.65	7.67	14.65	20.14	10.74	20.14	20.14	8.95	7.67	8.95	10.74
804	8.94	10.73	14.63	10.73	14.63	7.66	14.63	20.12	10.73	20.12	20.12	8.94	7.66	8.94	10.73
805	8.73	10.48	14.29	10.48	14.29	7.49	14.29	19.65	10.48	19.65	19.65	8.73	7.49	8.73	10.48
806	8.88	10.66	14.54	10.66	14.54	7.61	14.54	19.99	10.66	19.99	19.99	8.88	7.61	8.88	10.66
807	8.96	10.75	14.66	10.75	14.66	7.68	14.66	20.16	10.75	20.16	20.16	8.96	7.68	8.96	10.75
808	8.73	10.48	14.29	10.48	14.29	7.49	14.29	19.65	10.48	19.65	19.65	8.73	7.49	8.73	10.48
809	8.68	10.42	14.21	10.42	14.21	7.44	14.21	19.54	10.42	19.54	19.54	8.68	7.44	8.68	10.42
1000	2.10	2.52	3.44	2.52	3.44	1.80	3.44	4.73	2.52	4.73	4.73	2.10	1.80	2.10	2.52
810	8.92	10.70	14.59	10.70	14.59	7.64	14.59	20.06	10.70	20.06	20.06	8.92	7.64	8.92	10.70
811	8.93	10.71	14.60	10.71	14.60	7.65	14.60	20.08	10.71	20.08	20.08	8.93	7.65	8.93	10.71
812	8.81	10.57	14.41	10.57	14.41	7.55	14.41	19.82	10.57	19.82	19.82	8.81	7.55	8.81	10.57
813	8.85	10.62	14.48	10.62	14.48	7.59	14.48	19.91	10.62	19.91	19.91	8.85	7.59	8.85	10.62
814	8.96	10.75	14.66	10.75	14.66	7.68	14.66	20.16	10.75	20.16	20.16	8.96	7.68	8.96	10.75
815	8.83	10.60	14.45	10.60	14.45	7.57	14.45	19.88	10.60	19.88	19.88	8.83	7.57	8.83	10.60
816	8.77	10.53	14.36	10.53	14.36	7.52	14.36	19.74	10.53	19.74	19.74	8.77	7.52	8.77	10.53
817	8.77	10.53	14.36	10.53	14.36	7.52	14.36	19.74	10.53	19.74	19.74	8.77	7.52	8.77	10.53
818	8.79	10.55	14.39	10.55	14.39	7.54	14.39	19.78	10.55	19.78	19.78	8.79	7.54	8.79	10.55
819	8.64	10.37	14.14	10.37	14.14	7.41	14.14	19.44	10.37	19.44	19.44	8.64	7.41	8.64	10.37
820	8.89	10.67	14.55	10.67	14.55	7.62	14.55	20.01	10.67	20.01	20.01	8.89	7.62	8.89	10.67
821	8.86	10.63	14.50	10.63	14.50	7.59	14.50	19.93	10.63	19.93	19.93	8.86	7.59	8.86	10.63
1001	0.00	0.00	0.00	0.00	0.00	0.00	0.00	0.00	0.00	0.00	0.00	0.00	0.00	0.00	0.00
822	8.77	10.53	14.36	10.53	14.36	7.52	14.36	19.74	10.53	19.74	19.74	8.77	7.52	8.77	10.53
823	8.81	10.57	14.41	10.57	14.41	7.55	14.41	19.82	10.57	19.82	19.82	8.81	7.55	8.81	10.57
824	8.85	10.62	14.48	10.62	14.48	7.59	14.48	19.91	10.62	19.91	19.91	8.85	7.59	8.85	10.62
825	8.75	10.50	14.32	10.50	14.32	7.50	14.32	19.69	10.50	19.69	19.69	8.75	7.50	8.75	10.50
826	8.83	10.60	14.45	10.60	14.45	7.57	14.45	19.88	10.60	19.88	19.88	8.83	7.57	8.83	10.60
827	8.80	10.56	14.40	10.56	14.40	7.54	14.40	19.80	10.56	19.80	19.80	8.80	7.54	8.80	10.56
828	8.84	10.61	14.47	10.61	14.47	7.58	14.47	19.89	10.61	19.89	19.89	8.84	7.58	8.84	10.61
829	44.13	52.96	72.22	52.96	72.22	37.83	72.22	99.30	52.96	99.30	99.30	44.13	37.83	44.13	52.96
830	74.27	89.12	121.53	89.12	121.53	63.66	121.53	167.10	89.12	167.10	167.10	74.27	63.66	74.27	89.12
831	8.77	10.53	14.36	10.53	14.36	7.52	14.36	19.74	10.53	19.74	19.74	8.77	7.52	8.77	10.53
832	8.83	10.59	14.44	10.59	14.44	7.56	14.44	19.86	10.59	19.86	19.86	8.83	7.56	8.83	10.59
833	8.77	10.53	14.36	10.53	14.36	7.52	14.36	19.74	10.53	19.74	19.74	8.77	7.52	8.77	10.53
834	8.82	10.58	14.43	10.58	14.43	7.56	14.43	19.84	10.58	19.84	19.84	8.82	7.56	8.82	10.58
835	8.98	10.77	14.69	10.77	14.69	7.69	14.69	20.19	10.77	20.19	20.19	8.98	7.69	8.98	10.77
836	8.93	10.71	14.60	10.71	14.60	7.65	14.60	20.08	10.71	20.08	20.08	8.93	7.65	8.93	10.71
837	8.73	10.47	14.28	10.47	14.28	7.48	14.28	19.63	10.47	19.63	19.63	8.73	7.48	8.73	10.47
838	8.89	10.67	14.55	10.67	14.55	7.62	14.55	20.01	10.67	20.01	20.01	8.89	7.62	8.89	10.67
839	8.80	10.56	14.40	10.56	14.40	7.54	14.40	19.80	10.56	19.80	19.80	8.80	7.54	8.80	10.56
840	8.94	10.73	14.63	10.73	14.63	7.66	14.63	20.12	10.73	20.12	20.12	8.94	7.66	8.94	10.73
841	9.05	10.86	14.81	10.86	14.81	7.76	14.81	20.36	10.86	20.36	20.36	9.05	7.76	9.05	10.86
600	8.87	10.64	14.51	10.64	14.51	7.60	14.51	19.95	10.64	19.95	19.95	8.87	7.60	8.87	10.64
842	9.00	10.80	14.73	10.80	14.73	7.71	14.73	20.25	10.80	20.25	20.25	9.00	7.71	9.00	10.80
601	8.68	10.41	14.20	10.41	14.20	7.44	14.20	19.52	10.41	19.52	19.52	8.68	7.44	8.68	10.41
843	8.76	10.51	14.33	10.51	14.33	7.51	14.33	19.71	10.51	19.71	19.71	8.76	7.51	8.76	10.51
602	8.83	10.59	14.44	10.59	14.44	7.56	14.44	19.86	10.59	19.86	19.86	8.83	7.56	8.83	10.59
844	8.89	10.67	14.55	10.67	14.55	7.62	14.55	20.01	10.67	20.01	20.01	8.89	7.62	8.89	10.67
603	8.73	10.48	14.29	10.48	14.29	7.49	14.29	19.65	10.48	19.65	19.65	8.73	7.49	8.73	10.48
845	9.03	10.84	14.78	10.84	14.78	7.74	14.78	20.33	10.84	20.33	20.33	9.03	7.74	9.03	10.84
604	8.80	10.56	14.40	10.56	14.40	7.54	14.40	19.80	10.56	19.80	19.80	8.80	7.54	8.80	10.56
846	8.99	10.79	14.71	10.79	14.71	7.71	14.71	20.23	10.79	20.23	20.23	8.99	7.71	8.99	10.79
605	8.74	10.49	14.30	10.49	14.30	7.49	14.30	19.67	10.49	19.67	19.67	8.74	7.49	8.74	10.49
847	9.27	11.12	15.16	11.12	15.16	7.94	15.16	20.85	11.12	20.85	20.85	9.27	7.94	9.27	11.12
606	8.86	10.63	14.50	10.63	14.50	7.59	14.50	19.93	10.63	19.93	19.93	8.86	7.59	8.86	10.63
848	8.72	10.46	14.26	10.46	14.26	7.47	14.26	19.61	10.46	19.61	19.61	8.72	7.47	8.72	10.46
607	8.78	10.54	14.37	10.54	14.37	7.53	14.37	19.76	10.54	19.76	19.76	8.78	7.53	8.78	10.54
849	8.84	10.61	14.47	10.61	14.47	7.58	14.47	19.89	10.61	19.89	19.89	8.84	7.58	8.84	10.61
608	8.74	10.49	14.30	10.49	14.30	7.49	14.30	19.67	10.49	19.67	19.67	8.74	7.49	8.74	10.49
609	8.83	10.60	14.45	10.60	14.45	7.57	14.45	19.88	10.60	19.88	19.88	8.83	7.57	8.83	10.60
850	8.80	10.56	14.40	10.56	14.40	7.54	14.40	19.80	10.56	19.80	19.80	8.80	7.54	8.80	10.56
851	9.07	10.88	14.84	10.88	14.84	7.77	14.84	20.40	10.88	20.40	20.40	9.07	7.77	9.07	10.88
610	8.77	10.52	14.35	10.52	14.35	7.51	14.35	19.73	10.52	19.73	19.73	8.77	7.51	8.77	10.52
852	8.68	10.41	14.20	10.41	14.20	7.44	14.20	19.52	10.41	19.52	19.52	8.68	7.44	8.68	10.41
611	8.81	10.57	14.41	10.57	14.41	7.55	14.41	19.82	10.57	19.82	19.82	8.81	7.55	8.81	10.57
853	9.08	10.90	14.86	10.90	14.86	7.79	14.86	20.44	10.90	20.44	20.44	9.08	7.79	9.08	10.90
612	8.87	10.64	14.51	10.64	14.51	7.60	14.51	19.95	10.64	19.95	19.95	8.87	7.60	8.87	10.64
854	9.00	10.80	14.73	10.80	14.73	7.71	14.73	20.25	10.80	20.25	20.25	9.00	7.71	9.00	10.80
613	8.83	10.60	14.45	10.60	14.45	7.57	14.45	19.88	10.60	19.88	19.88	8.83	7.57	8.83	10.60
855	8.73	10.47	14.28	10.47	14.28	7.48	14.28	19.63	10.47	19.63	19.63	8.73	7.48	8.73	10.47
614	8.90	10.68	14.56	10.68	14.56	7.63	14.56	20.03	10.68	20.03	20.03	8.90	7.63	8.90	10.68
856	9.14	10.97	14.96	10.97	14.96	7.84	14.96	20.57	10.97	20.57	20.57	9.14	7.84	9.14	10.97
615	8.88	10.66	14.54	10.66	14.54	7.61	14.54	19.99	10.66	19.99	19.99	8.88	7.61	8.88	10.66
857	9.06	10.87	14.82	10.87	14.82	7.76	14.82	20.38	10.87	20.38	20.38	9.06	7.76	9.06	10.87
616	8.92	10.70	14.59	10.70	14.59	7.64	14.59	20.06	10.70	20.06	20.06	8.92	7.64	8.92	10.70
858	8.64	10.37	14.14	10.37	14.14	7.41	14.14	19.44	10.37	19.44	19.44	8.64	7.41	8.64	10.37
617	8.79	10.55	14.39	10.55	14.39	7.54	14.39	19.78	10.55	19.78	19.78	8.79	7.54	8.79	10.55
859	8.79	10.55	14.39	10.55	14.39	7.54	14.39	19.78	10.55	19.78	19.78	8.79	7.54	8.79	10.55
618	8.71	10.45	14.25	10.45	14.25	7.46	14.25	19.59	10.45	19.59	19.59	8.71	7.46	8.71	10.45
619	8.81	10.57	14.41	10.57	14.41	7.55	14.41	19.82	10.57	19.82	19.82	8.81	7.55	8.81	10.57
860	9.02	10.82	14.75	10.82	14.75	7.73	14.75	20.29	10.82	20.29	20.29	9.02	7.73	9.02	10.82
861	9.00	10.80	14.73	10.80	14.73	7.71	14.73	20.25	10.80	20.25	20.25	9.00	7.71	9.00	10.80
620	8.83	10.59	14.44	10.59	14.44	7.56	14.44	19.86	10.59	19.86	19.86	8.83	7.56	8.83	10.59
862	8.81	10.57	14.41	10.57	14.41	7.55	14.41	19.82	10.57	19.82	19.82	8.81	7.55	8.81	10.57
621	8.85	10.62	14.48	10.62	14.48	7.59	14.48	19.91	10.62	19.91	19.91	8.85	7.59	8.85	10.62
863	8.71	10.45	14.25	10.45	14.25	7.46	14.25	19.59	10.45	19.59	19.59	8.71	7.46	8.71	10.45
622	8.72	10.46	14.26	10.46	14.26	7.47	14.26	19.61	10.46	19.61	19.61	8.72	7.47	8.72	10.46
864	8.94	10.73	14.63	10.73	14.63	7.66	14.63	20.12	10.73	20.12	20.12	8.94	7.66	8.94	10.73
623	8.89	10.67	14.55	10.67	14.55	7.62	14.55	20.01	10.67	20.01	20.01	8.89	7.62	8.89	10.67
865	9.03	10.83	14.77	10.83	14.77	7.74	14.77	20.31	10.83	20.31	20.31	9.03	7.74	9.03	10.83
624	8.88	10.65	14.52	10.65	14.52	7.61	14.52	19.97	10.65	19.97	19.97	8.88	7.61	8.88	10.65
866	8.77	10.52	14.35	10.52	14.35	7.51	14.35	19.73	10.52	19.73	19.73	8.77	7.51	8.77	10.52
625	8.92	10.70	14.59	10.70	14.59	7.64	14.59	20.06	10.70	20.06	20.06	8.92	7.64	8.92	10.70
867	8.93	10.72	14.62	10.72	14.62	7.66	14.62	20.10	10.72	20.10	20.10	8.93	7.66	8.93	10.72
626	8.87	10.64	14.51	10.64	14.51	7.60	14.51	19.95	10.64	19.95	19.95	8.87	7.60	8.87	10.64
868	9.14	10.97	14.96	10.97	14.96	7.84	14.96	20.57	10.97	20.57	20.57	9.14	7.84	9.14	10.97
627	8.82	10.58	14.43	10.58	14.43	7.56	14.43	19.84	10.58	19.84	19.84	8.82	7.56	8.82	10.58
869	8.85	10.62	14.48	10.62	14.48	7.59	14.48	19.91	10.62	19.91	19.91	8.85	7.59	8.85	10.62
628	8.79	10.55	14.39	10.55	14.39	7.54	14.39	19.78	10.55	19.78	19.78	8.79	7.54	8.79	10.55
629	8.88	10.65	14.52	10.65	14.52	7.61	14.52	19.97	10.65	19.97	19.97	8.88	7.61	8.88	10.65
870	8.99	10.79	14.71	10.79	14.71	7.71	14.71	20.23	10.79	20.23	20.23	8.99	7.71	8.99	10.79
871	9.08	10.90	14.86	10.90	14.86	7.79	14.86	20.44	10.90	20.44	20.44	9.08	7.79	9.08	10.90
630	8.86	10.63	14.50	10.63	14.50	7.59	14.50	19.93	10.63	19.93	19.93	8.86	7.59	8.86	10.63
872	8.81	10.57	14.41	10.57	14.41	7.55	14.41	19.82	10.57	19.82	19.82	8.81	7.55	8.81	10.57
631	8.82	10.58	14.43	10.58	14.43	7.56	14.43	19.84	10.58	19.84	19.84	8.82	7.56	8.82	10.58
873	8.71	10.45	14.25	10.45	14.25	7.46	14.25	19.59	10.45	19.59	19.59	8.71	7.46	8.71	10.45
632	8.73	10.48	14.29	10.48	14.29	7.49	14.29	19.65	10.48	19.65	19.65	8.73	7.49	8.73	10.48
874	8.86	10.63	14.50	10.63	14.50	7.59	14.50	19.93	10.63	19.93	19.93	8.86	7.59	8.86	10.63
633	8.80	10.56	14.40	10.56	14.40	7.54	14.40	19.80	10.56	19.80	19.80	8.80	7.54	8.80	10.56
875	9.15	10.98	14.97	10.98	14.97	7.84	14.97	20.59	10.98	20.59	20.59	9.15	7.84	9.15	10.98
634	8.79	10.55	14.39	10.55	14.39	7.54	14.39	19.78	10.55	19.78	19.78	8.79	7.54	8.79	10.55
876	8.93	10.72	14.62	10.72	14.62	7.66	14.62	20.10	10.72	20.10	20.10	8.93	7.66	8.93	10.72
635	8.83	10.60	14.45	10.60	14.45	7.57	14.45	19.88	10.60	19.88	19.88	8.83	7.57	8.83	10.60
877	8.94	10.73	14.63	10.73	14.63	7.66	14.63	20.12	10.73	20.12	20.12	8.94	7.66	8.94	10.73
636	8.84	10.61	14.47	10.61	14.47	7.58	14.47	19.89	10.61	19.89	19.89	8.84	7.58	8.84	10.61
878	8.91	10.69	14.58	10.69	14.58	7.64	14.58	20.04	10.69	20.04	20.04	8.91	7.64	8.91	10.69
637	8.83	10.60	14.45	10.60	14.45	7.57	14.45	19.88	10.60	19.88	19.88	8.83	7.57	8.83	10.60
879	8.93	10.72	14.62	10.72	14.62	7.66	14.62	20.10	10.72	20.10	20.10	8.93	7.66	8.93	10.72
638	8.78	10.54	14.37	10.54	14.37	7.53	14.37	19.76	10.54	19.76	19.76	8.78	7.53	8.78	10.54
639	8.78	10.54	14.37	10.54	14.37	7.53	14.37	19.76	10.54	19.76	19.76	8.78	7.53	8.78	10.54
880	8.89	10.67	14.55	10.67	14.55	7.62	14.55	20.01	10.67	20.01	20.01	8.89	7.62	8.89	10.67
881	8.93	10.71	14.60	10.71	14.60	7.65	14.60	20.08	10.71	20.08	20.08	8.93	7.65	8.93	10.71
640	8.75	10.50	14.32	10.50	14.32	7.50	14.32	19.69	10.50	19.69	19.69	8.75	7.50	8.75	10.50
882	8.97	10.76	14.67	10.76	14.67	7.69	14.67	20.18	10.76	20.18	20.18	8.97	7.69	8.97	10.76
641	8.84	10.61	14.47	10.61	14.47	7.58	14.47	19.89	10.61	19.89	19.89	8.84	7.58	8.84	10.61
883	8.78	10.54	14.37	10.54	14.37	7.53	14.37	19.76	10.54	19.76	19.76	8.78	7.53	8.78	10.54
400	8.88	10.66	14.54	10.66	14.54	7.61	14.54	19.99	10.66	19.99	19.99	8.88	7.61	8.88	10.66
642	8.90	10.68	14.56	10.68	14.56	7.63	14.56	20.03	10.68	20.03	20.03	8.90	7.63	8.90	10.68
884	8.92	10.70	14.59	10.70	14.59	7.64	14.59	20.06	10.70	20.06	20.06	8.92	7.64	8.92	10.70
401	8.75	10.50	14.32	10.50	14.32	7.50	14.32	19.69	10.50	19.69	19.69	8.75	7.50	8.75	10.50
643	8.88	10.66	14.54	10.66	14.54	7.61	14.54	19.99	10.66	19.99	19.99	8.88	7.61	8.88	10.66
885	9.08	10.90	14.86	10.90	14.86	7.79	14.86	20.44	10.90	20.44	20.44	9.08	7.79	9.08	10.90
402	8.88	10.66	14.54	10.66	14.54	7.61	14.54	19.99	10.66	19.99	19.99	8.88	7.61	8.88	10.66
644	8.84	10.61	14.47	10.61	14.47	7.58	14.47	19.89	10.61	19.89	19.89	8.84	7.58	8.84	10.61
886	9.21	11.05	15.07	11.05	15.07	7.89	15.07	20.72	11.05	20.72	20.72	9.21	7.89	9.21	11.05
403	8.88	10.66	14.54	10.66	14.54	7.61	14.54	19.99	10.66	19.99	19.99	8.88	7.61	8.88	10.66
645	8.78	10.54	14.37	10.54	14.37	7.53	14.37	19.76	10.54	19.76	19.76	8.78	7.53	8.78	10.54
887	8.97	10.76	14.67	10.76	14.67	7.69	14.67	20.18	10.76	20.18	20.18	8.97	7.69	8.97	10.76
404	8.88	10.66	14.54	10.66	14.54	7.61	14.54	19.99	10.66	19.99	19.99	8.88	7.61	8.88	10.66
646	8.83	10.60	14.45	10.60	14.45	7.57	14.45	19.88	10.60	19.88	19.88	8.83	7.57	8.83	10.60
888	8.90	10.68	14.56	10.68	14.56	7.63	14.56	20.03	10.68	20.03	20.03	8.90	7.63	8.90	10.68
405	8.67	10.40	14.18	10.40	14.18	7.43	14.18	19.50	10.40	19.50	19.50	8.67	7.43	8.67	10.40
647	8.83	10.60	14.45	10.60	14.45	7.57	14.45	19.88	10.60	19.88	19.88	8.83	7.57	8.83	10.60
889	8.85	10.62	14.48	10.62	14.48	7.59	14.48	19.91	10.62	19.91	19.91	8.85	7.59	8.85	10.62
406	8.83	10.59	14.44	10.59	14.44	7.56	14.44	19.86	10.59	19.86	19.86	8.83	7.56	8.83	10.59
648	8.80	10.56	14.40	10.56	14.40	7.54	14.40	19.80	10.56	19.80	19.80	8.80	7.54	8.80	10.56
407	8.80	10.56	14.40	10.56	14.40	7.54	14.40	19.80	10.56	19.80	19.80	8.80	7.54	8.80	10.56
649	8.86	10.63	14.50	10.63	14.50	7.59	14.50	19.93	10.63	19.93	19.93	8.86	7.59	8.86	10.63
408	8.71	10.45	14.25	10.45	14.25	7.46	14.25	19.59	10.45	19.59	19.59	8.71	7.46	8.71	10.45
409	8.83	10.60	14.45	10.60	14.45	7.57	14.45	19.88	10.60	19.88	19.88	8.83	7.57	8.83	10.60
890	8.58	10.29	14.03	10.29	14.03	7.35	14.03	19.29	10.29	19.29	19.29	8.58	7.35	8.58	10.29
891	8.86	10.63	14.50	10.63	14.50	7.59	14.50	19.93	10.63	19.93	19.93	8.86	7.59	8.86	10.63
650	8.74	10.49	14.30	10.49	14.30	7.49	14.30	19.67	10.49	19.67	19.67	8.74	7.49	8.74	10.49
892	8.79	10.55	14.39	10.55	14.39	7.54	14.39	19.78	10.55	19.78	19.78	8.79	7.54	8.79	10.55
651	8.91	10.69	14.58	10.69	14.58	7.64	14.58	20.04	10.69	20.04	20.04	8.91	7.64	8.91	10.69
893	9.06	10.87	14.82	10.87	14.82	7.76	14.82	20.38	10.87	20.38	20.38	9.06	7.76	9.06	10.87
410	9.00	10.80	14.73	10.80	14.73	7.71	14.73	20.25	10.80	20.25	20.25	9.00	7.71	9.00	10.80
652	8.86	10.63	14.50	10.63	14.50	7.59	14.50	19.93	10.63	19.93	19.93	8.86	7.59	8.86	10.63
894	8.83	10.60	14.45	10.60	14.45	7.57	14.45	19.88	10.60	19.88	19.88	8.83	7.57	8.83	10.60
411	8.89	10.67	14.55	10.67	14.55	7.62	14.55	20.01	10.67	20.01	20.01	8.89	7.62	8.89	10.67
653	8.93	10.72	14.62	10.72	14.62	7.66	14.62	20.10	10.72	20.10	20.10	8.93	7.66	8.93	10.72
895	9.27	11.12	15.16	11.12	15.16	7.94	15.16	20.85	11.12	20.85	20.85	9.27	7.94	9.27	11.12
412	8.82	10.58	14.43	10.58	14.43	7.56	14.43	19.84	10.58	19.84	19.84	8.82	7.56	8.82	10.58
654	8.83	10.59	14.44	10.59	14.44	7.56	14.44	19.86	10.59	19.86	19.86	8.83	7.56	8.83	10.59
896	9.14	10.97	14.96	10.97	14.96	7.84	14.96	20.57	10.97	20.57	20.57	9.14	7.84	9.14	10.97
413	8.83	10.59	14.44	10.59	14.44	7.56	14.44	19.86	10.59	19.86	19.86	8.83	7.56	8.83	10.59
655	8.72	10.46	14.26	10.46	14.26	7.47	14.26	19.61	10.46	19.61	19.61	8.72	7.47	8.72	10.46
897	9.11	10.93	14.90	10.93	14.90	7.81	14.90	20.49	10.93	20.49	20.49	9.11	7.81	9.11	10.93
414	8.92	10.70	14.59	10.70	14.59	7.64	14.59	20.06	10.70	20.06	20.06	8.92	7.64	8.92	10.70
656	8.84	10.61	14.47	10.61	14.47	7.58	14.47	19.89	10.61	19.89	19.89	8.84	7.58	8.84	10.61
898	9.11	10.93	14.90	10.93	14.90	7.81	14.90	20.49	10.93	20.49	20.49	9.11	7.81	9.11	10.93
415	8.79	10.55	14.39	10.55	14.39	7.54	14.39	19.78	10.55	19.78	19.78	8.79	7.54	8.79	10.55
657	8.78	10.54	14.37	10.54	14.37	7.53	14.37	19.76	10.54	19.76	19.76	8.78	7.53	8.78	10.54
899	8.84	10.61	14.47	10.61	14.47	7.58	14.47	19.89	10.61	19.89	19.89	8.84	7.58	8.84	10.61
416	8.93	10.71	14.60	10.71	14.60	7.65	14.60	20.08	10.71	20.08	20.08	8.93	7.65	8.93	10.71
658	8.68	10.42	14.21	10.42	14.21	7.44	14.21	19.54	10.42	19.54	19.54	8.68	7.44	8.68	10.42
417	8.87	10.64	14.51	10.64	14.51	7.60	14.51	19.95	10.64	19.95	19.95	8.87	7.60	8.87	10.64
659	8.83	10.60	14.45	10.60	14.45	7.57	14.45	19.88	10.60	19.88	19.88	8.83	7.57	8.83	10.60
418	8.68	10.41	14.20	10.41	14.20	7.44	14.20	19.52	10.41	19.52	19.52	8.68	7.44	8.68	10.41
419	8.82	10.58	14.43	10.58	14.43	7.56	14.43	19.84	10.58	19.84	19.84	8.82	7.56	8.82	10.58
660	8.84	10.61	14.47	10.61	14.47	7.58	14.47	19.89	10.61	19.89	19.89	8.84	7.58	8.84	10.61
661	8.77	10.52	14.35	10.52	14.35	7.51	14.35	19.73	10.52	19.73	19.73	8.77	7.51	8.77	10.52
420	8.73	10.48	14.29	10.48	14.29	7.49	14.29	19.65	10.48	19.65	19.65	8.73	7.49	8.73	10.48
662	8.68	10.42	14.21	10.42	14.21	7.44	14.21	19.54	10.42	19.54	19.54	8.68	7.44	8.68	10.42
421	8.87	10.64	14.51	10.64	14.51	7.60	14.51	19.95	10.64	19.95	19.95	8.87	7.60	8.87	10.64
663	8.74	10.49	14.30	10.49	14.30	7.49	14.30	19.67	10.49	19.67	19.67	8.74	7.49	8.74	10.49
422	8.77	10.52	14.35	10.52	14.35	7.51	14.35	19.73	10.52	19.73	19.73	8.77	7.51	8.77	10.52
664	8.89	10.67	14.55	10.67	14.55	7.62	14.55	20.01	10.67	20.01	20.01	8.89	7.62	8.89	10.67
423	8.77	10.53	14.36	10.53	14.36	7.52	14.36	19.74	10.53	19.74	19.74	8.77	7.52	8.77	10.53
665	8.79	10.55	14.39	10.55	14.39	7.54	14.39	19.78	10.55	19.78	19.78	8.79	7.54	8.79	10.55
424	8.93	10.72	14.62	10.72	14.62	7.66	14.62	20.10	10.72	20.10	20.10	8.93	7.66	8.93	10.72
666	8.94	10.73	14.63	10.73	14.63	7.66	14.63	20.12	10.73	20.12	20.12	8.94	7.66	8.94	10.73
425	8.87	10.64	14.51	10.64	14.51	7.60	14.51	19.95	10.64	19.95	19.95	8.87	7.60	8.87	10.64
667	8.85	10.62	14.48	10.62	14.48	7.59	14.48	19.91	10.62	19.91	19.91	8.85	7.59	8.85	10.62
426	8.86	10.63	14.50	10.63	14.50	7.59	14.50	19.93	10.63	19.93	19.93	8.86	7.59	8.86	10.63
668	8.79	10.55	14.39	10.55	14.39	7.54	14.39	19.78	10.55	19.78	19.78	8.79	7.54	8.79	10.55
427	8.95	10.74	14.65	10.74	14.65	7.67	14.65	20.14	10.74	20.14	20.14	8.95	7.67	8.95	10.74
669	8.89	10.67	14.55	10.67	14.55	7.62	14.55	20.01	10.67	20.01	20.01	8.89	7.62	8.89	10.67
428	8.92	10.70	14.59	10.70	14.59	7.64	14.59	20.06	10.70	20.06	20.06	8.92	7.64	8.92	10.70
429	8.93	10.72	14.62	10.72	14.62	7.66	14.62	20.10	10.72	20.10	20.10	8.93	7.66	8.93	10.72
670	8.94	10.73	14.63	10.73	14.63	7.66	14.63	20.12	10.73	20.12	20.12	8.94	7.66	8.94	10.73
671	8.71	10.45	14.25	10.45	14.25	7.46	14.25	19.59	10.45	19.59	19.59	8.71	7.46	8.71	10.45
430	8.73	10.48	14.29	10.48	14.29	7.49	14.29	19.65	10.48	19.65	19.65	8.73	7.49	8.73	10.48
672	8.67	10.40	14.18	10.40	14.18	7.43	14.18	19.50	10.40	19.50	19.50	8.67	7.43	8.67	10.40
431	8.94	10.73	14.63	10.73	14.63	7.66	14.63	20.12	10.73	20.12	20.12	8.94	7.66	8.94	10.73
673	8.65	10.38	14.15	10.38	14.15	7.41	14.15	19.46	10.38	19.46	19.46	8.65	7.41	8.65	10.38
432	8.90	10.68	14.56	10.68	14.56	7.63	14.56	20.03	10.68	20.03	20.03	8.90	7.63	8.90	10.68
674	8.63	10.36	14.13	10.36	14.13	7.40	14.13	19.43	10.36	19.43	19.43	8.63	7.40	8.63	10.36
433	8.63	10.36	14.13	10.36	14.13	7.40	14.13	19.43	10.36	19.43	19.43	8.63	7.40	8.63	10.36
675	8.75	10.50	14.32	10.50	14.32	7.50	14.32	19.69	10.50	19.69	19.69	8.75	7.50	8.75	10.50
434	8.75	10.50	14.32	10.50	14.32	7.50	14.32	19.69	10.50	19.69	19.69	8.75	7.50	8.75	10.50
676	8.79	10.55	14.39	10.55	14.39	7.54	14.39	19.78	10.55	19.78	19.78	8.79	7.54	8.79	10.55
435	8.77	10.52	14.35	10.52	14.35	7.51	14.35	19.73	10.52	19.73	19.73	8.77	7.51	8.77	10.52
677	8.78	10.54	14.37	10.54	14.37	7.53	14.37	19.76	10.54	19.76	19.76	8.78	7.53	8.78	10.54
436	8.69	10.43	14.22	10.43	14.22	7.45	14.22	19.56	10.43	19.56	19.56	8.69	7.45	8.69	10.43
678	8.81	10.57	14.41	10.57	14.41	7.55	14.41	19.82	10.57	19.82	19.82	8.81	7.55	8.81	10.57
437	8.78	10.54	14.37	10.54	14.37	7.53	14.37	19.76	10.54	19.76	19.76	8.78	7.53	8.78	10.54
679	8.83	10.60	14.45	10.60	14.45	7.57	14.45	19.88	10.60	19.88	19.88	8.83	7.57	8.83	10.60
438	8.83	10.60	14.45	10.60	14.45	7.57	14.45	19.88	10.60	19.88	19.88	8.83	7.57	8.83	10.60
439	8.78	10.54	14.37	10.54	14.37	7.53	14.37	19.76	10.54	19.76	19.76	8.78	7.53	8.78	10.54
680	8.82	10.58	14.43	10.58	14.43	7.56	14.43	19.84	10.58	19.84	19.84	8.82	7.56	8.82	10.58
681	8.84	10.61	14.47	10.61	14.47	7.58	14.47	19.89	10.61	19.89	19.89	8.84	7.58	8.84	10.61
440	8.90	10.68	14.56	10.68	14.56	7.63	14.56	20.03	10.68	20.03	20.03	8.90	7.63	8.90	10.68
682	8.89	10.67	14.55	10.67	14.55	7.62	14.55	20.01	10.67	20.01	20.01	8.89	7.62	8.89	10.67
441	8.95	10.74	14.65	10.74	14.65	7.67	14.65	20.14	10.74	20.14	20.14	8.95	7.67	8.95	10.74
683	8.67	10.40	14.18	10.40	14.18	7.43	14.18	19.50	10.40	19.50	19.50	8.67	7.43	8.67	10.40
200	8.83	10.59	14.44	10.59	14.44	7.56	14.44	19.86	10.59	19.86	19.86	8.83	7.56	8.83	10.59
442	8.90	10.68	14.56	10.68	14.56	7.63	14.56	20.03	10.68	20.03	20.03	8.90	7.63	8.90	10.68
684	8.67	10.40	14.18	10.40	14.18	7.43	14.18	19.50	10.40	19.50	19.50	8.67	7.43	8.67	10.40
201	8.93	10.72	14.62	10.72	14.62	7.66	14.62	20.10	10.72	20.10	20.10	8.93	7.66	8.93	10.72
443	8.83	10.60	14.45	10.60	14.45	7.57	14.45	19.88	10.60	19.88	19.88	8.83	7.57	8.83	10.60
685	8.93	10.71	14.60	10.71	14.60	7.65	14.60	20.08	10.71	20.08	20.08	8.93	7.65	8.93	10.71
202	8.79	10.55	14.39	10.55	14.39	7.54	14.39	19.78	10.55	19.78	19.78	8.79	7.54	8.79	10.55
444	8.94	10.73	14.63	10.73	14.63	7.66	14.63	20.12	10.73	20.12	20.12	8.94	7.66	8.94	10.73
686	8.75	10.50	14.32	10.50	14.32	7.50	14.32	19.69	10.50	19.69	19.69	8.75	7.50	8.75	10.50
203	8.95	10.74	14.65	10.74	14.65	7.67	14.65	20.14	10.74	20.14	20.14	8.95	7.67	8.95	10.74
445	8.90	10.68	14.56	10.68	14.56	7.63	14.56	20.03	10.68	20.03	20.03	8.90	7.63	8.90	10.68
687	8.74	10.49	14.30	10.49	14.30	7.49	14.30	19.67	10.49	19.67	19.67	8.74	7.49	8.74	10.49
204	8.79	10.55	14.39	10.55	14.39	7.54	14.39	19.78	10.55	19.78	19.78	8.79	7.54	8.79	10.55
446	8.83	10.59	14.44	10.59	14.44	7.56	14.44	19.86	10.59	19.86	19.86	8.83	7.56	8.83	10.59
688	8.73	10.48	14.29	10.48	14.29	7.49	14.29	19.65	10.48	19.65	19.65	8.73	7.49	8.73	10.48
205	8.98	10.78	14.70	10.78	14.70	7.70	14.70	20.21	10.78	20.21	20.21	8.98	7.70	8.98	10.78
447	8.93	10.71	14.60	10.71	14.60	7.65	14.60	20.08	10.71	20.08	20.08	8.93	7.65	8.93	10.71
689	8.76	10.51	14.33	10.51	14.33	7.51	14.33	19.71	10.51	19.71	19.71	8.76	7.51	8.76	10.51
206	8.81	10.57	14.41	10.57	14.41	7.55	14.41	19.82	10.57	19.82	19.82	8.81	7.55	8.81	10.57
448	8.89	10.67	14.55	10.67	14.55	7.62	14.55	20.01	10.67	20.01	20.01	8.89	7.62	8.89	10.67
207	8.87	10.64	14.51	10.64	14.51	7.60	14.51	19.95	10.64	19.95	19.95	8.87	7.60	8.87	10.64
449	8.75	10.50	14.32	10.50	14.32	7.50	14.32	19.69	10.50	19.69	19.69	8.75	7.50	8.75	10.50
208	8.85	10.62	14.48	10.62	14.48	7.59	14.48	19.91	10.62	19.91	19.91	8.85	7.59	8.85	10.62
209	8.87	10.64	14.51	10.64	14.51	7.60	14.51	19.95	10.64	19.95	19.95	8.87	7.60	8.87	10.64
690	8.78	10.54	14.37	10.54	14.37	7.53	14.37	19.76	10.54	19.76	19.76	8.78	7.53	8.78	10.54
691	8.96	10.75	14.66	10.75	14.66	7.68	14.66	20.16	10.75	20.16	20.16	8.96	7.68	8.96	10.75
450	8.73	10.48	14.29	10.48	14.29	7.49	14.29	19.65	10.48	19.65	19.65	8.73	7.49	8.73	10.48
692	8.80	10.56	14.40	10.56	14.40	7.54	14.40	19.80	10.56	19.80	19.80	8.80	7.54	8.80	10.56
451	8.77	10.53	14.36	10.53	14.36	7.52	14.36	19.74	10.53	19.74	19.74	8.77	7.52	8.77	10.53
693	8.77	10.53	14.36	10.53	14.36	7.52	14.36	19.74	10.53	19.74	19.74	8.77	7.52	8.77	10.53
210	8.72	10.46	14.26	10.46	14.26	7.47	14.26	19.61	10.46	19.61	19.61	8.72	7.47	8.72	10.46
452	8.89	10.67	14.55	10.67	14.55	7.62	14.55	20.01	10.67	20.01	20.01	8.89	7.62	8.89	10.67
694	8.86	10.63	14.50	10.63	14.50	7.59	14.50	19.93	10.63	19.93	19.93	8.86	7.59	8.86	10.63
211	8.79	10.55	14.39	10.55	14.39	7.54	14.39	19.78	10.55	19.78	19.78	8.79	7.54	8.79	10.55
453	8.73	10.47	14.28	10.47	14.28	7.48	14.28	19.63	10.47	19.63	19.63	8.73	7.48	8.73	10.47
695	9.00	10.80	14.73	10.80	14.73	7.71	14.73	20.25	10.80	20.25	20.25	9.00	7.71	9.00	10.80
212	8.94	10.73	14.63	10.73	14.63	7.66	14.63	20.12	10.73	20.12	20.12	8.94	7.66	8.94	10.73
454	8.79	10.55	14.39	10.55	14.39	7.54	14.39	19.78	10.55	19.78	19.78	8.79	7.54	8.79	10.55
696	8.89	10.67	14.55	10.67	14.55	7.62	14.55	20.01	10.67	20.01	20.01	8.89	7.62	8.89	10.67
213	8.64	10.37	14.14	10.37	14.14	7.41	14.14	19.44	10.37	19.44	19.44	8.64	7.41	8.64	10.37
455	8.83	10.60	14.45	10.60	14.45	7.57	14.45	19.88	10.60	19.88	19.88	8.83	7.57	8.83	10.60
697	8.76	10.51	14.33	10.51	14.33	7.51	14.33	19.71	10.51	19.71	19.71	8.76	7.51	8.76	10.51
214	8.93	10.71	14.60	10.71	14.60	7.65	14.60	20.08	10.71	20.08	20.08	8.93	7.65	8.93	10.71
456	8.84	10.61	14.47	10.61	14.47	7.58	14.47	19.89	10.61	19.89	19.89	8.84	7.58	8.84	10.61
698	8.73	10.48	14.29	10.48	14.29	7.49	14.29	19.65	10.48	19.65	19.65	8.73	7.49	8.73	10.48
215	8.88	10.66	14.54	10.66	14.54	7.61	14.54	19.99	10.66	19.99	19.99	8.88	7.61	8.88	10.66
457	8.91	10.69	14.58	10.69	14.58	7.64	14.58	20.04	10.69	20.04	20.04	8.91	7.64	8.91	10.69
699	8.98	10.77	14.69	10.77	14.69	7.69	14.69	20.19	10.77	20.19	20.19	8.98	7.69	8.98	10.77
216	9.01	10.81	14.74	10.81	14.74	7.72	14.74	20.27	10.81	20.27	20.27	9.01	7.72	9.01	10.81
458	8.83	10.60	14.45	10.60	14.45	7.57	14.45	19.88	10.60	19.88	19.88	8.83	7.57	8.83	10.60
217	8.83	10.60	14.45	10.60	14.45	7.57	14.45	19.88	10.60	19.88	19.88	8.83	7.57	8.83	10.60
459	8.79	10.55	14.39	10.55	14.39	7.54	14.39	19.78	10.55	19.78	19.78	8.79	7.54	8.79	10.55
218	8.88	10.66	14.54	10.66	14.54	7.61	14.54	19.99	10.66	19.99	19.99	8.88	7.61	8.88	10.66
219	8.78	10.54	14.37	10.54	14.37	7.53	14.37	19.76	10.54	19.76	19.76	8.78	7.53	8.78	10.54
460	8.89	10.67	14.55	10.67	14.55	7.62	14.55	20.01	10.67	20.01	20.01	8.89	7.62	8.89	10.67
461	8.79	10.55	14.39	10.55	14.39	7.54	14.39	19.78	10.55	19.78	19.78	8.79	7.54	8.79	10.55
220	8.85	10.62	14.48	10.62	14.48	7.59	14.48	19.91	10.62	19.91	19.91	8.85	7.59	8.85	10.62
462	8.90	10.68	14.56	10.68	14.56	7.63	14.56	20.03	10.68	20.03	20.03	8.90	7.63	8.90	10.68
221	8.88	10.65	14.52	10.65	14.52	7.61	14.52	19.97	10.65	19.97	19.97	8.88	7.61	8.88	10.65
463	8.69	10.43	14.22	10.43	14.22	7.45	14.22	19.56	10.43	19.56	19.56	8.69	7.45	8.69	10.43
222	9.04	10.85	14.80	10.85	14.80	7.75	14.80	20.34	10.85	20.34	20.34	9.04	7.75	9.04	10.85
464	8.77	10.53	14.36	10.53	14.36	7.52	14.36	19.74	10.53	19.74	19.74	8.77	7.52	8.77	10.53
223	8.77	10.53	14.36	10.53	14.36	7.52	14.36	19.74	10.53	19.74	19.74	8.77	7.52	8.77	10.53
465	8.86	10.63	14.50	10.63	14.50	7.59	14.50	19.93	10.63	19.93	19.93	8.86	7.59	8.86	10.63
224	8.83	10.60	14.45	10.60	14.45	7.57	14.45	19.88	10.60	19.88	19.88	8.83	7.57	8.83	10.60
466	8.85	10.62	14.48	10.62	14.48	7.59	14.48	19.91	10.62	19.91	19.91	8.85	7.59	8.85	10.62
225	8.90	10.68	14.56	10.68	14.56	7.63	14.56	20.03	10.68	20.03	20.03	8.90	7.63	8.90	10.68
467	8.79	10.55	14.39	10.55	14.39	7.54	14.39	19.78	10.55	19.78	19.78	8.79	7.54	8.79	10.55
226	8.83	10.60	14.45	10.60	14.45	7.57	14.45	19.88	10.60	19.88	19.88	8.83	7.57	8.83	10.60
468	8.89	10.67	14.55	10.67	14.55	7.62	14.55	20.01	10.67	20.01	20.01	8.89	7.62	8.89	10.67
227	8.65	10.38	14.15	10.38	14.15	7.41	14.15	19.46	10.38	19.46	19.46	8.65	7.41	8.65	10.38
469	8.83	10.59	14.44	10.59	14.44	7.56	14.44	19.86	10.59	19.86	19.86	8.83	7.56	8.83	10.59
228	8.77	10.52	14.35	10.52	14.35	7.51	14.35	19.73	10.52	19.73	19.73	8.77	7.51	8.77	10.52
229	8.80	10.56	14.40	10.56	14.40	7.54	14.40	19.80	10.56	19.80	19.80	8.80	7.54	8.80	10.56
470	8.73	10.48	14.29	10.48	14.29	7.49	14.29	19.65	10.48	19.65	19.65	8.73	7.49	8.73	10.48
471	8.96	10.75	14.66	10.75	14.66	7.68	14.66	20.16	10.75	20.16	20.16	8.96	7.68	8.96	10.75
230	8.68	10.42	14.21	10.42	14.21	7.44	14.21	19.54	10.42	19.54	19.54	8.68	7.44	8.68	10.42
472	8.85	10.62	14.48	10.62	14.48	7.59	14.48	19.91	10.62	19.91	19.91	8.85	7.59	8.85	10.62
231	8.73	10.48	14.29	10.48	14.29	7.49	14.29	19.65	10.48	19.65	19.65	8.73	7.49	8.73	10.48
473	8.89	10.67	14.55	10.67	14.55	7.62	14.55	20.01	10.67	20.01	20.01	8.89	7.62	8.89	10.67
232	8.74	10.49	14.30	10.49	14.30	7.49	14.30	19.67	10.49	19.67	19.67	8.74	7.49	8.74	10.49
474	8.82	10.58	14.43	10.58	14.43	7.56	14.43	19.84	10.58	19.84	19.84	8.82	7.56	8.82	10.58
233	8.73	10.47	14.28	10.47	14.28	7.48	14.28	19.63	10.47	19.63	19.63	8.73	7.48	8.73	10.47
475	8.77	10.52	14.35	10.52	14.35	7.51	14.35	19.73	10.52	19.73	19.73	8.77	7.51	8.77	10.52
234	8.90	10.68	14.56	10.68	14.56	7.63	14.56	20.03	10.68	20.03	20.03	8.90	7.63	8.90	10.68
476	8.94	10.73	14.63	10.73	14.63	7.66	14.63	20.12	10.73	20.12	20.12	8.94	7.66	8.94	10.73
235	8.91	10.69	14.58	10.69	14.58	7.64	14.58	20.04	10.69	20.04	20.04	8.91	7.64	8.91	10.69
477	8.83	10.59	14.44	10.59	14.44	7.56	14.44	19.86	10.59	19.86	19.86	8.83	7.56	8.83	10.59
236	8.77	10.52	14.35	10.52	14.35	7.51	14.35	19.73	10.52	19.73	19.73	8.77	7.51	8.77	10.52
478	8.83	10.60	14.45	10.60	14.45	7.57	14.45	19.88	10.60	19.88	19.88	8.83	7.57	8.83	10.60
237	9.08	10.90	14.86	10.90	14.86	7.79	14.86	20.44	10.90	20.44	20.44	9.08	7.79	9.08	10.90
479	8.96	10.75	14.66	10.75	14.66	7.68	14.66	20.16	10.75	20.16	20.16	8.96	7.68	8.96	10.75
238	8.86	10.63	14.50	10.63	14.50	7.59	14.50	19.93	10.63	19.93	19.93	8.86	7.59	8.86	10.63
239	8.77	10.52	14.35	10.52	14.35	7.51	14.35	19.73	10.52	19.73	19.73	8.77	7.51	8.77	10.52
480	8.73	10.48	14.29	10.48	14.29	7.49	14.29	19.65	10.48	19.65	19.65	8.73	7.49	8.73	10.48
481	8.68	10.42	14.21	10.42	14.21	7.44	14.21	19.54	10.42	19.54	19.54	8.68	7.44	8.68	10.42
240	8.82	10.58	14.43	10.58	14.43	7.56	14.43	19.84	10.58	19.84	19.84	8.82	7.56	8.82	10.58
482	8.83	10.59	14.44	10.59	14.44	7.56	14.44	19.86	10.59	19.86	19.86	8.83	7.56	8.83	10.59
241	8.76	10.51	14.33	10.51	14.33	7.51	14.33	19.71	10.51	19.71	19.71	8.76	7.51	8.76	10.51
483	8.81	10.57	14.41	10.57	14.41	7.55	14.41	19.82	10.57	19.82	19.82	8.81	7.55	8.81	10.57
242	8.80	10.56	14.40	10.56	14.40	7.54	14.40	19.80	10.56	19.80	19.80	8.80	7.54	8.80	10.56
484	8.85	10.62	14.48	10.62	14.48	7.59	14.48	19.91	10.62	19.91	19.91	8.85	7.59	8.85	10.62
243	8.85	10.62	14.48	10.62	14.48	7.59	14.48	19.91	10.62	19.91	19.91	8.85	7.59	8.85	10.62
485	8.81	10.57	14.41	10.57	14.41	7.55	14.41	19.82	10.57	19.82	19.82	8.81	7.55	8.81	10.57
244	8.68	10.42	14.21	10.42	14.21	7.44	14.21	19.54	10.42	19.54	19.54	8.68	7.44	8.68	10.42
486	9.08	10.89	14.85	10.89	14.85	7.78	14.85	20.42	10.89	20.42	20.42	9.08	7.78	9.08	10.89
245	8.82	10.58	14.43	10.58	14.43	7.56	14.43	19.84	10.58	19.84	19.84	8.82	7.56	8.82	10.58
487	9.01	10.81	14.74	10.81	14.74	7.72	14.74	20.27	10.81	20.27	20.27	9.01	7.72	9.01	10.81
246	8.85	10.62	14.48	10.62	14.48	7.59	14.48	19.91	10.62	19.91	19.91	8.85	7.59	8.85	10.62
488	8.73	10.47	14.28	10.47	14.28	7.48	14.28	19.63	10.47	19.63	19.63	8.73	7.48	8.73	10.47
247	8.98	10.78	14.70	10.78	14.70	7.70	14.70	20.21	10.78	20.21	20.21	8.98	7.70	8.98	10.78
489	8.90	10.68	14.56	10.68	14.56	7.63	14.56	20.03	10.68	20.03	20.03	8.90	7.63	8.90	10.68
248	8.85	10.62	14.48	10.62	14.48	7.59	14.48	19.91	10.62	19.91	19.91	8.85	7.59	8.85	10.62
249	8.85	10.62	14.48	10.62	14.48	7.59	14.48	19.91	10.62	19.91	19.91	8.85	7.59	8.85	10.62
490	8.91	10.69	14.58	10.69	14.58	7.64	14.58	20.04	10.69	20.04	20.04	8.91	7.64	8.91	10.69
491	8.90	10.68	14.56	10.68	14.56	7.63	14.56	20.03	10.68	20.03	20.03	8.90	7.63	8.90	10.68
250	8.87	10.64	14.51	10.64	14.51	7.60	14.51	19.95	10.64	19.95	19.95	8.87	7.60	8.87	10.64
492	8.81	10.57	14.41	10.57	14.41	7.55	14.41	19.82	10.57	19.82	19.82	8.81	7.55	8.81	10.57
251	8.83	10.59	14.44	10.59	14.44	7.56	14.44	19.86	10.59	19.86	19.86	8.83	7.56	8.83	10.59
493	8.82	10.58	14.43	10.58	14.43	7.56	14.43	19.84	10.58	19.84	19.84	8.82	7.56	8.82	10.58
252	8.80	10.56	14.40	10.56	14.40	7.54	14.40	19.80	10.56	19.80	19.80	8.80	7.54	8.80	10.56
494	8.83	10.59	14.44	10.59	14.44	7.56	14.44	19.86	10.59	19.86	19.86	8.83	7.56	8.83	10.59
253	8.74	10.49	14.30	10.49	14.30	7.49	14.30	19.67	10.49	19.67	19.67	8.74	7.49	8.74	10.49
495	8.88	10.66	14.54	10.66	14.54	7.61	14.54	19.99	10.66	19.99	19.99	8.88	7.61	8.88	10.66
254	8.98	10.77	14.69	10.77	14.69	7.69	14.69	20.19	10.77	20.19	20.19	8.98	7.69	8.98	10.77
496	8.74	10.49	14.30	10.49	14.30	7.49	14.30	19.67	10.49	19.67	19.67	8.74	7.49	8.74	10.49
255	8.91	10.69	14.58	10.69	14.58	7.64	14.58	20.04	10.69	20.04	20.04	8.91	7.64	8.91	10.69
497	8.78	10.54	14.37	10.54	14.37	7.53	14.37	19.76	10.54	19.76	19.76	8.78	7.53	8.78	10.54
256	8.94	10.73	14.63	10.73	14.63	7.66	14.63	20.12	10.73	20.12	20.12	8.94	7.66	8.94	10.73
498	8.72	10.46	14.26	10.46	14.26	7.47	14.26	19.61	10.46	19.61	19.61	8.72	7.47	8.72	10.46
257	8.84	10.61	14.47	10.61	14.47	7.58	14.47	19.89	10.61	19.89	19.89	8.84	7.58	8.84	10.61
499	8.85	10.62	14.48	10.62	14.48	7.59	14.48	19.91	10.62	19.91	19.91	8.85	7.59	8.85	10.62
258	8.91	10.69	14.58	10.69	14.58	7.64	14.58	20.04	10.69	20.04	20.04	8.91	7.64	8.91	10.69
259	8.86	10.63	14.50	10.63	14.50	7.59	14.50	19.93	10.63	19.93	19.93	8.86	7.59	8.86	10.63
260	8.91	10.69	14.58	10.69	14.58	7.64	14.58	20.04	10.69	20.04	20.04	8.91	7.64	8.91	10.69
261	8.85	10.62	14.48	10.62	14.48	7.59	14.48	19.91	10.62	19.91	19.91	8.85	7.59	8.85	10.62
262	8.73	10.48	14.29	10.48	14.29	7.49	14.29	19.65	10.48	19.65	19.65	8.73	7.49	8.73	10.48
263	8.68	10.42	14.21	10.42	14.21	7.44	14.21	19.54	10.42	19.54	19.54	8.68	7.44	8.68	10.42
264	8.92	10.70	14.59	10.70	14.59	7.64	14.59	20.06	10.70	20.06	20.06	8.92	7.64	8.92	10.70
265	8.84	10.61	14.47	10.61	14.47	7.58	14.47	19.89	10.61	19.89	19.89	8.84	7.58	8.84	10.61
266	8.83	10.59	14.44	10.59	14.44	7.56	14.44	19.86	10.59	19.86	19.86	8.83	7.56	8.83	10.59
267	8.87	10.64	14.51	10.64	14.51	7.60	14.51	19.95	10.64	19.95	19.95	8.87	7.60	8.87	10.64
268	8.75	10.50	14.32	10.50	14.32	7.50	14.32	19.69	10.50	19.69	19.69	8.75	7.50	8.75	10.50
269	8.80	10.56	14.40	10.56	14.40	7.54	14.40	19.80	10.56	19.80	19.80	8.80	7.54	8.80	10.56
270	8.85	10.62	14.48	10.62	14.48	7.59	14.48	19.91	10.62	19.91	19.91	8.85	7.59	8.85	10.62
271	8.93	10.71	14.60	10.71	14.60	7.65	14.60	20.08	10.71	20.08	20.08	8.93	7.65	8.93	10.71
272	8.76	10.51	14.33	10.51	14.33	7.51	14.33	19.71	10.51	19.71	19.71	8.76	7.51	8.76	10.51
273	8.70	10.44	14.24	10.44	14.24	7.46	14.24	19.58	10.44	19.58	19.58	8.70	7.46	8.70	10.44
274	8.83	10.59	14.44	10.59	14.44	7.56	14.44	19.86	10.59	19.86	19.86	8.83	7.56	8.83	10.59
275	8.77	10.53	14.36	10.53	14.36	7.52	14.36	19.74	10.53	19.74	19.74	8.77	7.52	8.77	10.53
276	8.71	10.45	14.25	10.45	14.25	7.46	14.25	19.59	10.45	19.59	19.59	8.71	7.46	8.71	10.45
277	8.68	10.41	14.20	10.41	14.20	7.44	14.20	19.52	10.41	19.52	19.52	8.68	7.44	8.68	10.41
278	8.89	10.67	14.55	10.67	14.55	7.62	14.55	20.01	10.67	20.01	20.01	8.89	7.62	8.89	10.67
279	8.76	10.51	14.33	10.51	14.33	7.51	14.33	19.71	10.51	19.71	19.71	8.76	7.51	8.76	10.51
280	8.76	10.51	14.33	10.51	14.33	7.51	14.33	19.71	10.51	19.71	19.71	8.76	7.51	8.76	10.51
281	8.96	10.75	14.66	10.75	14.66	7.68	14.66	20.16	10.75	20.16	20.16	8.96	7.68	8.96	10.75
282	8.95	10.74	14.65	10.74	14.65	7.67	14.65	20.14	10.74	20.14	20.14	8.95	7.67	8.95	10.74
283	8.77	10.53	14.36	10.53	14.36	7.52	14.36	19.74	10.53	19.74	19.74	8.77	7.52	8.77	10.53
284	8.83	10.60	14.45	10.60	14.45	7.57	14.45	19.88	10.60	19.88	19.88	8.83	7.57	8.83	10.60
285	8.85	10.62	14.48	10.62	14.48	7.59	14.48	19.91	10.62	19.91	19.91	8.85	7.59	8.85	10.62
286	8.68	10.42	14.21	10.42	14.21	7.44	14.21	19.54	10.42	19.54	19.54	8.68	7.44	8.68	10.42
287	8.91	10.69	14.58	10.69	14.58	7.64	14.58	20.04	10.69	20.04	20.04	8.91	7.64	8.91	10.69
288	8.78	10.54	14.37	10.54	14.37	7.53	14.37	19.76	10.54	19.76	19.76	8.78	7.53	8.78	10.54
289	8.85	10.62	14.48	10.62	14.48	7.59	14.48	19.91	10.62	19.91	19.91	8.85	7.59	8.85	10.62
290	8.87	10.64	14.51	10.64	14.51	7.60	14.51	19.95	10.64	19.95	19.95	8.87	7.60	8.87	10.64
291	8.69	10.43	14.22	10.43	14.22	7.45	14.22	19.56	10.43	19.56	19.56	8.69	7.45	8.69	10.43
292	8.92	10.70	14.59	10.70	14.59	7.64	14.59	20.06	10.70	20.06	20.06	8.92	7.64	8.92	10.70
293	8.77	10.53	14.36	10.53	14.36	7.52	14.36	19.74	10.53	19.74	19.74	8.77	7.52	8.77	10.53
294	8.85	10.62	14.48	10.62	14.48	7.59	14.48	19.91	10.62	19.91	19.91	8.85	7.59	8.85	10.62
295	8.83	10.59	14.44	10.59	14.44	7.56	14.44	19.86	10.59	19.86	19.86	8.83	7.56	8.83	10.59
296	8.88	10.66	14.54	10.66	14.54	7.61	14.54	19.99	10.66	19.99	19.99	8.88	7.61	8.88	10.66
297	8.76	10.51	14.33	10.51	14.33	7.51	14.33	19.71	10.51	19.71	19.71	8.76	7.51	8.76	10.51
298	8.68	10.41	14.20	10.41	14.20	7.44	14.20	19.52	10.41	19.52	19.52	8.68	7.44	8.68	10.41
299	8.72	10.46	14.26	10.46	14.26	7.47	14.26	19.61	10.46	19.61	19.61	8.72	7.47	8.72	10.46
900	9.27	11.12	15.16	11.12	15.16	7.94	15.16	20.85	11.12	20.85	20.85	9.27	7.94	9.27	11.12
901	9.12	10.94	14.92	10.94	14.92	7.81	14.92	20.51	10.94	20.51	20.51	9.12	7.81	9.12	10.94
902	8.85	10.62	14.48	10.62	14.48	7.59	14.48	19.91	10.62	19.91	19.91	8.85	7.59	8.85	10.62
903	8.80	10.56	14.40	10.56	14.40	7.54	14.40	19.80	10.56	19.80	19.80	8.80	7.54	8.80	10.56
904	8.93	10.71	14.60	10.71	14.60	7.65	14.60	20.08	10.71	20.08	20.08	8.93	7.65	8.93	10.71
905	8.83	10.60	14.45	10.60	14.45	7.57	14.45	19.88	10.60	19.88	19.88	8.83	7.57	8.83	10.60
906	9.00	10.80	14.73	10.80	14.73	7.71	14.73	20.25	10.80	20.25	20.25	9.00	7.71	9.00	10.80
907	9.06	10.87	14.82	10.87	14.82	7.76	14.82	20.38	10.87	20.38	20.38	9.06	7.76	9.06	10.87
908	8.91	10.69	14.58	10.69	14.58	7.64	14.58	20.04	10.69	20.04	20.04	8.91	7.64	8.91	10.69
909	8.83	10.59	14.44	10.59	14.44	7.56	14.44	19.86	10.59	19.86	19.86	8.83	7.56	8.83	10.59
910	9.08	10.90	14.86	10.90	14.86	7.79	14.86	20.44	10.90	20.44	20.44	9.08	7.79	9.08	10.90
911	8.89	10.67	14.55	10.67	14.55	7.62	14.55	20.01	10.67	20.01	20.01	8.89	7.62	8.89	10.67
912	9.01	10.81	14.74	10.81	14.74	7.72	14.74	20.27	10.81	20.27	20.27	9.01	7.72	9.01	10.81
913	9.15	10.98	14.97	10.98	14.97	7.84	14.97	20.59	10.98	20.59	20.59	9.15	7.84	9.15	10.98
914	8.89	10.67	14.55	10.67	14.55	7.62	14.55	20.01	10.67	20.01	20.01	8.89	7.62	8.89	10.67
915	8.69	10.43	14.22	10.43	14.22	7.45	14.22	19.56	10.43	19.56	19.56	8.69	7.45	8.69	10.43
916	9.34	11.21	15.29	11.21	15.29	8.01	15.29	21.02	11.21	21.02	21.02	9.34	8.01	9.34	11.21
917	8.90	10.68	14.56	10.68	14.56	7.63	14.56	20.03	10.68	20.03	20.03	8.90	7.63	8.90	10.68
918	9.10	10.92	14.89	10.92	14.89	7.80	14.89	20.48	10.92	20.48	20.48	9.10	7.80	9.10	10.92
919	8.94	10.73	14.63	10.73	14.63	7.66	14.63	20.12	10.73	20.12	20.12	8.94	7.66	8.94	10.73
920	8.86	10.63	14.50	10.63	14.50	7.59	14.50	19.93	10.63	19.93	19.93	8.86	7.59	8.86	10.63
921	8.95	10.74	14.65	10.74	14.65	7.67	14.65	20.14	10.74	20.14	20.14	8.95	7.67	8.95	10.74
922	9.08	10.90	14.86	10.90	14.86	7.79	14.86	20.44	10.90	20.44	20.44	9.08	7.79	9.08	10.90
923	8.87	10.64	14.51	10.64	14.51	7.60	14.51	19.95	10.64	19.95	19.95	8.87	7.60	8.87	10.64
924	9.00	10.80	14.73	10.80	14.73	7.71	14.73	20.25	10.80	20.25	20.25	9.00	7.71	9.00	10.80
925	9.03	10.83	14.77	10.83	14.77	7.74	14.77	20.31	10.83	20.31	20.31	9.03	7.74	9.03	10.83
926	8.97	10.76	14.67	10.76	14.67	7.69	14.67	20.18	10.76	20.18	20.18	8.97	7.69	8.97	10.76
927	9.08	10.89	14.85	10.89	14.85	7.78	14.85	20.42	10.89	20.42	20.42	9.08	7.78	9.08	10.89
928	9.19	11.03	15.04	11.03	15.04	7.88	15.04	20.68	11.03	20.68	20.68	9.19	7.88	9.19	11.03
929	9.05	10.86	14.81	10.86	14.81	7.76	14.81	20.36	10.86	20.36	20.36	9.05	7.76	9.05	10.86
930	8.88	10.66	14.54	10.66	14.54	7.61	14.54	19.99	10.66	19.99	19.99	8.88	7.61	8.88	10.66
931	9.05	10.86	14.81	10.86	14.81	7.76	14.81	20.36	10.86	20.36	20.36	9.05	7.76	9.05	10.86
932	9.03	10.84	14.78	10.84	14.78	7.74	14.78	20.33	10.84	20.33	20.33	9.03	7.74	9.03	10.84
933	9.13	10.95	14.93	10.95	14.93	7.82	14.93	20.53	10.95	20.53	20.53	9.13	7.82	9.13	10.95
934	8.94	10.73	14.63	10.73	14.63	7.66	14.63	20.12	10.73	20.12	20.12	8.94	7.66	8.94	10.73
935	8.97	10.76	14.67	10.76	14.67	7.69	14.67	20.18	10.76	20.18	20.18	8.97	7.69	8.97	10.76
936	9.13	10.95	14.93	10.95	14.93	7.82	14.93	20.53	10.95	20.53	20.53	9.13	7.82	9.13	10.95
937	9.00	10.80	14.73	10.80	14.73	7.71	14.73	20.25	10.80	20.25	20.25	9.00	7.71	9.00	10.80
938	8.91	10.69	14.58	10.69	14.58	7.64	14.58	20.04	10.69	20.04	20.04	8.91	7.64	8.91	10.69
939	8.95	10.74	14.65	10.74	14.65	7.67	14.65	20.14	10.74	20.14	20.14	8.95	7.67	8.95	10.74
940	8.98	10.77	14.69	10.77	14.69	7.69	14.69	20.19	10.77	20.19	20.19	8.98	7.69	8.98	10.77
941	9.02	10.82	14.75	10.82	14.75	7.73	14.75	20.29	10.82	20.29	20.29	9.02	7.73	9.02	10.82
700	8.83	10.59	14.44	10.59	14.44	7.56	14.44	19.86	10.59	19.86	19.86	8.83	7.56	8.83	10.59
942	8.91	10.69	14.58	10.69	14.58	7.64	14.58	20.04	10.69	20.04	20.04	8.91	7.64	8.91	10.69
701	8.79	10.55	14.39	10.55	14.39	7.54	14.39	19.78	10.55	19.78	19.78	8.79	7.54	8.79	10.55
943	9.08	10.89	14.85	10.89	14.85	7.78	14.85	20.42	10.89	20.42	20.42	9.08	7.78	9.08	10.89
702	8.84	10.61	14.47	10.61	14.47	7.58	14.47	19.89	10.61	19.89	19.89	8.84	7.58	8.84	10.61
944	8.85	10.62	14.48	10.62	14.48	7.59	14.48	19.91	10.62	19.91	19.91	8.85	7.59	8.85	10.62
703	8.80	10.56	14.40	10.56	14.40	7.54	14.40	19.80	10.56	19.80	19.80	8.80	7.54	8.80	10.56
945	8.95	10.74	14.65	10.74	14.65	7.67	14.65	20.14	10.74	20.14	20.14	8.95	7.67	8.95	10.74
704	8.85	10.62	14.48	10.62	14.48	7.59	14.48	19.91	10.62	19.91	19.91	8.85	7.59	8.85	10.62
946	9.00	10.80	14.73	10.80	14.73	7.71	14.73	20.25	10.80	20.25	20.25	9.00	7.71	9.00	10.80
705	8.77	10.53	14.36	10.53	14.36	7.52	14.36	19.74	10.53	19.74	19.74	8.77	7.52	8.77	10.53
947	8.73	10.48	14.29	10.48	14.29	7.49	14.29	19.65	10.48	19.65	19.65	8.73	7.49	8.73	10.48
706	8.85	10.62	14.48	10.62	14.48	7.59	14.48	19.91	10.62	19.91	19.91	8.85	7.59	8.85	10.62
948	9.15	10.98	14.97	10.98	14.97	7.84	14.97	20.59	10.98	20.59	20.59	9.15	7.84	9.15	10.98
707	8.83	10.59	14.44	10.59	14.44	7.56	14.44	19.86	10.59	19.86	19.86	8.83	7.56	8.83	10.59
949	8.85	10.62	14.48	10.62	14.48	7.59	14.48	19.91	10.62	19.91	19.91	8.85	7.59	8.85	10.62
708	8.94	10.73	14.63	10.73	14.63	7.66	14.63	20.12	10.73	20.12	20.12	8.94	7.66	8.94	10.73
709	8.83	10.60	14.45	10.60	14.45	7.57	14.45	19.88	10.60	19.88	19.88	8.83	7.57	8.83	10.60
950	9.04	10.85	14.80	10.85	14.80	7.75	14.80	20.34	10.85	20.34	20.34	9.04	7.75	9.04	10.85
951	8.91	10.69	14.58	10.69	14.58	7.64	14.58	20.04	10.69	20.04	20.04	8.91	7.64	8.91	10.69
710	8.96	10.75	14.66	10.75	14.66	7.68	14.66	20.16	10.75	20.16	20.16	8.96	7.68	8.96	10.75
952	8.94	10.73	14.63	10.73	14.63	7.66	14.63	20.12	10.73	20.12	20.12	8.94	7.66	8.94	10.73
711	8.77	10.52	14.35	10.52	14.35	7.51	14.35	19.73	10.52	19.73	19.73	8.77	7.51	8.77	10.52
953	9.17	11.00	15.00	11.00	15.00	7.86	15.00	20.63	11.00	20.63	20.63	9.17	7.86	9.17	11.00
712	8.84	10.61	14.47	10.61	14.47	7.58	14.47	19.89	10.61	19.89	19.89	8.84	7.58	8.84	10.61
954	8.73	10.48	14.29	10.48	14.29	7.49	14.29	19.65	10.48	19.65	19.65	8.73	7.49	8.73	10.48
713	8.78	10.54	14.37	10.54	14.37	7.53	14.37	19.76	10.54	19.76	19.76	8.78	7.53	8.78	10.54
955	8.84	10.61	14.47	10.61	14.47	7.58	14.47	19.89	10.61	19.89	19.89	8.84	7.58	8.84	10.61
714	8.80	10.56	14.40	10.56	14.40	7.54	14.40	19.80	10.56	19.80	19.80	8.80	7.54	8.80	10.56
956	9.21	11.05	15.07	11.05	15.07	7.89	15.07	20.72	11.05	20.72	20.72	9.21	7.89	9.21	11.05
715	9.02	10.82	14.75	10.82	14.75	7.73	14.75	20.29	10.82	20.29	20.29	9.02	7.73	9.02	10.82
957	9.10	10.92	14.89	10.92	14.89	7.80	14.89	20.48	10.92	20.48	20.48	9.10	7.80	9.10	10.92
716	8.67	10.40	14.18	10.40	14.18	7.43	14.18	19.50	10.40	19.50	19.50	8.67	7.43	8.67	10.40
958	8.93	10.71	14.60	10.71	14.60	7.65	14.60	20.08	10.71	20.08	20.08	8.93	7.65	8.93	10.71
717	8.73	10.47	14.28	10.47	14.28	7.48	14.28	19.63	10.47	19.63	19.63	8.73	7.48	8.73	10.47
959	8.99	10.79	14.71	10.79	14.71	7.71	14.71	20.23	10.79	20.23	20.23	8.99	7.71	8.99	10.79
718	8.77	10.53	14.36	10.53	14.36	7.52	14.36	19.74	10.53	19.74	19.74	8.77	7.52	8.77	10.53
719	8.85	10.62	14.48	10.62	14.48	7.59	14.48	19.91	10.62	19.91	19.91	8.85	7.59	8.85	10.62
960	9.03	10.84	14.78	10.84	14.78	7.74	14.78	20.33	10.84	20.33	20.33	9.03	7.74	9.03	10.84
961	8.98	10.77	14.69	10.77	14.69	7.69	14.69	20.19	10.77	20.19	20.19	8.98	7.69	8.98	10.77
720	8.84	10.61	14.47	10.61	14.47	7.58	14.47	19.89	10.61	19.89	19.89	8.84	7.58	8.84	10.61
962	8.99	10.79	14.71	10.79	14.71	7.71	14.71	20.23	10.79	20.23	20.23	8.99	7.71	8.99	10.79
721	8.80	10.56	14.40	10.56	14.40	7.54	14.40	19.80	10.56	19.80	19.80	8.80	7.54	8.80	10.56
963	8.77	10.52	14.35	10.52	14.35	7.51	14.35	19.73	10.52	19.73	19.73	8.77	7.51	8.77	10.52
722	8.77	10.53	14.36	10.53	14.36	7.52	14.36	19.74	10.53	19.74	19.74	8.77	7.52	8.77	10.53
964	9.08	10.90	14.86	10.90	14.86	7.79	14.86	20.44	10.90	20.44	20.44	9.08	7.79	9.08	10.90
723	8.82	10.58	14.43	10.58	14.43	7.56	14.43	19.84	10.58	19.84	19.84	8.82	7.56	8.82	10.58
965	8.88	10.65	14.52	10.65	14.52	7.61	14.52	19.97	10.65	19.97	19.97	8.88	7.61	8.88	10.65
724	8.77	10.53	14.36	10.53	14.36	7.52	14.36	19.74	10.53	19.74	19.74	8.77	7.52	8.77	10.53
966	9.08	10.89	14.85	10.89	14.85	7.78	14.85	20.42	10.89	20.42	20.42	9.08	7.78	9.08	10.89
725	8.79	10.55	14.39	10.55	14.39	7.54	14.39	19.78	10.55	19.78	19.78	8.79	7.54	8.79	10.55
967	8.94	10.73	14.63	10.73	14.63	7.66	14.63	20.12	10.73	20.12	20.12	8.94	7.66	8.94	10.73
726	8.85	10.62	14.48	10.62	14.48	7.59	14.48	19.91	10.62	19.91	19.91	8.85	7.59	8.85	10.62
968	9.07	10.88	14.84	10.88	14.84	7.77	14.84	20.40	10.88	20.40	20.40	9.07	7.77	9.07	10.88
727	8.77	10.52	14.35	10.52	14.35	7.51	14.35	19.73	10.52	19.73	19.73	8.77	7.51	8.77	10.52
969	9.08	10.90	14.86	10.90	14.86	7.79	14.86	20.44	10.90	20.44	20.44	9.08	7.79	9.08	10.90
728	8.76	10.51	14.33	10.51	14.33	7.51	14.33	19.71	10.51	19.71	19.71	8.76	7.51	8.76	10.51
729	8.93	10.72	14.62	10.72	14.62	7.66	14.62	20.10	10.72	20.10	20.10	8.93	7.66	8.93	10.72
970	9.11	10.93	14.90	10.93	14.90	7.81	14.90	20.49	10.93	20.49	20.49	9.11	7.81	9.11	10.93
971	9.04	10.85	14.80	10.85	14.80	7.75	14.80	20.34	10.85	20.34	20.34	9.04	7.75	9.04	10.85
730	8.88	10.66	14.54	10.66	14.54	7.61	14.54	19.99	10.66	19.99	19.99	8.88	7.61	8.88	10.66
972	9.03	10.83	14.77	10.83	14.77	7.74	14.77	20.31	10.83	20.31	20.31	9.03	7.74	9.03	10.83
731	8.93	10.72	14.62	10.72	14.62	7.66	14.62	20.10	10.72	20.10	20.10	8.93	7.66	8.93	10.72
973	8.53	10.23	13.95	10.23	13.95	7.31	13.95	19.18	10.23	19.18	19.18	8.53	7.31	8.53	10.23
732	8.89	10.67	14.55	10.67	14.55	7.62	14.55	20.01	10.67	20.01	20.01	8.89	7.62	8.89	10.67
974	9.14	10.97	14.96	10.97	14.96	7.84	14.96	20.57	10.97	20.57	20.57	9.14	7.84	9.14	10.97
733	8.98	10.77	14.69	10.77	14.69	7.69	14.69	20.19	10.77	20.19	20.19	8.98	7.69	8.98	10.77
975	8.83	10.59	14.44	10.59	14.44	7.56	14.44	19.86	10.59	19.86	19.86	8.83	7.56	8.83	10.59
734	8.87	10.64	14.51	10.64	14.51	7.60	14.51	19.95	10.64	19.95	19.95	8.87	7.60	8.87	10.64
976	8.68	10.42	14.21	10.42	14.21	7.44	14.21	19.54	10.42	19.54	19.54	8.68	7.44	8.68	10.42
735	8.89	10.67	14.55	10.67	14.55	7.62	14.55	20.01	10.67	20.01	20.01	8.89	7.62	8.89	10.67
977	9.02	10.82	14.75	10.82	14.75	7.73	14.75	20.29	10.82	20.29	20.29	9.02	7.73	9.02	10.82
736	8.83	10.60	14.45	10.60	14.45	7.57	14.45	19.88	10.60	19.88	19.88	8.83	7.57	8.83	10.60
978	8.80	10.56	14.40	10.56	14.40	7.54	14.40	19.80	10.56	19.80	19.80	8.80	7.54	8.80	10.56
737	8.92	10.70	14.59	10.70	14.59	7.64	14.59	20.06	10.70	20.06	20.06	8.92	7.64	8.92	10.70
979	9.02	10.82	14.75	10.82	14.75	7.73	14.75	20.29	10.82	20.29	20.29	9.02	7.73	9.02	10.82
738	8.93	10.71	14.60	10.71	14.60	7.65	14.60	20.08	10.71	20.08	20.08	8.93	7.65	8.93	10.71
739	8.84	10.61	14.47	10.61	14.47	7.58	14.47	19.89	10.61	19.89	19.89	8.84	7.58	8.84	10.61
980	9.02	10.82	14.75	10.82	14.75	7.73	14.75	20.29	10.82	20.29	20.29	9.02	7.73	9.02	10.82
981	9.02	10.82	14.75	10.82	14.75	7.73	14.75	20.29	10.82	20.29	20.29	9.02	7.73	9.02	10.82
740	8.85	10.62	14.48	10.62	14.48	7.59	14.48	19.91	10.62	19.91	19.91	8.85	7.59	8.85	10.62
982	8.90	10.68	14.56	10.68	14.56	7.63	14.56	20.03	10.68	20.03	20.03	8.90	7.63	8.90	10.68
741	8.71	10.45	14.25	10.45	14.25	7.46	14.25	19.59	10.45	19.59	19.59	8.71	7.46	8.71	10.45
983	8.74	10.49	14.30	10.49	14.30	7.49	14.30	19.67	10.49	19.67	19.67	8.74	7.49	8.74	10.49
500	8.77	10.52	14.35	10.52	14.35	7.51	14.35	19.73	10.52	19.73	19.73	8.77	7.51	8.77	10.52
742	9.00	10.80	14.73	10.80	14.73	7.71	14.73	20.25	10.80	20.25	20.25	9.00	7.71	9.00	10.80
984	9.03	10.83	14.77	10.83	14.77	7.74	14.77	20.31	10.83	20.31	20.31	9.03	7.74	9.03	10.83
501	8.68	10.42	14.21	10.42	14.21	7.44	14.21	19.54	10.42	19.54	19.54	8.68	7.44	8.68	10.42
743	8.91	10.69	14.58	10.69	14.58	7.64	14.58	20.04	10.69	20.04	20.04	8.91	7.64	8.91	10.69
985	9.08	10.89	14.85	10.89	14.85	7.78	14.85	20.42	10.89	20.42	20.42	9.08	7.78	9.08	10.89
502	8.83	10.60	14.45	10.60	14.45	7.57	14.45	19.88	10.60	19.88	19.88	8.83	7.57	8.83	10.60
744	8.77	10.53	14.36	10.53	14.36	7.52	14.36	19.74	10.53	19.74	19.74	8.77	7.52	8.77	10.53
986	9.08	10.89	14.85	10.89	14.85	7.78	14.85	20.42	10.89	20.42	20.42	9.08	7.78	9.08	10.89
503	8.83	10.59	14.44	10.59	14.44	7.56	14.44	19.86	10.59	19.86	19.86	8.83	7.56	8.83	10.59
745	8.83	10.59	14.44	10.59	14.44	7.56	14.44	19.86	10.59	19.86	19.86	8.83	7.56	8.83	10.59
987	9.13	10.96	14.95	10.96	14.95	7.83	14.95	20.55	10.96	20.55	20.55	9.13	7.83	9.13	10.96
504	8.90	10.68	14.56	10.68	14.56	7.63	14.56	20.03	10.68	20.03	20.03	8.90	7.63	8.90	10.68
746	8.84	10.61	14.47	10.61	14.47	7.58	14.47	19.89	10.61	19.89	19.89	8.84	7.58	8.84	10.61
988	8.75	10.50	14.32	10.50	14.32	7.50	14.32	19.69	10.50	19.69	19.69	8.75	7.50	8.75	10.50
505	8.84	10.61	14.47	10.61	14.47	7.58	14.47	19.89	10.61	19.89	19.89	8.84	7.58	8.84	10.61
747	8.93	10.71	14.60	10.71	14.60	7.65	14.60	20.08	10.71	20.08	20.08	8.93	7.65	8.93	10.71
989	9.08	10.89	14.85	10.89	14.85	7.78	14.85	20.42	10.89	20.42	20.42	9.08	7.78	9.08	10.89
506	8.85	10.62	14.48	10.62	14.48	7.59	14.48	19.91	10.62	19.91	19.91	8.85	7.59	8.85	10.62
748	9.03	10.84	14.78	10.84	14.78	7.74	14.78	20.33	10.84	20.33	20.33	9.03	7.74	9.03	10.84
507	8.86	10.63	14.50	10.63	14.50	7.59	14.50	19.93	10.63	19.93	19.93	8.86	7.59	8.86	10.63
749	8.87	10.64	14.51	10.64	14.51	7.60	14.51	19.95	10.64	19.95	19.95	8.87	7.60	8.87	10.64
508	8.84	10.61	14.47	10.61	14.47	7.58	14.47	19.89	10.61	19.89	19.89	8.84	7.58	8.84	10.61
509	9.00	10.80	14.73	10.80	14.73	7.71	14.73	20.25	10.80	20.25	20.25	9.00	7.71	9.00	10.80
990	8.89	10.67	14.55	10.67	14.55	7.62	14.55	20.01	10.67	20.01	20.01	8.89	7.62	8.89	10.67
991	8.96	10.75	14.66	10.75	14.66	7.68	14.66	20.16	10.75	20.16	20.16	8.96	7.68	8.96	10.75
750	8.87	10.64	14.51	10.64	14.51	7.60	14.51	19.95	10.64	19.95	19.95	8.87	7.60	8.87	10.64
992	8.78	10.54	14.37	10.54	14.37	7.53	14.37	19.76	10.54	19.76	19.76	8.78	7.53	8.78	10.54
751	8.80	10.56	14.40	10.56	14.40	7.54	14.40	19.80	10.56	19.80	19.80	8.80	7.54	8.80	10.56
993	8.92	10.70	14.59	10.70	14.59	7.64	14.59	20.06	10.70	20.06	20.06	8.92	7.64	8.92	10.70
510	8.69	10.43	14.22	10.43	14.22	7.45	14.22	19.56	10.43	19.56	19.56	8.69	7.45	8.69	10.43
752	8.88	10.66	14.54	10.66	14.54	7.61	14.54	19.99	10.66	19.99	19.99	8.88	7.61	8.88	10.66
994	8.93	10.71	14.60	10.71	14.60	7.65	14.60	20.08	10.71	20.08	20.08	8.93	7.65	8.93	10.71
511	8.89	10.67	14.55	10.67	14.55	7.62	14.55	20.01	10.67	20.01	20.01	8.89	7.62	8.89	10.67
753	8.98	10.77	14.69	10.77	14.69	7.69	14.69	20.19	10.77	20.19	20.19	8.98	7.69	8.98	10.77
995	8.91	10.69	14.58	10.69	14.58	7.64	14.58	20.04	10.69	20.04	20.04	8.91	7.64	8.91	10.69
512	8.81	10.57	14.41	10.57	14.41	7.55	14.41	19.82	10.57	19.82	19.82	8.81	7.55	8.81	10.57
754	8.84	10.61	14.47	10.61	14.47	7.58	14.47	19.89	10.61	19.89	19.89	8.84	7.58	8.84	10.61
996	8.80	10.56	14.40	10.56	14.40	7.54	14.40	19.80	10.56	19.80	19.80	8.80	7.54	8.80	10.56
513	8.73	10.47	14.28	10.47	14.28	7.48	14.28	19.63	10.47	19.63	19.63	8.73	7.48	8.73	10.47
755	8.82	10.58	14.43	10.58	14.43	7.56	14.43	19.84	10.58	19.84	19.84	8.82	7.56	8.82	10.58
997	54.93	65.91	89.88	65.91	89.88	47.08	89.88	123.58	65.91	123.58	123.58	54.93	47.08	54.93	65.91
514	8.88	10.66	14.54	10.66	14.54	7.61	14.54	19.99	10.66	19.99	19.99	8.88	7.61	8.88	10.66
756	8.91	10.69	14.58	10.69	14.58	7.64	14.58	20.04	10.69	20.04	20.04	8.91	7.64	8.91	10.69
998	82.94	99.53	135.72	99.53	135.72	71.09	135.72	186.62	99.53	186.62	186.62	82.94	71.09	82.94	99.53
515	8.93	10.71	14.60	10.71	14.60	7.65	14.60	20.08	10.71	20.08	20.08	8.93	7.65	8.93	10.71
757	8.77	10.53	14.36	10.53	14.36	7.52	14.36	19.74	10.53	19.74	19.74	8.77	7.52	8.77	10.53
999	18.54	22.25	30.34	22.25	30.34	15.89	30.34	41.72	22.25	41.72	41.72	18.54	15.89	18.54	22.25
516	8.78	10.54	14.37	10.54	14.37	7.53	14.37	19.76	10.54	19.76	19.76	8.78	7.53	8.78	10.54
758	8.65	10.38	14.15	10.38	14.15	7.41	14.15	19.46	10.38	19.46	19.46	8.65	7.41	8.65	10.38
517	8.85	10.62	14.48	10.62	14.48	7.59	14.48	19.91	10.62	19.91	19.91	8.85	7.59	8.85	10.62
759	8.68	10.42	14.21	10.42	14.21	7.44	14.21	19.54	10.42	19.54	19.54	8.68	7.44	8.68	10.42
518	8.79	10.55	14.39	10.55	14.39	7.54	14.39	19.78	10.55	19.78	19.78	8.79	7.54	8.79	10.55
519	8.77	10.52	14.35	10.52	14.35	7.51	14.35	19.73	10.52	19.73	19.73	8.77	7.51	8.77	10.52
760	8.79	10.55	14.39	10.55	14.39	7.54	14.39	19.78	10.55	19.78	19.78	8.79	7.54	8.79	10.55
761	8.85	10.62	14.48	10.62	14.48	7.59	14.48	19.91	10.62	19.91	19.91	8.85	7.59	8.85	10.62
520	8.82	10.58	14.43	10.58	14.43	7.56	14.43	19.84	10.58	19.84	19.84	8.82	7.56	8.82	10.58
762	8.82	10.58	14.43	10.58	14.43	7.56	14.43	19.84	10.58	19.84	19.84	8.82	7.56	8.82	10.58
521	8.87	10.64	14.51	10.64	14.51	7.60	14.51	19.95	10.64	19.95	19.95	8.87	7.60	8.87	10.64
763	8.71	10.45	14.25	10.45	14.25	7.46	14.25	19.59	10.45	19.59	19.59	8.71	7.46	8.71	10.45
522	8.88	10.66	14.54	10.66	14.54	7.61	14.54	19.99	10.66	19.99	19.99	8.88	7.61	8.88	10.66
764	8.74	10.49	14.30	10.49	14.30	7.49	14.30	19.67	10.49	19.67	19.67	8.74	7.49	8.74	10.49
523	8.85	10.62	14.48	10.62	14.48	7.59	14.48	19.91	10.62	19.91	19.91	8.85	7.59	8.85	10.62
765	8.94	10.73	14.63	10.73	14.63	7.66	14.63	20.12	10.73	20.12	20.12	8.94	7.66	8.94	10.73
524	8.83	10.59	14.44	10.59	14.44	7.56	14.44	19.86	10.59	19.86	19.86	8.83	7.56	8.83	10.59
766	8.75	10.50	14.32	10.50	14.32	7.50	14.32	19.69	10.50	19.69	19.69	8.75	7.50	8.75	10.50
525	8.77	10.52	14.35	10.52	14.35	7.51	14.35	19.73	10.52	19.73	19.73	8.77	7.51	8.77	10.52
767	9.03	10.83	14.77	10.83	14.77	7.74	14.77	20.31	10.83	20.31	20.31	9.03	7.74	9.03	10.83
526	8.82	10.58	14.43	10.58	14.43	7.56	14.43	19.84	10.58	19.84	19.84	8.82	7.56	8.82	10.58
768	8.81	10.57	14.41	10.57	14.41	7.55	14.41	19.82	10.57	19.82	19.82	8.81	7.55	8.81	10.57
527	8.82	10.58	14.43	10.58	14.43	7.56	14.43	19.84	10.58	19.84	19.84	8.82	7.56	8.82	10.58
769	8.91	10.69	14.58	10.69	14.58	7.64	14.58	20.04	10.69	20.04	20.04	8.91	7.64	8.91	10.69
528	8.89	10.67	14.55	10.67	14.55	7.62	14.55	20.01	10.67	20.01	20.01	8.89	7.62	8.89	10.67
529	8.88	10.65	14.52	10.65	14.52	7.61	14.52	19.97	10.65	19.97	19.97	8.88	7.61	8.88	10.65
770	8.75	10.50	14.32	10.50	14.32	7.50	14.32	19.69	10.50	19.69	19.69	8.75	7.50	8.75	10.50
771	8.76	10.51	14.33	10.51	14.33	7.51	14.33	19.71	10.51	19.71	19.71	8.76	7.51	8.76	10.51
530	8.82	10.58	14.43	10.58	14.43	7.56	14.43	19.84	10.58	19.84	19.84	8.82	7.56	8.82	10.58
772	8.88	10.66	14.54	10.66	14.54	7.61	14.54	19.99	10.66	19.99	19.99	8.88	7.61	8.88	10.66
531	8.83	10.60	14.45	10.60	14.45	7.57	14.45	19.88	10.60	19.88	19.88	8.83	7.57	8.83	10.60
773	8.73	10.47	14.28	10.47	14.28	7.48	14.28	19.63	10.47	19.63	19.63	8.73	7.48	8.73	10.47
532	8.91	10.69	14.58	10.69	14.58	7.64	14.58	20.04	10.69	20.04	20.04	8.91	7.64	8.91	10.69
774	8.78	10.54	14.37	10.54	14.37	7.53	14.37	19.76	10.54	19.76	19.76	8.78	7.53	8.78	10.54
533	8.75	10.50	14.32	10.50	14.32	7.50	14.32	19.69	10.50	19.69	19.69	8.75	7.50	8.75	10.50
775	8.81	10.57	14.41	10.57	14.41	7.55	14.41	19.82	10.57	19.82	19.82	8.81	7.55	8.81	10.57
534	8.84	10.61	14.47	10.61	14.47	7.58	14.47	19.89	10.61	19.89	19.89	8.84	7.58	8.84	10.61
776	8.92	10.70	14.59	10.70	14.59	7.64	14.59	20.06	10.70	20.06	20.06	8.92	7.64	8.92	10.70
535	8.77	10.52	14.35	10.52	14.35	7.51	14.35	19.73	10.52	19.73	19.73	8.77	7.51	8.77	10.52
777	8.85	10.62	14.48	10.62	14.48	7.59	14.48	19.91	10.62	19.91	19.91	8.85	7.59	8.85	10.62
536	8.79	10.55	14.39	10.55	14.39	7.54	14.39	19.78	10.55	19.78	19.78	8.79	7.54	8.79	10.55
778	8.88	10.66	14.54	10.66	14.54	7.61	14.54	19.99	10.66	19.99	19.99	8.88	7.61	8.88	10.66
537	8.81	10.57	14.41	10.57	14.41	7.55	14.41	19.82	10.57	19.82	19.82	8.81	7.55	8.81	10.57
779	8.63	10.35	14.11	10.35	14.11	7.39	14.11	19.41	10.35	19.41	19.41	8.63	7.39	8.63	10.35
538	8.70	10.44	14.24	10.44	14.24	7.46	14.24	19.58	10.44	19.58	19.58	8.70	7.46	8.70	10.44
539	8.81	10.57	14.41	10.57	14.41	7.55	14.41	19.82	10.57	19.82	19.82	8.81	7.55	8.81	10.57
780	8.73	10.48	14.29	10.48	14.29	7.49	14.29	19.65	10.48	19.65	19.65	8.73	7.49	8.73	10.48
781	8.86	10.63	14.50	10.63	14.50	7.59	14.50	19.93	10.63	19.93	19.93	8.86	7.59	8.86	10.63
540	8.88	10.66	14.54	10.66	14.54	7.61	14.54	19.99	10.66	19.99	19.99	8.88	7.61	8.88	10.66
782	8.90	10.68	14.56	10.68	14.56	7.63	14.56	20.03	10.68	20.03	20.03	8.90	7.63	8.90	10.68
541	8.81	10.57	14.41	10.57	14.41	7.55	14.41	19.82	10.57	19.82	19.82	8.81	7.55	8.81	10.57
783	8.77	10.53	14.36	10.53	14.36	7.52	14.36	19.74	10.53	19.74	19.74	8.77	7.52	8.77	10.53
300	8.83	10.60	14.45	10.60	14.45	7.57	14.45	19.88	10.60	19.88	19.88	8.83	7.57	8.83	10.60
542	8.79	10.55	14.39	10.55	14.39	7.54	14.39	19.78	10.55	19.78	19.78	8.79	7.54	8.79	10.55
784	8.88	10.65	14.52	10.65	14.52	7.61	14.52	19.97	10.65	19.97	19.97	8.88	7.61	8.88	10.65
301	8.78	10.54	14.37	10.54	14.37	7.53	14.37	19.76	10.54	19.76	19.76	8.78	7.53	8.78	10.54
543	8.98	10.78	14.70	10.78	14.70	7.70	14.70	20.21	10.78	20.21	20.21	8.98	7.70	8.98	10.78
785	8.78	10.54	14.37	10.54	14.37	7.53	14.37	19.76	10.54	19.76	19.76	8.78	7.53	8.78	10.54
302	8.78	10.54	14.37	10.54	14.37	7.53	14.37	19.76	10.54	19.76	19.76	8.78	7.53	8.78	10.54
544	8.85	10.62	14.48	10.62	14.48	7.59	14.48	19.91	10.62	19.91	19.91	8.85	7.59	8.85	10.62
786	8.58	10.30	14.05	10.30	14.05	7.36	14.05	19.31	10.30	19.31	19.31	8.58	7.36	8.58	10.30
303	8.83	10.59	14.44	10.59	14.44	7.56	14.44	19.86	10.59	19.86	19.86	8.83	7.56	8.83	10.59
545	8.83	10.60	14.45	10.60	14.45	7.57	14.45	19.88	10.60	19.88	19.88	8.83	7.57	8.83	10.60
787	8.80	10.56	14.40	10.56	14.40	7.54	14.40	19.80	10.56	19.80	19.80	8.80	7.54	8.80	10.56
304	8.87	10.64	14.51	10.64	14.51	7.60	14.51	19.95	10.64	19.95	19.95	8.87	7.60	8.87	10.64
546	8.91	10.69	14.58	10.69	14.58	7.64	14.58	20.04	10.69	20.04	20.04	8.91	7.64	8.91	10.69
788	8.77	10.53	14.36	10.53	14.36	7.52	14.36	19.74	10.53	19.74	19.74	8.77	7.52	8.77	10.53
305	8.73	10.47	14.28	10.47	14.28	7.48	14.28	19.63	10.47	19.63	19.63	8.73	7.48	8.73	10.47
547	8.81	10.57	14.41	10.57	14.41	7.55	14.41	19.82	10.57	19.82	19.82	8.81	7.55	8.81	10.57
789	8.77	10.53	14.36	10.53	14.36	7.52	14.36	19.74	10.53	19.74	19.74	8.77	7.52	8.77	10.53
306	8.92	10.70	14.59	10.70	14.59	7.64	14.59	20.06	10.70	20.06	20.06	8.92	7.64	8.92	10.70
548	8.90	10.68	14.56	10.68	14.56	7.63	14.56	20.03	10.68	20.03	20.03	8.90	7.63	8.90	10.68
307	8.79	10.55	14.39	10.55	14.39	7.54	14.39	19.78	10.55	19.78	19.78	8.79	7.54	8.79	10.55
549	8.83	10.59	14.44	10.59	14.44	7.56	14.44	19.86	10.59	19.86	19.86	8.83	7.56	8.83	10.59
308	8.73	10.47	14.28	10.47	14.28	7.48	14.28	19.63	10.47	19.63	19.63	8.73	7.48	8.73	10.47
309	8.97	10.76	14.67	10.76	14.67	7.69	14.67	20.18	10.76	20.18	20.18	8.97	7.69	8.97	10.76
790	8.72	10.46	14.26	10.46	14.26	7.47	14.26	19.61	10.46	19.61	19.61	8.72	7.47	8.72	10.46
791	8.85	10.62	14.48	10.62	14.48	7.59	14.48	19.91	10.62	19.91	19.91	8.85	7.59	8.85	10.62
550	8.85	10.62	14.48	10.62	14.48	7.59	14.48	19.91	10.62	19.91	19.91	8.85	7.59	8.85	10.62
792	8.90	10.68	14.56	10.68	14.56	7.63	14.56	20.03	10.68	20.03	20.03	8.90	7.63	8.90	10.68
551	8.89	10.67	14.55	10.67	14.55	7.62	14.55	20.01	10.67	20.01	20.01	8.89	7.62	8.89	10.67
793	8.78	10.54	14.37	10.54	14.37	7.53	14.37	19.76	10.54	19.76	19.76	8.78	7.53	8.78	10.54
310	8.75	10.50	14.32	10.50	14.32	7.50	14.32	19.69	10.50	19.69	19.69	8.75	7.50	8.75	10.50
552	8.92	10.70	14.59	10.70	14.59	7.64	14.59	20.06	10.70	20.06	20.06	8.92	7.64	8.92	10.70
794	8.79	10.55	14.39	10.55	14.39	7.54	14.39	19.78	10.55	19.78	19.78	8.79	7.54	8.79	10.55
311	8.87	10.64	14.51	10.64	14.51	7.60	14.51	19.95	10.64	19.95	19.95	8.87	7.60	8.87	10.64
553	8.81	10.57	14.41	10.57	14.41	7.55	14.41	19.82	10.57	19.82	19.82	8.81	7.55	8.81	10.57
795	8.76	10.51	14.33	10.51	14.33	7.51	14.33	19.71	10.51	19.71	19.71	8.76	7.51	8.76	10.51
312	8.87	10.64	14.51	10.64	14.51	7.60	14.51	19.95	10.64	19.95	19.95	8.87	7.60	8.87	10.64
554	8.83	10.60	14.45	10.60	14.45	7.57	14.45	19.88	10.60	19.88	19.88	8.83	7.57	8.83	10.60
796	8.90	10.68	14.56	10.68	14.56	7.63	14.56	20.03	10.68	20.03	20.03	8.90	7.63	8.90	10.68
313	8.63	10.36	14.13	10.36	14.13	7.40	14.13	19.43	10.36	19.43	19.43	8.63	7.40	8.63	10.36
555	8.74	10.49	14.30	10.49	14.30	7.49	14.30	19.67	10.49	19.67	19.67	8.74	7.49	8.74	10.49
797	8.77	10.53	14.36	10.53	14.36	7.52	14.36	19.74	10.53	19.74	19.74	8.77	7.52	8.77	10.53
314	8.83	10.59	14.44	10.59	14.44	7.56	14.44	19.86	10.59	19.86	19.86	8.83	7.56	8.83	10.59
556	8.82	10.58	14.43	10.58	14.43	7.56	14.43	19.84	10.58	19.84	19.84	8.82	7.56	8.82	10.58
798	8.68	10.42	14.21	10.42	14.21	7.44	14.21	19.54	10.42	19.54	19.54	8.68	7.44	8.68	10.42
315	8.97	10.76	14.67	10.76	14.67	7.69	14.67	20.18	10.76	20.18	20.18	8.97	7.69	8.97	10.76
557	8.70	10.44	14.24	10.44	14.24	7.46	14.24	19.58	10.44	19.58	19.58	8.70	7.46	8.70	10.44
799	8.87	10.64	14.51	10.64	14.51	7.60	14.51	19.95	10.64	19.95	19.95	8.87	7.60	8.87	10.64
316	8.97	10.76	14.67	10.76	14.67	7.69	14.67	20.18	10.76	20.18	20.18	8.97	7.69	8.97	10.76
558	8.83	10.59	14.44	10.59	14.44	7.56	14.44	19.86	10.59	19.86	19.86	8.83	7.56	8.83	10.59
317	8.87	10.64	14.51	10.64	14.51	7.60	14.51	19.95	10.64	19.95	19.95	8.87	7.60	8.87	10.64
559	8.96	10.75	14.66	10.75	14.66	7.68	14.66	20.16	10.75	20.16	20.16	8.96	7.68	8.96	10.75
318	8.74	10.49	14.30	10.49	14.30	7.49	14.30	19.67	10.49	19.67	19.67	8.74	7.49	8.74	10.49
319	8.63	10.36	14.13	10.36	14.13	7.40	14.13	19.43	10.36	19.43	19.43	8.63	7.40	8.63	10.36
560	8.85	10.62	14.48	10.62	14.48	7.59	14.48	19.91	10.62	19.91	19.91	8.85	7.59	8.85	10.62
561	8.68	10.41	14.20	10.41	14.20	7.44	14.20	19.52	10.41	19.52	19.52	8.68	7.44	8.68	10.41
320	8.83	10.59	14.44	10.59	14.44	7.56	14.44	19.86	10.59	19.86	19.86	8.83	7.56	8.83	10.59
562	8.75	10.50	14.32	10.50	14.32	7.50	14.32	19.69	10.50	19.69	19.69	8.75	7.50	8.75	10.50
321	8.93	10.72	14.62	10.72	14.62	7.66	14.62	20.10	10.72	20.10	20.10	8.93	7.66	8.93	10.72
563	8.95	10.74	14.65	10.74	14.65	7.67	14.65	20.14	10.74	20.14	20.14	8.95	7.67	8.95	10.74
322	8.81	10.57	14.41	10.57	14.41	7.55	14.41	19.82	10.57	19.82	19.82	8.81	7.55	8.81	10.57
564	8.93	10.71	14.60	10.71	14.60	7.65	14.60	20.08	10.71	20.08	20.08	8.93	7.65	8.93	10.71
323	8.70	10.44	14.24	10.44	14.24	7.46	14.24	19.58	10.44	19.58	19.58	8.70	7.46	8.70	10.44
565	8.72	10.46	14.26	10.46	14.26	7.47	14.26	19.61	10.46	19.61	19.61	8.72	7.47	8.72	10.46
324	8.83	10.59	14.44	10.59	14.44	7.56	14.44	19.86	10.59	19.86	19.86	8.83	7.56	8.83	10.59
566	8.88	10.65	14.52	10.65	14.52	7.61	14.52	19.97	10.65	19.97	19.97	8.88	7.61	8.88	10.65
325	8.83	10.59	14.44	10.59	14.44	7.56	14.44	19.86	10.59	19.86	19.86	8.83	7.56	8.83	10.59
567	8.75	10.50	14.32	10.50	14.32	7.50	14.32	19.69	10.50	19.69	19.69	8.75	7.50	8.75	10.50
326	8.80	10.56	14.40	10.56	14.40	7.54	14.40	19.80	10.56	19.80	19.80	8.80	7.54	8.80	10.56
568	8.93	10.71	14.60	10.71	14.60	7.65	14.60	20.08	10.71	20.08	20.08	8.93	7.65	8.93	10.71
327	8.96	10.75	14.66	10.75	14.66	7.68	14.66	20.16	10.75	20.16	20.16	8.96	7.68	8.96	10.75
569	8.93	10.71	14.60	10.71	14.60	7.65	14.60	20.08	10.71	20.08	20.08	8.93	7.65	8.93	10.71
328	8.93	10.72	14.62	10.72	14.62	7.66	14.62	20.10	10.72	20.10	20.10	8.93	7.66	8.93	10.72
329	8.73	10.48	14.29	10.48	14.29	7.49	14.29	19.65	10.48	19.65	19.65	8.73	7.49	8.73	10.48
570	8.81	10.57	14.41	10.57	14.41	7.55	14.41	19.82	10.57	19.82	19.82	8.81	7.55	8.81	10.57
571	8.81	10.57	14.41	10.57	14.41	7.55	14.41	19.82	10.57	19.82	19.82	8.81	7.55	8.81	10.57
330	8.80	10.56	14.40	10.56	14.40	7.54	14.40	19.80	10.56	19.80	19.80	8.80	7.54	8.80	10.56
572	8.88	10.65	14.52	10.65	14.52	7.61	14.52	19.97	10.65	19.97	19.97	8.88	7.61	8.88	10.65
331	8.76	10.51	14.33	10.51	14.33	7.51	14.33	19.71	10.51	19.71	19.71	8.76	7.51	8.76	10.51
573	8.87	10.64	14.51	10.64	14.51	7.60	14.51	19.95	10.64	19.95	19.95	8.87	7.60	8.87	10.64
332	8.73	10.48	14.29	10.48	14.29	7.49	14.29	19.65	10.48	19.65	19.65	8.73	7.49	8.73	10.48
574	8.80	10.56	14.40	10.56	14.40	7.54	14.40	19.80	10.56	19.80	19.80	8.80	7.54	8.80	10.56
333	8.75	10.50	14.32	10.50	14.32	7.50	14.32	19.69	10.50	19.69	19.69	8.75	7.50	8.75	10.50
575	8.81	10.57	14.41	10.57	14.41	7.55	14.41	19.82	10.57	19.82	19.82	8.81	7.55	8.81	10.57
334	8.79	10.55	14.39	10.55	14.39	7.54	14.39	19.78	10.55	19.78	19.78	8.79	7.54	8.79	10.55
576	8.93	10.71	14.60	10.71	14.60	7.65	14.60	20.08	10.71	20.08	20.08	8.93	7.65	8.93	10.71
335	8.72	10.46	14.26	10.46	14.26	7.47	14.26	19.61	10.46	19.61	19.61	8.72	7.47	8.72	10.46
577	8.96	10.75	14.66	10.75	14.66	7.68	14.66	20.16	10.75	20.16	20.16	8.96	7.68	8.96	10.75
336	8.89	10.67	14.55	10.67	14.55	7.62	14.55	20.01	10.67	20.01	20.01	8.89	7.62	8.89	10.67
578	8.76	10.51	14.33	10.51	14.33	7.51	14.33	19.71	10.51	19.71	19.71	8.76	7.51	8.76	10.51
337	8.81	10.57	14.41	10.57	14.41	7.55	14.41	19.82	10.57	19.82	19.82	8.81	7.55	8.81	10.57
579	8.87	10.64	14.51	10.64	14.51	7.60	14.51	19.95	10.64	19.95	19.95	8.87	7.60	8.87	10.64
338	8.84	10.61	14.47	10.61	14.47	7.58	14.47	19.89	10.61	19.89	19.89	8.84	7.58	8.84	10.61
339	8.86	10.63	14.50	10.63	14.50	7.59	14.50	19.93	10.63	19.93	19.93	8.86	7.59	8.86	10.63
580	8.88	10.66	14.54	10.66	14.54	7.61	14.54	19.99	10.66	19.99	19.99	8.88	7.61	8.88	10.66
581	8.93	10.71	14.60	10.71	14.60	7.65	14.60	20.08	10.71	20.08	20.08	8.93	7.65	8.93	10.71
340	8.79	10.55	14.39	10.55	14.39	7.54	14.39	19.78	10.55	19.78	19.78	8.79	7.54	8.79	10.55
582	8.88	10.66	14.54	10.66	14.54	7.61	14.54	19.99	10.66	19.99	19.99	8.88	7.61	8.88	10.66
341	8.88	10.66	14.54	10.66	14.54	7.61	14.54	19.99	10.66	19.99	19.99	8.88	7.61	8.88	10.66
583	8.64	10.37	14.14	10.37	14.14	7.41	14.14	19.44	10.37	19.44	19.44	8.64	7.41	8.64	10.37
100	11.22	13.46	18.35	13.46	18.35	9.61	18.35	25.24	13.46	25.24	25.24	11.22	9.61	11.22	13.46
342	8.70	10.44	14.24	10.44	14.24	7.46	14.24	19.58	10.44	19.58	19.58	8.70	7.46	8.70	10.44
584	9.02	10.82	14.75	10.82	14.75	7.73	14.75	20.29	10.82	20.29	20.29	9.02	7.73	9.02	10.82
101	11.41	13.69	18.67	13.69	18.67	9.78	18.67	25.67	13.69	25.67	25.67	11.41	9.78	11.41	13.69
343	8.85	10.62	14.48	10.62	14.48	7.59	14.48	19.91	10.62	19.91	19.91	8.85	7.59	8.85	10.62
585	8.89	10.67	14.55	10.67	14.55	7.62	14.55	20.01	10.67	20.01	20.01	8.89	7.62	8.89	10.67
102	11.40	13.68	18.65	13.68	18.65	9.77	18.65	25.65	13.68	25.65	25.65	11.40	9.77	11.40	13.68
344	8.93	10.72	14.62	10.72	14.62	7.66	14.62	20.10	10.72	20.10	20.10	8.93	7.66	8.93	10.72
586	8.83	10.60	14.45	10.60	14.45	7.57	14.45	19.88	10.60	19.88	19.88	8.83	7.57	8.83	10.60
103	11.43	13.72	18.71	13.72	18.71	9.80	18.71	25.73	13.72	25.73	25.73	11.43	9.80	11.43	13.72
345	9.02	10.82	14.75	10.82	14.75	7.73	14.75	20.29	10.82	20.29	20.29	9.02	7.73	9.02	10.82
587	8.83	10.59	14.44	10.59	14.44	7.56	14.44	19.86	10.59	19.86	19.86	8.83	7.56	8.83	10.59
104	11.45	13.74	18.74	13.74	18.74	9.81	18.74	25.76	13.74	25.76	25.76	11.45	9.81	11.45	13.74
346	8.77	10.53	14.36	10.53	14.36	7.52	14.36	19.74	10.53	19.74	19.74	8.77	7.52	8.77	10.53
588	8.93	10.71	14.60	10.71	14.60	7.65	14.60	20.08	10.71	20.08	20.08	8.93	7.65	8.93	10.71
105	11.25	13.50	18.41	13.50	18.41	9.64	18.41	25.31	13.50	25.31	25.31	11.25	9.64	11.25	13.50
347	8.93	10.71	14.60	10.71	14.60	7.65	14.60	20.08	10.71	20.08	20.08	8.93	7.65	8.93	10.71
589	8.67	10.40	14.18	10.40	14.18	7.43	14.18	19.50	10.40	19.50	19.50	8.67	7.43	8.67	10.40
106	11.56	13.87	18.91	13.87	18.91	9.91	18.91	26.01	13.87	26.01	26.01	11.56	9.91	11.56	13.87
348	8.73	10.47	14.28	10.47	14.28	7.48	14.28	19.63	10.47	19.63	19.63	8.73	7.48	8.73	10.47
107	11.42	13.70	18.68	13.70	18.68	9.79	18.68	25.69	13.70	25.69	25.69	11.42	9.79	11.42	13.70
349	8.87	10.64	14.51	10.64	14.51	7.60	14.51	19.95	10.64	19.95	19.95	8.87	7.60	8.87	10.64
108	11.23	13.48	18.38	13.48	18.38	9.63	18.38	25.28	13.48	25.28	25.28	11.23	9.63	11.23	13.48
109	11.30	13.56	18.49	13.56	18.49	9.69	18.49	25.43	13.56	25.43	25.43	11.30	9.69	11.30	13.56
590	8.73	10.47	14.28	10.47	14.28	7.48	14.28	19.63	10.47	19.63	19.63	8.73	7.48	8.73	10.47
591	8.87	10.64	14.51	10.64	14.51	7.60	14.51	19.95	10.64	19.95	19.95	8.87	7.60	8.87	10.64
350	8.83	10.60	14.45	10.60	14.45	7.57	14.45	19.88	10.60	19.88	19.88	8.83	7.57	8.83	10.60
592	8.75	10.50	14.32	10.50	14.32	7.50	14.32	19.69	10.50	19.69	19.69	8.75	7.50	8.75	10.50
351	8.69	10.43	14.22	10.43	14.22	7.45	14.22	19.56	10.43	19.56	19.56	8.69	7.45	8.69	10.43
593	8.86	10.63	14.50	10.63	14.50	7.59	14.50	19.93	10.63	19.93	19.93	8.86	7.59	8.86	10.63
110	11.86	14.23	19.40	14.23	19.40	10.16	19.40	26.68	14.23	26.68	26.68	11.86	10.16	11.86	14.23
352	8.84	10.61	14.47	10.61	14.47	7.58	14.47	19.89	10.61	19.89	19.89	8.84	7.58	8.84	10.61
594	8.83	10.59	14.44	10.59	14.44	7.56	14.44	19.86	10.59	19.86	19.86	8.83	7.56	8.83	10.59
111	11.36	13.63	18.59	13.63	18.59	9.74	18.59	25.56	13.63	25.56	25.56	11.36	9.74	11.36	13.63
353	8.81	10.57	14.41	10.57	14.41	7.55	14.41	19.82	10.57	19.82	19.82	8.81	7.55	8.81	10.57
595	8.77	10.53	14.36	10.53	14.36	7.52	14.36	19.74	10.53	19.74	19.74	8.77	7.52	8.77	10.53
112	11.63	13.95	19.02	13.95	19.02	9.96	19.02	26.16	13.95	26.16	26.16	11.63	9.96	11.63	13.95
354	8.84	10.61	14.47	10.61	14.47	7.58	14.47	19.89	10.61	19.89	19.89	8.84	7.58	8.84	10.61
596	8.85	10.62	14.48	10.62	14.48	7.59	14.48	19.91	10.62	19.91	19.91	8.85	7.59	8.85	10.62
113	11.45	13.74	18.74	13.74	18.74	9.81	18.74	25.76	13.74	25.76	25.76	11.45	9.81	11.45	13.74
355	8.82	10.58	14.43	10.58	14.43	7.56	14.43	19.84	10.58	19.84	19.84	8.82	7.56	8.82	10.58
597	8.75	10.50	14.32	10.50	14.32	7.50	14.32	19.69	10.50	19.69	19.69	8.75	7.50	8.75	10.50
114	11.13	13.36	18.22	13.36	18.22	9.54	18.22	25.05	13.36	25.05	25.05	11.13	9.54	11.13	13.36
356	8.79	10.55	14.39	10.55	14.39	7.54	14.39	19.78	10.55	19.78	19.78	8.79	7.54	8.79	10.55
598	8.82	10.58	14.43	10.58	14.43	7.56	14.43	19.84	10.58	19.84	19.84	8.82	7.56	8.82	10.58
115	11.09	13.31	18.15	13.31	18.15	9.51	18.15	24.96	13.31	24.96	24.96	11.09	9.51	11.09	13.31
357	8.75	10.50	14.32	10.50	14.32	7.50	14.32	19.69	10.50	19.69	19.69	8.75	7.50	8.75	10.50
599	8.73	10.47	14.28	10.47	14.28	7.48	14.28	19.63	10.47	19.63	19.63	8.73	7.48	8.73	10.47
116	11.47	13.76	18.76	13.76	18.76	9.83	18.76	25.80	13.76	25.80	25.80	11.47	9.83	11.47	13.76
358	8.79	10.55	14.39	10.55	14.39	7.54	14.39	19.78	10.55	19.78	19.78	8.79	7.54	8.79	10.55
117	11.52	13.82	18.85	13.82	18.85	9.87	18.85	25.91	13.82	25.91	25.91	11.52	9.87	11.52	13.82
359	8.75	10.50	14.32	10.50	14.32	7.50	14.32	19.69	10.50	19.69	19.69	8.75	7.50	8.75	10.50
118	11.15	13.38	18.25	13.38	18.25	9.56	18.25	25.09	13.38	25.09	25.09	11.15	9.56	11.15	13.38
119	11.08	13.30	18.14	13.30	18.14	9.50	18.14	24.94	13.30	24.94	24.94	11.08	9.50	11.08	13.30
10	11.48	13.78	18.79	13.78	18.79	9.84	18.79	25.84	13.78	25.84	25.84	11.48	9.84	11.48	13.78
11	10.99	13.19	17.99	13.19	17.99	9.42	17.99	24.73	13.19	24.73	24.73	10.99	9.42	10.99	13.19
12	11.36	13.63	18.59	13.63	18.59	9.74	18.59	25.56	13.63	25.56	25.56	11.36	9.74	11.36	13.63
13	11.43	13.71	18.70	13.71	18.70	9.79	18.70	25.71	13.71	25.71	25.71	11.43	9.79	11.43	13.71
14	11.14	13.37	18.23	13.37	18.23	9.55	18.23	25.07	13.37	25.07	25.07	11.14	9.55	11.14	13.37
15	11.40	13.68	18.65	13.68	18.65	9.77	18.65	25.65	13.68	25.65	25.65	11.40	9.77	11.40	13.68
16	11.22	13.46	18.35	13.46	18.35	9.61	18.35	25.24	13.46	25.24	25.24	11.22	9.61	11.22	13.46
17	11.23	13.48	18.38	13.48	18.38	9.63	18.38	25.28	13.48	25.28	25.28	11.23	9.63	11.23	13.48
18	11.24	13.49	18.40	13.49	18.40	9.64	18.40	25.29	13.49	25.29	25.29	11.24	9.64	11.24	13.49
19	11.27	13.52	18.44	13.52	18.44	9.66	18.44	25.35	13.52	25.35	25.35	11.27	9.66	11.27	13.52
360	8.73	10.47	14.28	10.47	14.28	7.48	14.28	19.63	10.47	19.63	19.63	8.73	7.48	8.73	10.47
361	8.81	10.57	14.41	10.57	14.41	7.55	14.41	19.82	10.57	19.82	19.82	8.81	7.55	8.81	10.57
120	11.26	13.51	18.42	13.51	18.42	9.65	18.42	25.33	13.51	25.33	25.33	11.26	9.65	11.26	13.51
362	8.78	10.54	14.37	10.54	14.37	7.53	14.37	19.76	10.54	19.76	19.76	8.78	7.53	8.78	10.54
121	11.28	13.53	18.45	13.53	18.45	9.66	18.45	25.37	13.53	25.37	25.37	11.28	9.66	11.28	13.53
363	8.76	10.51	14.33	10.51	14.33	7.51	14.33	19.71	10.51	19.71	19.71	8.76	7.51	8.76	10.51
122	11.00	13.20	18.00	13.20	18.00	9.43	18.00	24.75	13.20	24.75	24.75	11.00	9.43	11.00	13.20
364	8.68	10.41	14.20	10.41	14.20	7.44	14.20	19.52	10.41	19.52	19.52	8.68	7.44	8.68	10.41
123	11.12	13.34	18.19	13.34	18.19	9.53	18.19	25.01	13.34	25.01	25.01	11.12	9.53	11.12	13.34
365	8.69	10.43	14.22	10.43	14.22	7.45	14.22	19.56	10.43	19.56	19.56	8.69	7.45	8.69	10.43
124	11.09	13.31	18.15	13.31	18.15	9.51	18.15	24.96	13.31	24.96	24.96	11.09	9.51	11.09	13.31
366	8.76	10.51	14.33	10.51	14.33	7.51	14.33	19.71	10.51	19.71	19.71	8.76	7.51	8.76	10.51
125	11.38	13.65	18.61	13.65	18.61	9.75	18.61	25.59	13.65	25.59	25.59	11.38	9.75	11.38	13.65
367	8.98	10.78	14.70	10.78	14.70	7.70	14.70	20.21	10.78	20.21	20.21	8.98	7.70	8.98	10.78
126	11.23	13.48	18.38	13.48	18.38	9.63	18.38	25.28	13.48	25.28	25.28	11.23	9.63	11.23	13.48
368	8.82	10.58	14.43	10.58	14.43	7.56	14.43	19.84	10.58	19.84	19.84	8.82	7.56	8.82	10.58
127	11.34	13.61	18.56	13.61	18.56	9.72	18.56	25.52	13.61	25.52	25.52	11.34	9.72	11.34	13.61
369	8.85	10.62	14.48	10.62	14.48	7.59	14.48	19.91	10.62	19.91	19.91	8.85	7.59	8.85	10.62
128	11.46	13.75	18.75	13.75	18.75	9.82	18.75	25.78	13.75	25.78	25.78	11.46	9.82	11.46	13.75
129	10.97	13.16	17.95	13.16	17.95	9.40	17.95	24.68	13.16	24.68	24.68	10.97	9.40	10.97	13.16
20	11.47	13.76	18.76	13.76	18.76	9.83	18.76	25.80	13.76	25.80	25.80	11.47	9.83	11.47	13.76
21	11.48	13.78	18.79	13.78	18.79	9.84	18.79	25.84	13.78	25.84	25.84	11.48	9.84	11.48	13.78
22	11.29	13.55	18.48	13.55	18.48	9.68	18.48	25.41	13.55	25.41	25.41	11.29	9.68	11.29	13.55
23	11.60	13.92	18.98	13.92	18.98	9.94	18.98	26.10	13.92	26.10	26.10	11.60	9.94	11.60	13.92
24	11.23	13.48	18.38	13.48	18.38	9.63	18.38	25.28	13.48	25.28	25.28	11.23	9.63	11.23	13.48
25	11.51	13.81	18.83	13.81	18.83	9.86	18.83	25.89	13.81	25.89	25.89	11.51	9.86	11.51	13.81
26	11.53	13.83	18.86	13.83	18.86	9.88	18.86	25.93	13.83	25.93	25.93	11.53	9.88	11.53	13.83
27	11.14	13.37	18.23	13.37	18.23	9.55	18.23	25.07	13.37	25.07	25.07	11.14	9.55	11.14	13.37
28	11.18	13.41	18.29	13.41	18.29	9.58	18.29	25.14	13.41	25.14	25.14	11.18	9.58	11.18	13.41
29	11.20	13.44	18.33	13.44	18.33	9.60	18.33	25.20	13.44	25.20	25.20	11.20	9.60	11.20	13.44
370	8.72	10.46	14.26	10.46	14.26	7.47	14.26	19.61	10.46	19.61	19.61	8.72	7.47	8.72	10.46
371	8.82	10.58	14.43	10.58	14.43	7.56	14.43	19.84	10.58	19.84	19.84	8.82	7.56	8.82	10.58
130	11.23	13.47	18.37	13.47	18.37	9.62	18.37	25.26	13.47	25.26	25.26	11.23	9.62	11.23	13.47
372	8.88	10.66	14.54	10.66	14.54	7.61	14.54	19.99	10.66	19.99	19.99	8.88	7.61	8.88	10.66
131	11.26	13.51	18.42	13.51	18.42	9.65	18.42	25.33	13.51	25.33	25.33	11.26	9.65	11.26	13.51
373	8.79	10.55	14.39	10.55	14.39	7.54	14.39	19.78	10.55	19.78	19.78	8.79	7.54	8.79	10.55
132	11.24	13.49	18.40	13.49	18.40	9.64	18.40	25.29	13.49	25.29	25.29	11.24	9.64	11.24	13.49
374	8.77	10.53	14.36	10.53	14.36	7.52	14.36	19.74	10.53	19.74	19.74	8.77	7.52	8.77	10.53
133	11.40	13.68	18.65	13.68	18.65	9.77	18.65	25.65	13.68	25.65	25.65	11.40	9.77	11.40	13.68
375	8.89	10.67	14.55	10.67	14.55	7.62	14.55	20.01	10.67	20.01	20.01	8.89	7.62	8.89	10.67
134	11.27	13.52	18.44	13.52	18.44	9.66	18.44	25.35	13.52	25.35	25.35	11.27	9.66	11.27	13.52
376	8.73	10.48	14.29	10.48	14.29	7.49	14.29	19.65	10.48	19.65	19.65	8.73	7.49	8.73	10.48
135	11.50	13.80	18.82	13.80	18.82	9.86	18.82	25.88	13.80	25.88	25.88	11.50	9.86	11.50	13.80
377	8.86	10.63	14.50	10.63	14.50	7.59	14.50	19.93	10.63	19.93	19.93	8.86	7.59	8.86	10.63
136	11.11	13.33	18.18	13.33	18.18	9.52	18.18	24.99	13.33	24.99	24.99	11.11	9.52	11.11	13.33
378	8.98	10.78	14.70	10.78	14.70	7.70	14.70	20.21	10.78	20.21	20.21	8.98	7.70	8.98	10.78
137	11.22	13.46	18.35	13.46	18.35	9.61	18.35	25.24	13.46	25.24	25.24	11.22	9.61	11.22	13.46
379	8.76	10.51	14.33	10.51	14.33	7.51	14.33	19.71	10.51	19.71	19.71	8.76	7.51	8.76	10.51
138	11.33	13.59	18.53	13.59	18.53	9.71	18.53	25.48	13.59	25.48	25.48	11.33	9.71	11.33	13.59
139	11.25	13.50	18.41	13.50	18.41	9.64	18.41	25.31	13.50	25.31	25.31	11.25	9.64	11.25	13.50
30	11.69	14.03	19.13	14.03	19.13	10.02	19.13	26.31	14.03	26.31	26.31	11.69	10.02	11.69	14.03
31	11.09	13.31	18.15	13.31	18.15	9.51	18.15	24.96	13.31	24.96	24.96	11.09	9.51	11.09	13.31
32	11.33	13.60	18.55	13.60	18.55	9.71	18.55	25.50	13.60	25.50	25.50	11.33	9.71	11.33	13.60
33	11.22	13.46	18.35	13.46	18.35	9.61	18.35	25.24	13.46	25.24	25.24	11.22	9.61	11.22	13.46
34	11.47	13.76	18.76	13.76	18.76	9.83	18.76	25.80	13.76	25.80	25.80	11.47	9.83	11.47	13.76
35	11.39	13.67	18.64	13.67	18.64	9.76	18.64	25.63	13.67	25.63	25.63	11.39	9.76	11.39	13.67
36	11.44	13.73	18.72	13.73	18.72	9.81	18.72	25.74	13.73	25.74	25.74	11.44	9.81	11.44	13.73
37	11.28	13.53	18.45	13.53	18.45	9.66	18.45	25.37	13.53	25.37	25.37	11.28	9.66	11.28	13.53
38	11.04	13.25	18.07	13.25	18.07	9.46	18.07	24.84	13.25	24.84	24.84	11.04	9.46	11.04	13.25
39	11.57	13.88	18.93	13.88	18.93	9.91	18.93	26.03	13.88	26.03	26.03	11.57	9.91	11.57	13.88
380	8.77	10.53	14.36	10.53	14.36	7.52	14.36	19.74	10.53	19.74	19.74	8.77	7.52	8.77	10.53
381	8.75	10.50	14.32	10.50	14.32	7.50	14.32	19.69	10.50	19.69	19.69	8.75	7.50	8.75	10.50
140	11.28	13.53	18.45	13.53	18.45	9.66	18.45	25.37	13.53	25.37	25.37	11.28	9.66	11.28	13.53
382	8.69	10.43	14.22	10.43	14.22	7.45	14.22	19.56	10.43	19.56	19.56	8.69	7.45	8.69	10.43
141	11.32	13.58	18.52	13.58	18.52	9.70	18.52	25.46	13.58	25.46	25.46	11.32	9.70	11.32	13.58
383	8.70	10.44	14.24	10.44	14.24	7.46	14.24	19.58	10.44	19.58	19.58	8.70	7.46	8.70	10.44
142	11.22	13.46	18.35	13.46	18.35	9.61	18.35	25.24	13.46	25.24	25.24	11.22	9.61	11.22	13.46
384	8.85	10.62	14.48	10.62	14.48	7.59	14.48	19.91	10.62	19.91	19.91	8.85	7.59	8.85	10.62
143	10.98	13.18	17.97	13.18	17.97	9.41	17.97	24.71	13.18	24.71	24.71	10.98	9.41	10.98	13.18
385	8.83	10.60	14.45	10.60	14.45	7.57	14.45	19.88	10.60	19.88	19.88	8.83	7.57	8.83	10.60
144	11.13	13.35	18.20	13.35	18.20	9.54	18.20	25.03	13.35	25.03	25.03	11.13	9.54	11.13	13.35
386	8.78	10.54	14.37	10.54	14.37	7.53	14.37	19.76	10.54	19.76	19.76	8.78	7.53	8.78	10.54
145	11.67	14.00	19.09	14.00	19.09	10.00	19.09	26.25	14.00	26.25	26.25	11.67	10.00	11.67	14.00
387	8.77	10.52	14.35	10.52	14.35	7.51	14.35	19.73	10.52	19.73	19.73	8.77	7.51	8.77	10.52
146	11.48	13.78	18.79	13.78	18.79	9.84	18.79	25.84	13.78	25.84	25.84	11.48	9.84	11.48	13.78
388	8.98	10.77	14.69	10.77	14.69	7.69	14.69	20.19	10.77	20.19	20.19	8.98	7.69	8.98	10.77
147	11.27	13.52	18.44	13.52	18.44	9.66	18.44	25.35	13.52	25.35	25.35	11.27	9.66	11.27	13.52
389	8.94	10.73	14.63	10.73	14.63	7.66	14.63	20.12	10.73	20.12	20.12	8.94	7.66	8.94	10.73
148	11.55	13.86	18.90	13.86	18.90	9.90	18.90	25.99	13.86	25.99	25.99	11.55	9.90	11.55	13.86
149	11.19	13.43	18.31	13.43	18.31	9.59	18.31	25.18	13.43	25.18	25.18	11.19	9.59	11.19	13.43
40	11.37	13.64	18.60	13.64	18.60	9.74	18.60	25.58	13.64	25.58	25.58	11.37	9.74	11.37	13.64
41	11.02	13.22	18.03	13.22	18.03	9.44	18.03	24.79	13.22	24.79	24.79	11.02	9.44	11.02	13.22
42	11.73	14.08	19.20	14.08	19.20	10.06	19.20	26.40	14.08	26.40	26.40	11.73	10.06	11.73	14.08
43	11.31	13.57	18.50	13.57	18.50	9.69	18.50	25.44	13.57	25.44	25.44	11.31	9.69	11.31	13.57
44	11.18	13.42	18.30	13.42	18.30	9.59	18.30	25.16	13.42	25.16	25.16	11.18	9.59	11.18	13.42
45	11.24	13.49	18.40	13.49	18.40	9.64	18.40	25.29	13.49	25.29	25.29	11.24	9.64	11.24	13.49
46	11.23	13.48	18.38	13.48	18.38	9.63	18.38	25.28	13.48	25.28	25.28	11.23	9.63	11.23	13.48
47	11.63	13.95	19.02	13.95	19.02	9.96	19.02	26.16	13.95	26.16	26.16	11.63	9.96	11.63	13.95
48	11.41	13.69	18.67	13.69	18.67	9.78	18.67	25.67	13.69	25.67	25.67	11.41	9.78	11.41	13.69
49	11.51	13.81	18.83	13.81	18.83	9.86	18.83	25.89	13.81	25.89	25.89	11.51	9.86	11.51	13.81
390	8.76	10.51	14.33	10.51	14.33	7.51	14.33	19.71	10.51	19.71	19.71	8.76	7.51	8.76	10.51
391	8.83	10.60	14.45	10.60	14.45	7.57	14.45	19.88	10.60	19.88	19.88	8.83	7.57	8.83	10.60
150	11.23	13.48	18.38	13.48	18.38	9.63	18.38	25.28	13.48	25.28	25.28	11.23	9.63	11.23	13.48
392	8.78	10.54	14.37	10.54	14.37	7.53	14.37	19.76	10.54	19.76	19.76	8.78	7.53	8.78	10.54
151	11.85	14.22	19.39	14.22	19.39	10.16	19.39	26.66	14.22	26.66	26.66	11.85	10.16	11.85	14.22
393	8.65	10.38	14.15	10.38	14.15	7.41	14.15	19.46	10.38	19.46	19.46	8.65	7.41	8.65	10.38
152	11.37	13.64	18.60	13.64	18.60	9.74	18.60	25.58	13.64	25.58	25.58	11.37	9.74	11.37	13.64
394	8.97	10.76	14.67	10.76	14.67	7.69	14.67	20.18	10.76	20.18	20.18	8.97	7.69	8.97	10.76
153	11.53	13.83	18.86	13.83	18.86	9.88	18.86	25.93	13.83	25.93	25.93	11.53	9.88	11.53	13.83
395	8.85	10.62	14.48	10.62	14.48	7.59	14.48	19.91	10.62	19.91	19.91	8.85	7.59	8.85	10.62
154	11.64	13.97	19.05	13.97	19.05	9.98	19.05	26.19	13.97	26.19	26.19	11.64	9.98	11.64	13.97
396	8.77	10.52	14.35	10.52	14.35	7.51	14.35	19.73	10.52	19.73	19.73	8.77	7.51	8.77	10.52
155	11.21	13.45	18.34	13.45	18.34	9.61	18.34	25.22	13.45	25.22	25.22	11.21	9.61	11.21	13.45
397	8.73	10.48	14.29	10.48	14.29	7.49	14.29	19.65	10.48	19.65	19.65	8.73	7.49	8.73	10.48
156	11.22	13.46	18.35	13.46	18.35	9.61	18.35	25.24	13.46	25.24	25.24	11.22	9.61	11.22	13.46
398	8.85	10.62	14.48	10.62	14.48	7.59	14.48	19.91	10.62	19.91	19.91	8.85	7.59	8.85	10.62
157	11.29	13.55	18.48	13.55	18.48	9.68	18.48	25.41	13.55	25.41	25.41	11.29	9.68	11.29	13.55
399	8.84	10.61	14.47	10.61	14.47	7.58	14.47	19.89	10.61	19.89	19.89	8.84	7.58	8.84	10.61
158	10.91	13.09	17.85	13.09	17.85	9.35	17.85	24.54	13.09	24.54	24.54	10.91	9.35	10.91	13.09
159	11.52	13.82	18.85	13.82	18.85	9.87	18.85	25.91	13.82	25.91	25.91	11.52	9.87	11.52	13.82
50	10.95	13.14	17.92	13.14	17.92	9.39	17.92	24.64	13.14	24.64	24.64	10.95	9.39	10.95	13.14
51	10.90	13.08	17.84	13.08	17.84	9.34	17.84	24.53	13.08	24.53	24.53	10.90	9.34	10.90	13.08
52	11.44	13.73	18.72	13.73	18.72	9.81	18.72	25.74	13.73	25.74	25.74	11.44	9.81	11.44	13.73
53	11.41	13.69	18.67	13.69	18.67	9.78	18.67	25.67	13.69	25.67	25.67	11.41	9.78	11.41	13.69
54	11.32	13.58	18.52	13.58	18.52	9.70	18.52	25.46	13.58	25.46	25.46	11.32	9.70	11.32	13.58
55	11.23	13.47	18.37	13.47	18.37	9.62	18.37	25.26	13.47	25.26	25.26	11.23	9.62	11.23	13.47
56	11.77	14.12	19.25	14.12	19.25	10.09	19.25	26.48	14.12	26.48	26.48	11.77	10.09	11.77	14.12
57	10.98	13.18	17.97	13.18	17.97	9.41	17.97	24.71	13.18	24.71	24.71	10.98	9.41	10.98	13.18
58	11.22	13.46	18.35	13.46	18.35	9.61	18.35	25.24	13.46	25.24	25.24	11.22	9.61	11.22	13.46
59	11.33	13.59	18.53	13.59	18.53	9.71	18.53	25.48	13.59	25.48	25.48	11.33	9.71	11.33	13.59
160	11.33	13.59	18.53	13.59	18.53	9.71	18.53	25.48	13.59	25.48	25.48	11.33	9.71	11.33	13.59
161	11.33	13.59	18.53	13.59	18.53	9.71	18.53	25.48	13.59	25.48	25.48	11.33	9.71	11.33	13.59
162	11.18	13.42	18.30	13.42	18.30	9.59	18.30	25.16	13.42	25.16	25.16	11.18	9.59	11.18	13.42
163	11.44	13.73	18.72	13.73	18.72	9.81	18.72	25.74	13.73	25.74	25.74	11.44	9.81	11.44	13.73
164	11.20	13.44	18.33	13.44	18.33	9.60	18.33	25.20	13.44	25.20	25.20	11.20	9.60	11.20	13.44
165	11.35	13.62	18.57	13.62	18.57	9.73	18.57	25.54	13.62	25.54	25.54	11.35	9.73	11.35	13.62
166	11.06	13.27	18.10	13.27	18.10	9.48	18.10	24.88	13.27	24.88	24.88	11.06	9.48	11.06	13.27
167	8.83	10.60	14.45	10.60	14.45	7.57	14.45	19.88	10.60	19.88	19.88	8.83	7.57	8.83	10.60
168	8.78	10.54	14.37	10.54	14.37	7.53	14.37	19.76	10.54	19.76	19.76	8.78	7.53	8.78	10.54
169	8.90	10.68	14.56	10.68	14.56	7.63	14.56	20.03	10.68	20.03	20.03	8.90	7.63	8.90	10.68
60	11.47	13.76	18.76	13.76	18.76	9.83	18.76	25.80	13.76	25.80	25.80	11.47	9.83	11.47	13.76
61	11.37	13.64	18.60	13.64	18.60	9.74	18.60	25.58	13.64	25.58	25.58	11.37	9.74	11.37	13.64
62	11.21	13.45	18.34	13.45	18.34	9.61	18.34	25.22	13.45	25.22	25.22	11.21	9.61	11.21	13.45
63	10.95	13.14	17.92	13.14	17.92	9.39	17.92	24.64	13.14	24.64	24.64	10.95	9.39	10.95	13.14
64	11.46	13.75	18.75	13.75	18.75	9.82	18.75	25.78	13.75	25.78	25.78	11.46	9.82	11.46	13.75
65	11.27	13.52	18.44	13.52	18.44	9.66	18.44	25.35	13.52	25.35	25.35	11.27	9.66	11.27	13.52
66	11.40	13.68	18.65	13.68	18.65	9.77	18.65	25.65	13.68	25.65	25.65	11.40	9.77	11.40	13.68
67	11.34	13.61	18.56	13.61	18.56	9.72	18.56	25.52	13.61	25.52	25.52	11.34	9.72	11.34	13.61
68	10.98	13.17	17.96	13.17	17.96	9.41	17.96	24.69	13.17	24.69	24.69	10.98	9.41	10.98	13.17
69	11.80	14.16	19.31	14.16	19.31	10.11	19.31	26.55	14.16	26.55	26.55	11.80	10.11	11.80	14.16
170	8.81	10.57	14.41	10.57	14.41	7.55	14.41	19.82	10.57	19.82	19.82	8.81	7.55	8.81	10.57
171	8.84	10.61	14.47	10.61	14.47	7.58	14.47	19.89	10.61	19.89	19.89	8.84	7.58	8.84	10.61
172	8.71	10.45	14.25	10.45	14.25	7.46	14.25	19.59	10.45	19.59	19.59	8.71	7.46	8.71	10.45
173	8.96	10.75	14.66	10.75	14.66	7.68	14.66	20.16	10.75	20.16	20.16	8.96	7.68	8.96	10.75
174	8.97	10.76	14.67	10.76	14.67	7.69	14.67	20.18	10.76	20.18	20.18	8.97	7.69	8.97	10.76
175	8.85	10.62	14.48	10.62	14.48	7.59	14.48	19.91	10.62	19.91	19.91	8.85	7.59	8.85	10.62
176	8.79	10.55	14.39	10.55	14.39	7.54	14.39	19.78	10.55	19.78	19.78	8.79	7.54	8.79	10.55
177	8.76	10.51	14.33	10.51	14.33	7.51	14.33	19.71	10.51	19.71	19.71	8.76	7.51	8.76	10.51
178	8.83	10.60	14.45	10.60	14.45	7.57	14.45	19.88	10.60	19.88	19.88	8.83	7.57	8.83	10.60
179	8.71	10.45	14.25	10.45	14.25	7.46	14.25	19.59	10.45	19.59	19.59	8.71	7.46	8.71	10.45
70	11.54	13.85	18.89	13.85	18.89	9.89	18.89	25.97	13.85	25.97	25.97	11.54	9.89	11.54	13.85
71	11.34	13.61	18.56	13.61	18.56	9.72	18.56	25.52	13.61	25.52	25.52	11.34	9.72	11.34	13.61
72	11.53	13.84	18.87	13.84	18.87	9.89	18.87	25.95	13.84	25.95	25.95	11.53	9.89	11.53	13.84
73	11.60	13.92	18.98	13.92	18.98	9.94	18.98	26.10	13.92	26.10	26.10	11.60	9.94	11.60	13.92
74	11.47	13.76	18.76	13.76	18.76	9.83	18.76	25.80	13.76	25.80	25.80	11.47	9.83	11.47	13.76
75	11.25	13.50	18.41	13.50	18.41	9.64	18.41	25.31	13.50	25.31	25.31	11.25	9.64	11.25	13.50
76	11.37	13.64	18.60	13.64	18.60	9.74	18.60	25.58	13.64	25.58	25.58	11.37	9.74	11.37	13.64
77	11.35	13.62	18.57	13.62	18.57	9.73	18.57	25.54	13.62	25.54	25.54	11.35	9.73	11.35	13.62
78	11.53	13.84	18.87	13.84	18.87	9.89	18.87	25.95	13.84	25.95	25.95	11.53	9.89	11.53	13.84
79	11.50	13.80	18.82	13.80	18.82	9.86	18.82	25.88	13.80	25.88	25.88	11.50	9.86	11.50	13.80
180	8.87	10.64	14.51	10.64	14.51	7.60	14.51	19.95	10.64	19.95	19.95	8.87	7.60	8.87	10.64
181	8.92	10.70	14.59	10.70	14.59	7.64	14.59	20.06	10.70	20.06	20.06	8.92	7.64	8.92	10.70
182	8.98	10.77	14.69	10.77	14.69	7.69	14.69	20.19	10.77	20.19	20.19	8.98	7.69	8.98	10.77
183	8.95	10.74	14.65	10.74	14.65	7.67	14.65	20.14	10.74	20.14	20.14	8.95	7.67	8.95	10.74
184	8.77	10.52	14.35	10.52	14.35	7.51	14.35	19.73	10.52	19.73	19.73	8.77	7.51	8.77	10.52
185	8.92	10.70	14.59	10.70	14.59	7.64	14.59	20.06	10.70	20.06	20.06	8.92	7.64	8.92	10.70
186	8.73	10.47	14.28	10.47	14.28	7.48	14.28	19.63	10.47	19.63	19.63	8.73	7.48	8.73	10.47
187	8.80	10.56	14.40	10.56	14.40	7.54	14.40	19.80	10.56	19.80	19.80	8.80	7.54	8.80	10.56
188	8.93	10.72	14.62	10.72	14.62	7.66	14.62	20.10	10.72	20.10	20.10	8.93	7.66	8.93	10.72
189	8.96	10.75	14.66	10.75	14.66	7.68	14.66	20.16	10.75	20.16	20.16	8.96	7.68	8.96	10.75
80	10.88	13.05	17.80	13.05	17.80	9.32	17.80	24.47	13.05	24.47	24.47	10.88	9.32	10.88	13.05
81	10.95	13.14	17.92	13.14	17.92	9.39	17.92	24.64	13.14	24.64	24.64	10.95	9.39	10.95	13.14
82	11.47	13.76	18.76	13.76	18.76	9.83	18.76	25.80	13.76	25.80	25.80	11.47	9.83	11.47	13.76
83	11.53	13.83	18.86	13.83	18.86	9.88	18.86	25.93	13.83	25.93	25.93	11.53	9.88	11.53	13.83
84	10.98	13.18	17.97	13.18	17.97	9.41	17.97	24.71	13.18	24.71	24.71	10.98	9.41	10.98	13.18
85	11.29	13.55	18.48	13.55	18.48	9.68	18.48	25.41	13.55	25.41	25.41	11.29	9.68	11.29	13.55
86	11.51	13.81	18.83	13.81	18.83	9.86	18.83	25.89	13.81	25.89	25.89	11.51	9.86	11.51	13.81
87	11.06	13.27	18.10	13.27	18.10	9.48	18.10	24.88	13.27	24.88	24.88	11.06	9.48	11.06	13.27
88	11.02	13.22	18.03	13.22	18.03	9.44	18.03	24.79	13.22	24.79	24.79	11.02	9.44	11.02	13.22
89	11.49	13.79	18.80	13.79	18.80	9.85	18.80	25.86	13.79	25.86	25.86	11.49	9.85	11.49	13.79
190	8.84	10.61	14.47	10.61	14.47	7.58	14.47	19.89	10.61	19.89	19.89	8.84	7.58	8.84	10.61
191	8.65	10.38	14.15	10.38	14.15	7.41	14.15	19.46	10.38	19.46	19.46	8.65	7.41	8.65	10.38
192	8.84	10.61	14.47	10.61	14.47	7.58	14.47	19.89	10.61	19.89	19.89	8.84	7.58	8.84	10.61
193	8.74	10.49	14.30	10.49	14.30	7.49	14.30	19.67	10.49	19.67	19.67	8.74	7.49	8.74	10.49
194	8.77	10.52	14.35	10.52	14.35	7.51	14.35	19.73	10.52	19.73	19.73	8.77	7.51	8.77	10.52
195	8.87	10.64	14.51	10.64	14.51	7.60	14.51	19.95	10.64	19.95	19.95	8.87	7.60	8.87	10.64
196	8.80	10.56	14.40	10.56	14.40	7.54	14.40	19.80	10.56	19.80	19.80	8.80	7.54	8.80	10.56
197	8.89	10.67	14.55	10.67	14.55	7.62	14.55	20.01	10.67	20.01	20.01	8.89	7.62	8.89	10.67
198	8.77	10.53	14.36	10.53	14.36	7.52	14.36	19.74	10.53	19.74	19.74	8.77	7.52	8.77	10.53
199	8.69	10.43	14.22	10.43	14.22	7.45	14.22	19.56	10.43	19.56	19.56	8.69	7.45	8.69	10.43
90	11.43	13.71	18.70	13.71	18.70	9.79	18.70	25.71	13.71	25.71	25.71	11.43	9.79	11.43	13.71
91	11.14	13.37	18.23	13.37	18.23	9.55	18.23	25.07	13.37	25.07	25.07	11.14	9.55	11.14	13.37
92	11.46	13.75	18.75	13.75	18.75	9.82	18.75	25.78	13.75	25.78	25.78	11.46	9.82	11.46	13.75
93	11.30	13.56	18.49	13.56	18.49	9.69	18.49	25.43	13.56	25.43	25.43	11.30	9.69	11.30	13.56
94	11.08	13.29	18.12	13.29	18.12	9.49	18.12	24.92	13.29	24.92	24.92	11.08	9.49	11.08	13.29
95	11.38	13.66	18.63	13.66	18.63	9.76	18.63	25.61	13.66	25.61	25.61	11.38	9.76	11.38	13.66
96	11.30	13.56	18.49	13.56	18.49	9.69	18.49	25.43	13.56	25.43	25.43	11.30	9.69	11.30	13.56
97	11.24	13.49	18.40	13.49	18.40	9.64	18.40	25.29	13.49	25.29	25.29	11.24	9.64	11.24	13.49
98	11.51	13.81	18.83	13.81	18.83	9.86	18.83	25.89	13.81	25.89	25.89	11.51	9.86	11.51	13.81
99	11.13	13.36	18.22	13.36	18.22	9.54	18.22	25.05	13.36	25.05	25.05	11.13	9.54	11.13	13.36
