338	7.58	7.58	10.61	10.61	8.84	7.58	7.58	8.84	10.61	10.61
339	7.59	7.59	10.63	10.63	8.86	7.59	7.59	8.86	10.63	10.63
941	7.73	7.73	10.82	10.82	9.02	7.73	7.73	9.02	10.82	10.82
942	7.64	7.64	10.69	10.69	8.91	7.64	7.64	8.91	10.69	10.69
940	7.69	7.69	10.77	10.77	8.98	7.69	7.69	8.98	10.77	10.77
945	7.67	7.67	10.74	10.74	8.95	7.67	7.67	8.95	10.74	10.74
332	7.49	7.49	10.48	10.48	8.73	7.49	7.49	8.73	10.48	10.48
946	7.71	7.71	10.80	10.80	9.00	7.71	7.71	9.00	10.80	10.80
333	7.50	7.50	10.50	10.50	8.75	7.50	7.50	8.75	10.50	10.50
943	7.78	7.78	10.89	10.89	9.08	7.78	7.78	9.08	10.89	10.89
330	7.54	7.54	10.56	10.56	8.80	7.54	7.54	8.80	10.56	10.56
944	7.59	7.59	10.62	10.62	8.85	7.59	7.59	8.85	10.62	10.62
331	7.51	7.51	10.51	10.51	8.76	7.51	7.51	8.76	10.51	10.51
949	7.59	7.59	10.62	10.62	8.85	7.59	7.59	8.85	10.62	10.62
336	7.62	7.62	10.67	10.67	8.89	7.62	7.62	8.89	10.67	10.67
337	7.55	7.55	10.57	10.57	8.81	7.55	7.55	8.81	10.57	10.57
947	7.49	7.49	10.48	10.48	8.73	7.49	7.49	8.73	10.48	10.48
334	7.54	7.54	10.55	10.55	8.79	7.54	7.54	8.79	10.55	10.55
948	7.84	7.84	10.98	10.98	9.15	7.84	7.84	9.15	10.98	10.98
335	7.47	7.47	10.46	10.46	8.72	7.47	7.47	8.72	10.46	10.46
531	7.57	7.57	10.60	10.60	8.83	7.57	7.57	8.83	10.60	10.60
748	7.74	7.74	10.84	10.84	9.03	7.74	7.74	9.03	10.84	10.84
530	7.56	7.56	10.58	10.58	8.82	7.56	7.56	8.82	10.58	10.58
747	7.65	7.65	10.71	10.71	8.93	7.65	7.65	8.93	10.71	10.71
746	7.58	7.58	10.61	10.61	8.84	7.58	7.58	8.84	10.61	10.61
745	7.56	7.56	10.59	10.59	8.83	7.56	7.56	8.83	10.59	10.59
535	7.51	7.51	10.52	10.52	8.77	7.51	7.51	8.77	10.52	10.52
534	7.58	7.58	10.61	10.61	8.84	7.58	7.58	8.84	10.61	10.61
533	7.50	7.50	10.50	10.50	8.75	7.50	7.50	8.75	10.50	10.50
532	7.64	7.64	10.69	10.69	8.91	7.64	7.64	8.91	10.69	10.69
749	7.60	7.60	10.64	10.64	8.87	7.60	7.60	8.87	10.64	10.64
539	7.55	7.55	10.57	10.57	8.81	7.55	7.55	8.81	10.57	10.57
740	7.59	7.59	10.62	10.62	8.85	7.59	7.59	8.85	10.62	10.62
538	7.46	7.46	10.44	10.44	8.70	7.46	7.46	8.70	10.44	10.44
537	7.55	7.55	10.57	10.57	8.81	7.55	7.55	8.81	10.57	10.57
536	7.54	7.54	10.55	10.55	8.79	7.54	7.54	8.79	10.55	10.55
744	7.52	7.52	10.53	10.53	8.77	7.52	7.52	8.77	10.53	10.53
743	7.64	7.64	10.69	10.69	8.91	7.64	7.64	8.91	10.69	10.69
742	7.71	7.71	10.80	10.80	9.00	7.71	7.71	9.00	10.80	10.80
741	7.46	7.46	10.45	10.45	8.71	7.46	7.46	8.71	10.45	10.45
349	7.60	7.60	10.64	10.64	8.87	7.60	7.60	8.87	10.64	10.64
930	7.61	7.61	10.66	10.66	8.88	7.61	7.61	8.88	10.66	10.66
931	7.76	7.76	10.86	10.86	9.05	7.76	7.76	9.05	10.86	10.86
932	7.74	7.74	10.84	10.84	9.03	7.74	7.74	9.03	10.84	10.84
341	7.61	7.61	10.66	10.66	8.88	7.61	7.61	8.88	10.66	10.66
933	7.82	7.82	10.95	10.95	9.13	7.82	7.82	9.13	10.95	10.95
342	7.46	7.46	10.44	10.44	8.70	7.46	7.46	8.70	10.44	10.44
934	7.66	7.66	10.73	10.73	8.94	7.66	7.66	8.94	10.73	10.73
343	7.59	7.59	10.62	10.62	8.85	7.59	7.59	8.85	10.62	10.62
935	7.69	7.69	10.76	10.76	8.97	7.69	7.69	8.97	10.76	10.76
344	7.66	7.66	10.72	10.72	8.93	7.66	7.66	8.93	10.72	10.72
936	7.82	7.82	10.95	10.95	9.13	7.82	7.82	9.13	10.95	10.95
345	7.73	7.73	10.82	10.82	9.02	7.73	7.73	9.02	10.82	10.82
937	7.71	7.71	10.80	10.80	9.00	7.71	7.71	9.00	10.80	10.80
346	7.52	7.52	10.53	10.53	8.77	7.52	7.52	8.77	10.53	10.53
938	7.64	7.64	10.69	10.69	8.91	7.64	7.64	8.91	10.69	10.69
347	7.65	7.65	10.71	10.71	8.93	7.65	7.65	8.93	10.71	10.71
939	7.67	7.67	10.74	10.74	8.95	7.67	7.67	8.95	10.74	10.74
348	7.48	7.48	10.47	10.47	8.73	7.48	7.48	8.73	10.47	10.47
3	9.59	9.59	13.42	13.42	11.18	9.59	9.59	11.18	13.42	13.42
540	7.61	7.61	10.66	10.66	8.88	7.61	7.61	8.88	10.66	10.66
735	7.62	7.62	10.67	10.67	8.89	7.62	7.62	8.89	10.67	10.67
929	7.76	7.76	10.86	10.86	9.05	7.76	7.76	9.05	10.86	10.86
2	9.41	9.41	13.18	13.18	10.98	9.41	9.41	10.98	13.18	13.18
734	7.60	7.60	10.64	10.64	8.87	7.60	7.60	8.87	10.64	10.64
1	9.58	9.58	13.41	13.41	11.18	9.58	9.58	11.18	13.41	13.41
542	7.54	7.54	10.55	10.55	8.79	7.54	7.54	8.79	10.55	10.55
737	7.64	7.64	10.70	10.70	8.92	7.64	7.64	8.92	10.70	10.70
0	0.00	0.00	0.00	0.00	0.00	0.00	0.00	0.00	0.00	0.00
541	7.55	7.55	10.57	10.57	8.81	7.55	7.55	8.81	10.57	10.57
736	7.57	7.57	10.60	10.60	8.83	7.57	7.57	8.83	10.60	10.60
7	9.45	9.45	13.23	13.23	11.03	9.45	9.45	11.03	13.23	13.23
544	7.59	7.59	10.62	10.62	8.85	7.59	7.59	8.85	10.62	10.62
739	7.58	7.58	10.61	10.61	8.84	7.58	7.58	8.84	10.61	10.61
6	9.66	9.66	13.52	13.52	11.27	9.66	9.66	11.27	13.52	13.52
543	7.70	7.70	10.78	10.78	8.98	7.70	7.70	8.98	10.78	10.78
738	7.65	7.65	10.71	10.71	8.93	7.65	7.65	8.93	10.71	10.71
340	7.54	7.54	10.55	10.55	8.79	7.54	7.54	8.79	10.55	10.55
5	9.94	9.94	13.92	13.92	11.60	9.94	9.94	11.60	13.92	13.92
546	7.64	7.64	10.69	10.69	8.91	7.64	7.64	8.91	10.69	10.69
4	9.78	9.78	13.69	13.69	11.41	9.78	9.78	11.41	13.69	13.69
545	7.57	7.57	10.60	10.60	8.83	7.57	7.57	8.83	10.60	10.60
548	7.63	7.63	10.68	10.68	8.90	7.63	7.63	8.90	10.68	10.68
547	7.55	7.55	10.57	10.57	8.81	7.55	7.55	8.81	10.57	10.57
9	9.75	9.75	13.65	13.65	11.38	9.75	9.75	11.38	13.65	13.65
8	9.41	9.41	13.17	13.17	10.98	9.41	9.41	10.98	13.17	13.17
549	7.56	7.56	10.59	10.59	8.83	7.56	7.56	8.83	10.59	10.59
731	7.66	7.66	10.72	10.72	8.93	7.66	7.66	8.93	10.72	10.72
730	7.61	7.61	10.66	10.66	8.88	7.61	7.61	8.88	10.66	10.66
733	7.69	7.69	10.77	10.77	8.98	7.69	7.69	8.98	10.77	10.77
732	7.62	7.62	10.67	10.67	8.89	7.62	7.62	8.89	10.67	10.67
920	7.59	7.59	10.63	10.63	8.86	7.59	7.59	8.86	10.63	10.63
318	7.49	7.49	10.49	10.49	8.74	7.49	7.49	8.74	10.49	10.49
319	7.40	7.40	10.36	10.36	8.63	7.40	7.40	8.63	10.36	10.36
316	7.69	7.69	10.76	10.76	8.97	7.69	7.69	8.97	10.76	10.76
317	7.60	7.60	10.64	10.64	8.87	7.60	7.60	8.87	10.64	10.64
927	7.78	7.78	10.89	10.89	9.08	7.78	7.78	9.08	10.89	10.89
314	7.56	7.56	10.59	10.59	8.83	7.56	7.56	8.83	10.59	10.59
928	7.88	7.88	11.03	11.03	9.19	7.88	7.88	9.19	11.03	11.03
315	7.69	7.69	10.76	10.76	8.97	7.69	7.69	8.97	10.76	10.76
925	7.74	7.74	10.83	10.83	9.03	7.74	7.74	9.03	10.83	10.83
312	7.60	7.60	10.64	10.64	8.87	7.60	7.60	8.87	10.64	10.64
926	7.69	7.69	10.76	10.76	8.97	7.69	7.69	8.97	10.76	10.76
313	7.40	7.40	10.36	10.36	8.63	7.40	7.40	8.63	10.36	10.36
923	7.60	7.60	10.64	10.64	8.87	7.60	7.60	8.87	10.64	10.64
310	7.50	7.50	10.50	10.50	8.75	7.50	7.50	8.75	10.50	10.50
924	7.71	7.71	10.80	10.80	9.00	7.71	7.71	9.00	10.80	10.80
311	7.60	7.60	10.64	10.64	8.87	7.60	7.60	8.87	10.64	10.64
921	7.67	7.67	10.74	10.74	8.95	7.67	7.67	8.95	10.74	10.74
922	7.79	7.79	10.90	10.90	9.08	7.79	7.79	9.08	10.90	10.90
513	7.48	7.48	10.47	10.47	8.73	7.48	7.48	8.73	10.47	10.47
512	7.55	7.55	10.57	10.57	8.81	7.55	7.55	8.81	10.57	10.57
729	7.66	7.66	10.72	10.72	8.93	7.66	7.66	8.93	10.72	10.72
511	7.62	7.62	10.67	10.67	8.89	7.62	7.62	8.89	10.67	10.67
728	7.51	7.51	10.51	10.51	8.76	7.51	7.51	8.76	10.51	10.51
510	7.45	7.45	10.43	10.43	8.69	7.45	7.45	8.69	10.43	10.43
727	7.51	7.51	10.52	10.52	8.77	7.51	7.51	8.77	10.52	10.52
726	7.59	7.59	10.62	10.62	8.85	7.59	7.59	8.85	10.62	10.62
725	7.54	7.54	10.55	10.55	8.79	7.54	7.54	8.79	10.55	10.55
919	7.66	7.66	10.73	10.73	8.94	7.66	7.66	8.94	10.73	10.73
724	7.52	7.52	10.53	10.53	8.77	7.52	7.52	8.77	10.53	10.53
918	7.80	7.80	10.92	10.92	9.10	7.80	7.80	9.10	10.92	10.92
723	7.56	7.56	10.58	10.58	8.82	7.56	7.56	8.82	10.58	10.58
722	7.52	7.52	10.53	10.53	8.77	7.52	7.52	8.77	10.53	10.53
721	7.54	7.54	10.56	10.56	8.80	7.54	7.54	8.80	10.56	10.56
519	7.51	7.51	10.52	10.52	8.77	7.51	7.51	8.77	10.52	10.52
720	7.58	7.58	10.61	10.61	8.84	7.58	7.58	8.84	10.61	10.61
518	7.54	7.54	10.55	10.55	8.79	7.54	7.54	8.79	10.55	10.55
517	7.59	7.59	10.62	10.62	8.85	7.59	7.59	8.85	10.62	10.62
516	7.53	7.53	10.54	10.54	8.78	7.53	7.53	8.78	10.54	10.54
515	7.65	7.65	10.71	10.71	8.93	7.65	7.65	8.93	10.71	10.71
514	7.61	7.61	10.66	10.66	8.88	7.61	7.61	8.88	10.66	10.66
327	7.68	7.68	10.75	10.75	8.96	7.68	7.68	8.96	10.75	10.75
328	7.66	7.66	10.72	10.72	8.93	7.66	7.66	8.93	10.72	10.72
329	7.49	7.49	10.48	10.48	8.73	7.49	7.49	8.73	10.48	10.48
914	7.62	7.62	10.67	10.67	8.89	7.62	7.62	8.89	10.67	10.67
323	7.46	7.46	10.44	10.44	8.70	7.46	7.46	8.70	10.44	10.44
915	7.45	7.45	10.43	10.43	8.69	7.45	7.45	8.69	10.43	10.43
324	7.56	7.56	10.59	10.59	8.83	7.56	7.56	8.83	10.59	10.59
916	8.01	8.01	11.21	11.21	9.34	8.01	8.01	9.34	11.21	11.21
325	7.56	7.56	10.59	10.59	8.83	7.56	7.56	8.83	10.59	10.59
917	7.63	7.63	10.68	10.68	8.90	7.63	7.63	8.90	10.68	10.68
326	7.54	7.54	10.56	10.56	8.80	7.54	7.54	8.80	10.56	10.56
910	7.79	7.79	10.90	10.90	9.08	7.79	7.79	9.08	10.90	10.90
709	7.57	7.57	10.60	10.60	8.83	7.57	7.57	8.83	10.60	10.60
911	7.62	7.62	10.67	10.67	8.89	7.62	7.62	8.89	10.67	10.67
320	7.56	7.56	10.59	10.59	8.83	7.56	7.56	8.83	10.59	10.59
912	7.72	7.72	10.81	10.81	9.01	7.72	7.72	9.01	10.81	10.81
321	7.66	7.66	10.72	10.72	8.93	7.66	7.66	8.93	10.72	10.72
913	7.84	7.84	10.98	10.98	9.15	7.84	7.84	9.15	10.98	10.98
322	7.55	7.55	10.57	10.57	8.81	7.55	7.55	8.81	10.57	10.57
522	7.61	7.61	10.66	10.66	8.88	7.61	7.61	8.88	10.66	10.66
717	7.48	7.48	10.47	10.47	8.73	7.48	7.48	8.73	10.47	10.47
521	7.60	7.60	10.64	10.64	8.87	7.60	7.60	8.87	10.64	10.64
716	7.43	7.43	10.40	10.40	8.67	7.43	7.43	8.67	10.40	10.40
524	7.56	7.56	10.59	10.59	8.83	7.56	7.56	8.83	10.59	10.59
719	7.59	7.59	10.62	10.62	8.85	7.59	7.59	8.85	10.62	10.62
523	7.59	7.59	10.62	10.62	8.85	7.59	7.59	8.85	10.62	10.62
718	7.52	7.52	10.53	10.53	8.77	7.52	7.52	8.77	10.53	10.53
908	7.64	7.64	10.69	10.69	8.91	7.64	7.64	8.91	10.69	10.69
713	7.53	7.53	10.54	10.54	8.78	7.53	7.53	8.78	10.54	10.54
907	7.76	7.76	10.87	10.87	9.06	7.76	7.76	9.06	10.87	10.87
712	7.58	7.58	10.61	10.61	8.84	7.58	7.58	8.84	10.61	10.61
520	7.56	7.56	10.58	10.58	8.82	7.56	7.56	8.82	10.58	10.58
715	7.73	7.73	10.82	10.82	9.02	7.73	7.73	9.02	10.82	10.82
909	7.56	7.56	10.59	10.59	8.83	7.56	7.56	8.83	10.59	10.59
714	7.54	7.54	10.56	10.56	8.80	7.54	7.54	8.80	10.56	10.56
529	7.61	7.61	10.65	10.65	8.88	7.61	7.61	8.88	10.65	10.65
711	7.51	7.51	10.52	10.52	8.77	7.51	7.51	8.77	10.52	10.52
710	7.68	7.68	10.75	10.75	8.96	7.68	7.68	8.96	10.75	10.75
526	7.56	7.56	10.58	10.58	8.82	7.56	7.56	8.82	10.58	10.58
525	7.51	7.51	10.52	10.52	8.77	7.51	7.51	8.77	10.52	10.52
528	7.62	7.62	10.67	10.67	8.89	7.62	7.62	8.89	10.67	10.67
527	7.56	7.56	10.58	10.58	8.82	7.56	7.56	8.82	10.58	10.58
989	7.78	7.78	10.89	10.89	9.08	7.78	7.78	9.08	10.89	10.89
988	7.50	7.50	10.50	10.50	8.75	7.50	7.50	8.75	10.50	10.50
987	7.83	7.83	10.96	10.96	9.13	7.83	7.83	9.13	10.96	10.96
571	7.55	7.55	10.57	10.57	8.81	7.55	7.55	8.81	10.57	10.57
570	7.55	7.55	10.57	10.57	8.81	7.55	7.55	8.81	10.57	10.57
982	7.63	7.63	10.68	10.68	8.90	7.63	7.63	8.90	10.68	10.68
981	7.73	7.73	10.82	10.82	9.02	7.73	7.73	9.02	10.82	10.82
980	7.73	7.73	10.82	10.82	9.02	7.73	7.73	9.02	10.82	10.82
986	7.78	7.78	10.89	10.89	9.08	7.78	7.78	9.08	10.89	10.89
985	7.78	7.78	10.89	10.89	9.08	7.78	7.78	9.08	10.89	10.89
984	7.74	7.74	10.83	10.83	9.03	7.74	7.74	9.03	10.83	10.83
983	7.49	7.49	10.49	10.49	8.74	7.49	7.49	8.74	10.49	10.49
700	7.56	7.56	10.59	10.59	8.83	7.56	7.56	8.83	10.59	10.59
574	7.54	7.54	10.56	10.56	8.80	7.54	7.54	8.80	10.56	10.56
703	7.54	7.54	10.56	10.56	8.80	7.54	7.54	8.80	10.56	10.56
575	7.55	7.55	10.57	10.57	8.81	7.55	7.55	8.81	10.57	10.57
704	7.59	7.59	10.62	10.62	8.85	7.59	7.59	8.85	10.62	10.62
572	7.61	7.61	10.65	10.65	8.88	7.61	7.61	8.88	10.65	10.65
701	7.54	7.54	10.55	10.55	8.79	7.54	7.54	8.79	10.55	10.55
573	7.60	7.60	10.64	10.64	8.87	7.60	7.60	8.87	10.64	10.64
702	7.58	7.58	10.61	10.61	8.84	7.58	7.58	8.84	10.61	10.61
578	7.51	7.51	10.51	10.51	8.76	7.51	7.51	8.76	10.51	10.51
707	7.56	7.56	10.59	10.59	8.83	7.56	7.56	8.83	10.59	10.59
579	7.60	7.60	10.64	10.64	8.87	7.60	7.60	8.87	10.64	10.64
708	7.66	7.66	10.73	10.73	8.94	7.66	7.66	8.94	10.73	10.73
576	7.65	7.65	10.71	10.71	8.93	7.65	7.65	8.93	10.71	10.71
705	7.52	7.52	10.53	10.53	8.77	7.52	7.52	8.77	10.53	10.53
577	7.68	7.68	10.75	10.75	8.96	7.68	7.68	8.96	10.75	10.75
706	7.59	7.59	10.62	10.62	8.85	7.59	7.59	8.85	10.62	10.62
977	7.73	7.73	10.82	10.82	9.02	7.73	7.73	9.02	10.82	10.82
976	7.44	7.44	10.42	10.42	8.68	7.44	7.44	8.68	10.42	10.42
979	7.73	7.73	10.82	10.82	9.02	7.73	7.73	9.02	10.82	10.82
300	7.57	7.57	10.60	10.60	8.83	7.57	7.57	8.83	10.60	10.60
978	7.54	7.54	10.56	10.56	8.80	7.54	7.54	8.80	10.56	10.56
302	7.53	7.53	10.54	10.54	8.78	7.53	7.53	8.78	10.54	10.54
580	7.61	7.61	10.66	10.66	8.88	7.61	7.61	8.88	10.66	10.66
301	7.53	7.53	10.54	10.54	8.78	7.53	7.53	8.78	10.54	10.54
304	7.60	7.60	10.64	10.64	8.87	7.60	7.60	8.87	10.64	10.64
582	7.61	7.61	10.66	10.66	8.88	7.61	7.61	8.88	10.66	10.66
303	7.56	7.56	10.59	10.59	8.83	7.56	7.56	8.83	10.59	10.59
581	7.65	7.65	10.71	10.71	8.93	7.65	7.65	8.93	10.71	10.71
306	7.64	7.64	10.70	10.70	8.92	7.64	7.64	8.92	10.70	10.70
305	7.48	7.48	10.47	10.47	8.73	7.48	7.48	8.73	10.47	10.47
971	7.75	7.75	10.85	10.85	9.04	7.75	7.75	9.04	10.85	10.85
308	7.48	7.48	10.47	10.47	8.73	7.48	7.48	8.73	10.47	10.47
970	7.81	7.81	10.93	10.93	9.11	7.81	7.81	9.11	10.93	10.93
307	7.54	7.54	10.55	10.55	8.79	7.54	7.54	8.79	10.55	10.55
973	7.31	7.31	10.23	10.23	8.53	7.31	7.31	8.53	10.23	10.23
972	7.74	7.74	10.83	10.83	9.03	7.74	7.74	9.03	10.83	10.83
309	7.69	7.69	10.76	10.76	8.97	7.69	7.69	8.97	10.76	10.76
975	7.56	7.56	10.59	10.59	8.83	7.56	7.56	8.83	10.59	10.59
974	7.84	7.84	10.97	10.97	9.14	7.84	7.84	9.14	10.97	10.97
583	7.41	7.41	10.37	10.37	8.64	7.41	7.41	8.64	10.37	10.37
584	7.73	7.73	10.82	10.82	9.02	7.73	7.73	9.02	10.82	10.82
585	7.62	7.62	10.67	10.67	8.89	7.62	7.62	8.89	10.67	10.67
586	7.57	7.57	10.60	10.60	8.83	7.57	7.57	8.83	10.60	10.60
587	7.56	7.56	10.59	10.59	8.83	7.56	7.56	8.83	10.59	10.59
588	7.65	7.65	10.71	10.71	8.93	7.65	7.65	8.93	10.71	10.71
589	7.43	7.43	10.40	10.40	8.67	7.43	7.43	8.67	10.40	10.40
969	7.79	7.79	10.90	10.90	9.08	7.79	7.79	9.08	10.90	10.90
968	7.77	7.77	10.88	10.88	9.07	7.77	7.77	9.07	10.88	10.88
967	7.66	7.66	10.73	10.73	8.94	7.66	7.66	8.94	10.73	10.73
966	7.78	7.78	10.89	10.89	9.08	7.78	7.78	9.08	10.89	10.89
965	7.61	7.61	10.65	10.65	8.88	7.61	7.61	8.88	10.65	10.65
964	7.79	7.79	10.90	10.90	9.08	7.79	7.79	9.08	10.90	10.90
963	7.51	7.51	10.52	10.52	8.77	7.51	7.51	8.77	10.52	10.52
962	7.71	7.71	10.79	10.79	8.99	7.71	7.71	8.99	10.79	10.79
961	7.69	7.69	10.77	10.77	8.98	7.69	7.69	8.98	10.77	10.77
960	7.74	7.74	10.84	10.84	9.03	7.74	7.74	9.03	10.84	10.84
558	7.56	7.56	10.59	10.59	8.83	7.56	7.56	8.83	10.59	10.59
559	7.68	7.68	10.75	10.75	8.96	7.68	7.68	8.96	10.75	10.75
556	7.56	7.56	10.58	10.58	8.82	7.56	7.56	8.82	10.58	10.58
557	7.46	7.46	10.44	10.44	8.70	7.46	7.46	8.70	10.44	10.44
554	7.57	7.57	10.60	10.60	8.83	7.57	7.57	8.83	10.60	10.60
555	7.49	7.49	10.49	10.49	8.74	7.49	7.49	8.74	10.49	10.49
552	7.64	7.64	10.70	10.70	8.92	7.64	7.64	8.92	10.70	10.70
553	7.55	7.55	10.57	10.57	8.81	7.55	7.55	8.81	10.57	10.57
550	7.59	7.59	10.62	10.62	8.85	7.59	7.59	8.85	10.62	10.62
551	7.62	7.62	10.67	10.67	8.89	7.62	7.62	8.89	10.67	10.67
959	7.71	7.71	10.79	10.79	8.99	7.71	7.71	8.99	10.79	10.79
958	7.65	7.65	10.71	10.71	8.93	7.65	7.65	8.93	10.71	10.71
560	7.59	7.59	10.62	10.62	8.85	7.59	7.59	8.85	10.62	10.62
955	7.58	7.58	10.61	10.61	8.84	7.58	7.58	8.84	10.61	10.61
954	7.49	7.49	10.48	10.48	8.73	7.49	7.49	8.73	10.48	10.48
957	7.80	7.80	10.92	10.92	9.10	7.80	7.80	9.10	10.92	10.92
956	7.89	7.89	11.05	11.05	9.21	7.89	7.89	9.21	11.05	11.05
951	7.64	7.64	10.69	10.69	8.91	7.64	7.64	8.91	10.69	10.69
950	7.75	7.75	10.85	10.85	9.04	7.75	7.75	9.04	10.85	10.85
953	7.86	7.86	11.00	11.00	9.17	7.86	7.86	9.17	11.00	11.00
952	7.66	7.66	10.73	10.73	8.94	7.66	7.66	8.94	10.73	10.73
569	7.65	7.65	10.71	10.71	8.93	7.65	7.65	8.93	10.71	10.71
565	7.47	7.47	10.46	10.46	8.72	7.47	7.47	8.72	10.46	10.46
566	7.61	7.61	10.65	10.65	8.88	7.61	7.61	8.88	10.65	10.65
567	7.50	7.50	10.50	10.50	8.75	7.50	7.50	8.75	10.50	10.50
568	7.65	7.65	10.71	10.71	8.93	7.65	7.65	8.93	10.71	10.71
561	7.44	7.44	10.41	10.41	8.68	7.44	7.44	8.68	10.41	10.41
562	7.50	7.50	10.50	10.50	8.75	7.50	7.50	8.75	10.50	10.50
563	7.67	7.67	10.74	10.74	8.95	7.67	7.67	8.95	10.74	10.74
564	7.65	7.65	10.71	10.71	8.93	7.65	7.65	8.93	10.71	10.71
799	7.60	7.60	10.64	10.64	8.87	7.60	7.60	8.87	10.64	10.64
798	7.44	7.44	10.42	10.42	8.68	7.44	7.44	8.68	10.42	10.42
797	7.52	7.52	10.53	10.53	8.77	7.52	7.52	8.77	10.53	10.53
796	7.63	7.63	10.68	10.68	8.90	7.63	7.63	8.90	10.68	10.68
795	7.51	7.51	10.51	10.51	8.76	7.51	7.51	8.76	10.51	10.51
794	7.54	7.54	10.55	10.55	8.79	7.54	7.54	8.79	10.55	10.55
793	7.53	7.53	10.54	10.54	8.78	7.53	7.53	8.78	10.54	10.54
792	7.63	7.63	10.68	10.68	8.90	7.63	7.63	8.90	10.68	10.68
996	7.54	7.54	10.56	10.56	8.80	7.54	7.54	8.80	10.56	10.56
790	7.47	7.47	10.46	10.46	8.72	7.47	7.47	8.72	10.46	10.46
997	47.08	47.08	65.91	65.91	54.93	47.08	47.08	54.93	65.91	65.91
791	7.59	7.59	10.62	10.62	8.85	7.59	7.59	8.85	10.62	10.62
994	7.65	7.65	10.71	10.71	8.93	7.65	7.65	8.93	10.71	10.71
995	7.64	7.64	10.69	10.69	8.91	7.64	7.64	8.91	10.69	10.69
992	7.53	7.53	10.54	10.54	8.78	7.53	7.53	8.78	10.54	10.54
993	7.64	7.64	10.70	10.70	8.92	7.64	7.64	8.92	10.70	10.70
990	7.62	7.62	10.67	10.67	8.89	7.62	7.62	8.89	10.67	10.67
991	7.68	7.68	10.75	10.75	8.96	7.68	7.68	8.96	10.75	10.75
998	71.09	71.09	99.53	99.53	82.94	71.09	71.09	82.94	99.53	99.53
999	15.89	15.89	22.25	22.25	18.54	15.89	15.89	18.54	22.25	22.25
781	7.59	7.59	10.63	10.63	8.86	7.59	7.59	8.86	10.63	10.63
782	7.63	7.63	10.68	10.68	8.90	7.63	7.63	8.90	10.68	10.68
783	7.52	7.52	10.53	10.53	8.77	7.52	7.52	8.77	10.53	10.53
784	7.61	7.61	10.65	10.65	8.88	7.61	7.61	8.88	10.65	10.65
785	7.53	7.53	10.54	10.54	8.78	7.53	7.53	8.78	10.54	10.54
786	7.36	7.36	10.30	10.30	8.58	7.36	7.36	8.58	10.30	10.30
787	7.54	7.54	10.56	10.56	8.80	7.54	7.54	8.80	10.56	10.56
788	7.52	7.52	10.53	10.53	8.77	7.52	7.52	8.77	10.53	10.53
789	7.52	7.52	10.53	10.53	8.77	7.52	7.52	8.77	10.53	10.53
780	7.49	7.49	10.48	10.48	8.73	7.49	7.49	8.73	10.48	10.48
772	7.61	7.61	10.66	10.66	8.88	7.61	7.61	8.88	10.66	10.66
505	7.58	7.58	10.61	10.61	8.84	7.58	7.58	8.84	10.61	10.61
773	7.48	7.48	10.47	10.47	8.73	7.48	7.48	8.73	10.47	10.47
506	7.59	7.59	10.62	10.62	8.85	7.59	7.59	8.85	10.62	10.62
770	7.50	7.50	10.50	10.50	8.75	7.50	7.50	8.75	10.50	10.50
503	7.56	7.56	10.59	10.59	8.83	7.56	7.56	8.83	10.59	10.59
771	7.51	7.51	10.51	10.51	8.76	7.51	7.51	8.76	10.51	10.51
504	7.63	7.63	10.68	10.68	8.90	7.63	7.63	8.90	10.68	10.68
776	7.64	7.64	10.70	10.70	8.92	7.64	7.64	8.92	10.70	10.70
509	7.71	7.71	10.80	10.80	9.00	7.71	7.71	9.00	10.80	10.80
777	7.59	7.59	10.62	10.62	8.85	7.59	7.59	8.85	10.62	10.62
774	7.53	7.53	10.54	10.54	8.78	7.53	7.53	8.78	10.54	10.54
507	7.59	7.59	10.63	10.63	8.86	7.59	7.59	8.86	10.63	10.63
775	7.55	7.55	10.57	10.57	8.81	7.55	7.55	8.81	10.57	10.57
508	7.58	7.58	10.61	10.61	8.84	7.58	7.58	8.84	10.61	10.61
778	7.61	7.61	10.66	10.66	8.88	7.61	7.61	8.88	10.66	10.66
779	7.39	7.39	10.35	10.35	8.63	7.39	7.39	8.63	10.35	10.35
501	7.44	7.44	10.42	10.42	8.68	7.44	7.44	8.68	10.42	10.42
502	7.57	7.57	10.60	10.60	8.83	7.57	7.57	8.83	10.60	10.60
500	7.51	7.51	10.52	10.52	8.77	7.51	7.51	8.77	10.52	10.52
763	7.46	7.46	10.45	10.45	8.71	7.46	7.46	8.71	10.45	10.45
764	7.49	7.49	10.49	10.49	8.74	7.49	7.49	8.74	10.49	10.49
765	7.66	7.66	10.73	10.73	8.94	7.66	7.66	8.94	10.73	10.73
766	7.50	7.50	10.50	10.50	8.75	7.50	7.50	8.75	10.50	10.50
760	7.54	7.54	10.55	10.55	8.79	7.54	7.54	8.79	10.55	10.55
761	7.59	7.59	10.62	10.62	8.85	7.59	7.59	8.85	10.62	10.62
762	7.56	7.56	10.58	10.58	8.82	7.56	7.56	8.82	10.58	10.58
767	7.74	7.74	10.83	10.83	9.03	7.74	7.74	9.03	10.83	10.83
768	7.55	7.55	10.57	10.57	8.81	7.55	7.55	8.81	10.57	10.57
769	7.64	7.64	10.69	10.69	8.91	7.64	7.64	8.91	10.69	10.69
754	7.58	7.58	10.61	10.61	8.84	7.58	7.58	8.84	10.61	10.61
755	7.56	7.56	10.58	10.58	8.82	7.56	7.56	8.82	10.58	10.58
752	7.61	7.61	10.66	10.66	8.88	7.61	7.61	8.88	10.66	10.66
753	7.69	7.69	10.77	10.77	8.98	7.69	7.69	8.98	10.77	10.77
750	7.60	7.60	10.64	10.64	8.87	7.60	7.60	8.87	10.64	10.64
751	7.54	7.54	10.56	10.56	8.80	7.54	7.54	8.80	10.56	10.56
758	7.41	7.41	10.38	10.38	8.65	7.41	7.41	8.65	10.38	10.38
759	7.44	7.44	10.42	10.42	8.68	7.44	7.44	8.68	10.42	10.42
756	7.64	7.64	10.69	10.69	8.91	7.64	7.64	8.91	10.69	10.69
757	7.52	7.52	10.53	10.53	8.77	7.52	7.52	8.77	10.53	10.53
595	7.52	7.52	10.53	10.53	8.77	7.52	7.52	8.77	10.53	10.53
594	7.56	7.56	10.59	10.59	8.83	7.56	7.56	8.83	10.59	10.59
391	7.57	7.57	10.60	10.60	8.83	7.57	7.57	8.83	10.60	10.60
597	7.50	7.50	10.50	10.50	8.75	7.50	7.50	8.75	10.50	10.50
390	7.51	7.51	10.51	10.51	8.76	7.51	7.51	8.76	10.51	10.51
596	7.59	7.59	10.62	10.62	8.85	7.59	7.59	8.85	10.62	10.62
393	7.41	7.41	10.38	10.38	8.65	7.41	7.41	8.65	10.38	10.38
599	7.48	7.48	10.47	10.47	8.73	7.48	7.48	8.73	10.47	10.47
392	7.53	7.53	10.54	10.54	8.78	7.53	7.53	8.78	10.54	10.54
598	7.56	7.56	10.58	10.58	8.82	7.56	7.56	8.82	10.58	10.58
395	7.59	7.59	10.62	10.62	8.85	7.59	7.59	8.85	10.62	10.62
394	7.69	7.69	10.76	10.76	8.97	7.69	7.69	8.97	10.76	10.76
396	7.51	7.51	10.52	10.52	8.77	7.51	7.51	8.77	10.52	10.52
397	7.49	7.49	10.48	10.48	8.73	7.49	7.49	8.73	10.48	10.48
398	7.59	7.59	10.62	10.62	8.85	7.59	7.59	8.85	10.62	10.62
399	7.58	7.58	10.61	10.61	8.84	7.58	7.58	8.84	10.61	10.61
590	7.48	7.48	10.47	10.47	8.73	7.48	7.48	8.73	10.47	10.47
591	7.60	7.60	10.64	10.64	8.87	7.60	7.60	8.87	10.64	10.64
592	7.50	7.50	10.50	10.50	8.75	7.50	7.50	8.75	10.50	10.50
593	7.59	7.59	10.63	10.63	8.86	7.59	7.59	8.86	10.63	10.63
383	7.46	7.46	10.44	10.44	8.70	7.46	7.46	8.70	10.44	10.44
384	7.59	7.59	10.62	10.62	8.85	7.59	7.59	8.85	10.62	10.62
381	7.50	7.50	10.50	10.50	8.75	7.50	7.50	8.75	10.50	10.50
382	7.45	7.45	10.43	10.43	8.69	7.45	7.45	8.69	10.43	10.43
380	7.52	7.52	10.53	10.53	8.77	7.52	7.52	8.77	10.53	10.53
389	7.66	7.66	10.73	10.73	8.94	7.66	7.66	8.94	10.73	10.73
388	7.69	7.69	10.77	10.77	8.98	7.69	7.69	8.98	10.77	10.77
387	7.51	7.51	10.52	10.52	8.77	7.51	7.51	8.77	10.52	10.52
386	7.53	7.53	10.54	10.54	8.78	7.53	7.53	8.78	10.54	10.54
385	7.57	7.57	10.60	10.60	8.83	7.57	7.57	8.83	10.60	10.60
370	7.47	7.47	10.46	10.46	8.72	7.47	7.47	8.72	10.46	10.46
371	7.56	7.56	10.58	10.58	8.82	7.56	7.56	8.82	10.58	10.58
372	7.61	7.61	10.66	10.66	8.88	7.61	7.61	8.88	10.66	10.66
373	7.54	7.54	10.55	10.55	8.79	7.54	7.54	8.79	10.55	10.55
379	7.51	7.51	10.51	10.51	8.76	7.51	7.51	8.76	10.51	10.51
378	7.70	7.70	10.78	10.78	8.98	7.70	7.70	8.98	10.78	10.78
375	7.62	7.62	10.67	10.67	8.89	7.62	7.62	8.89	10.67	10.67
374	7.52	7.52	10.53	10.53	8.77	7.52	7.52	8.77	10.53	10.53
377	7.59	7.59	10.63	10.63	8.86	7.59	7.59	8.86	10.63	10.63
376	7.49	7.49	10.48	10.48	8.73	7.49	7.49	8.73	10.48	10.48
361	7.55	7.55	10.57	10.57	8.81	7.55	7.55	8.81	10.57	10.57
362	7.53	7.53	10.54	10.54	8.78	7.53	7.53	8.78	10.54	10.54
360	7.48	7.48	10.47	10.47	8.73	7.48	7.48	8.73	10.47	10.47
366	7.51	7.51	10.51	10.51	8.76	7.51	7.51	8.76	10.51	10.51
365	7.45	7.45	10.43	10.43	8.69	7.45	7.45	8.69	10.43	10.43
364	7.44	7.44	10.41	10.41	8.68	7.44	7.44	8.68	10.41	10.41
363	7.51	7.51	10.51	10.51	8.76	7.51	7.51	8.76	10.51	10.51
369	7.59	7.59	10.62	10.62	8.85	7.59	7.59	8.85	10.62	10.62
368	7.56	7.56	10.58	10.58	8.82	7.56	7.56	8.82	10.58	10.58
367	7.70	7.70	10.78	10.78	8.98	7.70	7.70	8.98	10.78	10.78
350	7.57	7.57	10.60	10.60	8.83	7.57	7.57	8.83	10.60	10.60
351	7.45	7.45	10.43	10.43	8.69	7.45	7.45	8.69	10.43	10.43
353	7.55	7.55	10.57	10.57	8.81	7.55	7.55	8.81	10.57	10.57
352	7.58	7.58	10.61	10.61	8.84	7.58	7.58	8.84	10.61	10.61
355	7.56	7.56	10.58	10.58	8.82	7.56	7.56	8.82	10.58	10.58
354	7.58	7.58	10.61	10.61	8.84	7.58	7.58	8.84	10.61	10.61
357	7.50	7.50	10.50	10.50	8.75	7.50	7.50	8.75	10.50	10.50
356	7.54	7.54	10.55	10.55	8.79	7.54	7.54	8.79	10.55	10.55
359	7.50	7.50	10.50	10.50	8.75	7.50	7.50	8.75	10.50	10.50
358	7.54	7.54	10.55	10.55	8.79	7.54	7.54	8.79	10.55	10.55
806	7.61	7.61	10.66	10.66	8.88	7.61	7.61	8.88	10.66	10.66
807	7.68	7.68	10.75	10.75	8.96	7.68	7.68	8.96	10.75	10.75
804	7.66	7.66	10.73	10.73	8.94	7.66	7.66	8.94	10.73	10.73
805	7.49	7.49	10.48	10.48	8.73	7.49	7.49	8.73	10.48	10.48
802	7.57	7.57	10.60	10.60	8.83	7.57	7.57	8.83	10.60	10.60
803	7.67	7.67	10.74	10.74	8.95	7.67	7.67	8.95	10.74	10.74
800	7.49	7.49	10.48	10.48	8.73	7.49	7.49	8.73	10.48	10.48
801	7.45	7.45	10.43	10.43	8.69	7.45	7.45	8.69	10.43	10.43
159	9.87	9.87	13.82	13.82	11.52	9.87	9.87	11.52	13.82	13.82
158	9.35	9.35	13.09	13.09	10.91	9.35	9.35	10.91	13.09	13.09
157	9.68	9.68	13.55	13.55	11.29	9.68	9.68	11.29	13.55	13.55
156	9.61	9.61	13.46	13.46	11.22	9.61	9.61	11.22	13.46	13.46
155	9.61	9.61	13.45	13.45	11.21	9.61	9.61	11.21	13.45	13.45
154	9.98	9.98	13.97	13.97	11.64	9.98	9.98	11.64	13.97	13.97
152	9.74	9.74	13.64	13.64	11.37	9.74	9.74	11.37	13.64	13.64
601	7.44	7.44	10.41	10.41	8.68	7.44	7.44	8.68	10.41	10.41
153	9.88	9.88	13.83	13.83	11.53	9.88	9.88	11.53	13.83	13.83
600	7.60	7.60	10.64	10.64	8.87	7.60	7.60	8.87	10.64	10.64
150	9.63	9.63	13.48	13.48	11.23	9.63	9.63	11.23	13.48	13.48
151	10.16	10.16	14.22	14.22	11.85	10.16	10.16	11.85	14.22	14.22
609	7.57	7.57	10.60	10.60	8.83	7.57	7.57	8.83	10.60	10.60
608	7.49	7.49	10.49	10.49	8.74	7.49	7.49	8.74	10.49	10.49
607	7.53	7.53	10.54	10.54	8.78	7.53	7.53	8.78	10.54	10.54
606	7.59	7.59	10.63	10.63	8.86	7.59	7.59	8.86	10.63	10.63
605	7.49	7.49	10.49	10.49	8.74	7.49	7.49	8.74	10.49	10.49
604	7.54	7.54	10.56	10.56	8.80	7.54	7.54	8.80	10.56	10.56
603	7.49	7.49	10.48	10.48	8.73	7.49	7.49	8.73	10.48	10.48
602	7.56	7.56	10.59	10.59	8.83	7.56	7.56	8.83	10.59	10.59
202	7.54	7.54	10.55	10.55	8.79	7.54	7.54	8.79	10.55	10.55
203	7.67	7.67	10.74	10.74	8.95	7.67	7.67	8.95	10.74	10.74
204	7.54	7.54	10.55	10.55	8.79	7.54	7.54	8.79	10.55	10.55
205	7.70	7.70	10.78	10.78	8.98	7.70	7.70	8.98	10.78	10.78
200	7.56	7.56	10.59	10.59	8.83	7.56	7.56	8.83	10.59	10.59
201	7.66	7.66	10.72	10.72	8.93	7.66	7.66	8.93	10.72	10.72
169	7.63	7.63	10.68	10.68	8.90	7.63	7.63	8.90	10.68	10.68
206	7.55	7.55	10.57	10.57	8.81	7.55	7.55	8.81	10.57	10.57
166	9.48	9.48	13.27	13.27	11.06	9.48	9.48	11.06	13.27	13.27
207	7.60	7.60	10.64	10.64	8.87	7.60	7.60	8.87	10.64	10.64
165	9.73	9.73	13.62	13.62	11.35	9.73	9.73	11.35	13.62	13.62
208	7.59	7.59	10.62	10.62	8.85	7.59	7.59	8.85	10.62	10.62
168	7.53	7.53	10.54	10.54	8.78	7.53	7.53	8.78	10.54	10.54
209	7.60	7.60	10.64	10.64	8.87	7.60	7.60	8.87	10.64	10.64
167	7.57	7.57	10.60	10.60	8.83	7.57	7.57	8.83	10.60	10.60
161	9.71	9.71	13.59	13.59	11.33	9.71	9.71	11.33	13.59	13.59
409	7.57	7.57	10.60	10.60	8.83	7.57	7.57	8.83	10.60	10.60
162	9.59	9.59	13.42	13.42	11.18	9.59	9.59	11.18	13.42	13.42
408	7.46	7.46	10.45	10.45	8.71	7.46	7.46	8.71	10.45	10.45
163	9.81	9.81	13.73	13.73	11.44	9.81	9.81	11.44	13.73	13.73
164	9.60	9.60	13.44	13.44	11.20	9.60	9.60	11.20	13.44	13.44
405	7.43	7.43	10.40	10.40	8.67	7.43	7.43	8.67	10.40	10.40
404	7.61	7.61	10.66	10.66	8.88	7.61	7.61	8.88	10.66	10.66
407	7.54	7.54	10.56	10.56	8.80	7.54	7.54	8.80	10.56	10.56
160	9.71	9.71	13.59	13.59	11.33	9.71	9.71	11.33	13.59	13.59
406	7.56	7.56	10.59	10.59	8.83	7.56	7.56	8.83	10.59	10.59
401	7.50	7.50	10.50	10.50	8.75	7.50	7.50	8.75	10.50	10.50
400	7.61	7.61	10.66	10.66	8.88	7.61	7.61	8.88	10.66	10.66
403	7.61	7.61	10.66	10.66	8.88	7.61	7.61	8.88	10.66	10.66
402	7.61	7.61	10.66	10.66	8.88	7.61	7.61	8.88	10.66	10.66
824	7.59	7.59	10.62	10.62	8.85	7.59	7.59	8.85	10.62	10.62
211	7.54	7.54	10.55	10.55	8.79	7.54	7.54	8.79	10.55	10.55
825	7.50	7.50	10.50	10.50	8.75	7.50	7.50	8.75	10.50	10.50
212	7.66	7.66	10.73	10.73	8.94	7.66	7.66	8.94	10.73	10.73
822	7.52	7.52	10.53	10.53	8.77	7.52	7.52	8.77	10.53	10.53
823	7.55	7.55	10.57	10.57	8.81	7.55	7.55	8.81	10.57	10.57
210	7.47	7.47	10.46	10.46	8.72	7.47	7.47	8.72	10.46	10.46
828	7.58	7.58	10.61	10.61	8.84	7.58	7.58	8.84	10.61	10.61
215	7.61	7.61	10.66	10.66	8.88	7.61	7.61	8.88	10.66	10.66
829	37.83	37.83	52.96	52.96	44.13	37.83	37.83	44.13	52.96	52.96
216	7.72	7.72	10.81	10.81	9.01	7.72	7.72	9.01	10.81	10.81
826	7.57	7.57	10.60	10.60	8.83	7.57	7.57	8.83	10.60	10.60
213	7.41	7.41	10.37	10.37	8.64	7.41	7.41	8.64	10.37	10.37
827	7.54	7.54	10.56	10.56	8.80	7.54	7.54	8.80	10.56	10.56
214	7.65	7.65	10.71	10.71	8.93	7.65	7.65	8.93	10.71	10.71
219	7.53	7.53	10.54	10.54	8.78	7.53	7.53	8.78	10.54	10.54
179	7.46	7.46	10.45	10.45	8.71	7.46	7.46	8.71	10.45	10.45
178	7.57	7.57	10.60	10.60	8.83	7.57	7.57	8.83	10.60	10.60
217	7.57	7.57	10.60	10.60	8.83	7.57	7.57	8.83	10.60	10.60
177	7.51	7.51	10.51	10.51	8.76	7.51	7.51	8.76	10.51	10.51
218	7.61	7.61	10.66	10.66	8.88	7.61	7.61	8.88	10.66	10.66
176	7.54	7.54	10.55	10.55	8.79	7.54	7.54	8.79	10.55	10.55
820	7.62	7.62	10.67	10.67	8.89	7.62	7.62	8.89	10.67	10.67
821	7.59	7.59	10.63	10.63	8.86	7.59	7.59	8.86	10.63	10.63
170	7.55	7.55	10.57	10.57	8.81	7.55	7.55	8.81	10.57	10.57
418	7.44	7.44	10.41	10.41	8.68	7.44	7.44	8.68	10.41	10.41
171	7.58	7.58	10.61	10.61	8.84	7.58	7.58	8.84	10.61	10.61
417	7.60	7.60	10.64	10.64	8.87	7.60	7.60	8.87	10.64	10.64
416	7.65	7.65	10.71	10.71	8.93	7.65	7.65	8.93	10.71	10.71
415	7.54	7.54	10.55	10.55	8.79	7.54	7.54	8.79	10.55	10.55
174	7.69	7.69	10.76	10.76	8.97	7.69	7.69	8.97	10.76	10.76
623	7.62	7.62	10.67	10.67	8.89	7.62	7.62	8.89	10.67	10.67
175	7.59	7.59	10.62	10.62	8.85	7.59	7.59	8.85	10.62	10.62
622	7.47	7.47	10.46	10.46	8.72	7.47	7.47	8.72	10.46	10.46
172	7.46	7.46	10.45	10.45	8.71	7.46	7.46	8.71	10.45	10.45
621	7.59	7.59	10.62	10.62	8.85	7.59	7.59	8.85	10.62	10.62
173	7.68	7.68	10.75	10.75	8.96	7.68	7.68	8.96	10.75	10.75
419	7.56	7.56	10.58	10.58	8.82	7.56	7.56	8.82	10.58	10.58
620	7.56	7.56	10.59	10.59	8.83	7.56	7.56	8.83	10.59	10.59
410	7.71	7.71	10.80	10.80	9.00	7.71	7.71	9.00	10.80	10.80
627	7.56	7.56	10.58	10.58	8.82	7.56	7.56	8.82	10.58	10.58
626	7.60	7.60	10.64	10.64	8.87	7.60	7.60	8.87	10.64	10.64
625	7.64	7.64	10.70	10.70	8.92	7.64	7.64	8.92	10.70	10.70
819	7.41	7.41	10.37	10.37	8.64	7.41	7.41	8.64	10.37	10.37
624	7.61	7.61	10.65	10.65	8.88	7.61	7.61	8.88	10.65	10.65
414	7.64	7.64	10.70	10.70	8.92	7.64	7.64	8.92	10.70	10.70
413	7.56	7.56	10.59	10.59	8.83	7.56	7.56	8.83	10.59	10.59
412	7.56	7.56	10.58	10.58	8.82	7.56	7.56	8.82	10.58	10.58
629	7.61	7.61	10.65	10.65	8.88	7.61	7.61	8.88	10.65	10.65
411	7.62	7.62	10.67	10.67	8.89	7.62	7.62	8.89	10.67	10.67
628	7.54	7.54	10.55	10.55	8.79	7.54	7.54	8.79	10.55	10.55
811	7.65	7.65	10.71	10.71	8.93	7.65	7.65	8.93	10.71	10.71
220	7.59	7.59	10.62	10.62	8.85	7.59	7.59	8.85	10.62	10.62
812	7.55	7.55	10.57	10.57	8.81	7.55	7.55	8.81	10.57	10.57
221	7.61	7.61	10.65	10.65	8.88	7.61	7.61	8.88	10.65	10.65
813	7.59	7.59	10.62	10.62	8.85	7.59	7.59	8.85	10.62	10.62
222	7.75	7.75	10.85	10.85	9.04	7.75	7.75	9.04	10.85	10.85
814	7.68	7.68	10.75	10.75	8.96	7.68	7.68	8.96	10.75	10.75
223	7.52	7.52	10.53	10.53	8.77	7.52	7.52	8.77	10.53	10.53
815	7.57	7.57	10.60	10.60	8.83	7.57	7.57	8.83	10.60	10.60
224	7.57	7.57	10.60	10.60	8.83	7.57	7.57	8.83	10.60	10.60
816	7.52	7.52	10.53	10.53	8.77	7.52	7.52	8.77	10.53	10.53
225	7.63	7.63	10.68	10.68	8.90	7.63	7.63	8.90	10.68	10.68
817	7.52	7.52	10.53	10.53	8.77	7.52	7.52	8.77	10.53	10.53
226	7.57	7.57	10.60	10.60	8.83	7.57	7.57	8.83	10.60	10.60
818	7.54	7.54	10.55	10.55	8.79	7.54	7.54	8.79	10.55	10.55
227	7.41	7.41	10.38	10.38	8.65	7.41	7.41	8.65	10.38	10.38
228	7.51	7.51	10.52	10.52	8.77	7.51	7.51	8.77	10.52	10.52
188	7.66	7.66	10.72	10.72	8.93	7.66	7.66	8.93	10.72	10.72
229	7.54	7.54	10.56	10.56	8.80	7.54	7.54	8.80	10.56	10.56
187	7.54	7.54	10.56	10.56	8.80	7.54	7.54	8.80	10.56	10.56
189	7.68	7.68	10.75	10.75	8.96	7.68	7.68	8.96	10.75	10.75
810	7.64	7.64	10.70	10.70	8.92	7.64	7.64	8.92	10.70	10.70
427	7.67	7.67	10.74	10.74	8.95	7.67	7.67	8.95	10.74	10.74
180	7.60	7.60	10.64	10.64	8.87	7.60	7.60	8.87	10.64	10.64
426	7.59	7.59	10.63	10.63	8.86	7.59	7.59	8.86	10.63	10.63
181	7.64	7.64	10.70	10.70	8.92	7.64	7.64	8.92	10.70	10.70
429	7.66	7.66	10.72	10.72	8.93	7.66	7.66	8.93	10.72	10.72
182	7.69	7.69	10.77	10.77	8.98	7.69	7.69	8.98	10.77	10.77
428	7.64	7.64	10.70	10.70	8.92	7.64	7.64	8.92	10.70	10.70
183	7.67	7.67	10.74	10.74	8.95	7.67	7.67	8.95	10.74	10.74
610	7.51	7.51	10.52	10.52	8.77	7.51	7.51	8.77	10.52	10.52
184	7.51	7.51	10.52	10.52	8.77	7.51	7.51	8.77	10.52	10.52
185	7.64	7.64	10.70	10.70	8.92	7.64	7.64	8.92	10.70	10.70
612	7.60	7.60	10.64	10.64	8.87	7.60	7.60	8.87	10.64	10.64
186	7.48	7.48	10.47	10.47	8.73	7.48	7.48	8.73	10.47	10.47
611	7.55	7.55	10.57	10.57	8.81	7.55	7.55	8.81	10.57	10.57
809	7.44	7.44	10.42	10.42	8.68	7.44	7.44	8.68	10.42	10.42
614	7.63	7.63	10.68	10.68	8.90	7.63	7.63	8.90	10.68	10.68
808	7.49	7.49	10.48	10.48	8.73	7.49	7.49	8.73	10.48	10.48
613	7.57	7.57	10.60	10.60	8.83	7.57	7.57	8.83	10.60	10.60
421	7.60	7.60	10.64	10.64	8.87	7.60	7.60	8.87	10.64	10.64
616	7.64	7.64	10.70	10.70	8.92	7.64	7.64	8.92	10.70	10.70
420	7.49	7.49	10.48	10.48	8.73	7.49	7.49	8.73	10.48	10.48
615	7.61	7.61	10.66	10.66	8.88	7.61	7.61	8.88	10.66	10.66
423	7.52	7.52	10.53	10.53	8.77	7.52	7.52	8.77	10.53	10.53
618	7.46	7.46	10.45	10.45	8.71	7.46	7.46	8.71	10.45	10.45
422	7.51	7.51	10.52	10.52	8.77	7.51	7.51	8.77	10.52	10.52
617	7.54	7.54	10.55	10.55	8.79	7.54	7.54	8.79	10.55	10.55
425	7.60	7.60	10.64	10.64	8.87	7.60	7.60	8.87	10.64	10.64
424	7.66	7.66	10.72	10.72	8.93	7.66	7.66	8.93	10.72	10.72
619	7.55	7.55	10.57	10.57	8.81	7.55	7.55	8.81	10.57	10.57
843	7.51	7.51	10.51	10.51	8.76	7.51	7.51	8.76	10.51	10.51
116	9.83	9.83	13.76	13.76	11.47	9.83	9.83	11.47	13.76	13.76
842	7.71	7.71	10.80	10.80	9.00	7.71	7.71	9.00	10.80	10.80
117	9.87	9.87	13.82	13.82	11.52	9.87	9.87	11.52	13.82	13.82
841	7.76	7.76	10.86	10.86	9.05	7.76	7.76	9.05	10.86	10.86
114	9.54	9.54	13.36	13.36	11.13	9.54	9.54	11.13	13.36	13.36
840	7.66	7.66	10.73	10.73	8.94	7.66	7.66	8.94	10.73	10.73
115	9.51	9.51	13.31	13.31	11.09	9.51	9.51	11.09	13.31	13.31
112	9.96	9.96	13.95	13.95	11.63	9.96	9.96	11.63	13.95	13.95
113	9.81	9.81	13.74	13.74	11.45	9.81	9.81	11.45	13.74	13.74
110	10.16	10.16	14.23	14.23	11.86	10.16	10.16	11.86	14.23	14.23
111	9.74	9.74	13.63	13.63	11.36	9.74	9.74	11.36	13.63	13.63
849	7.58	7.58	10.61	10.61	8.84	7.58	7.58	8.84	10.61	10.61
848	7.47	7.47	10.46	10.46	8.72	7.47	7.47	8.72	10.46	10.46
847	7.94	7.94	11.12	11.12	9.27	7.94	7.94	9.27	11.12	11.12
846	7.71	7.71	10.79	10.79	8.99	7.71	7.71	8.99	10.79	10.79
845	7.74	7.74	10.84	10.84	9.03	7.74	7.74	9.03	10.84	10.84
118	9.56	9.56	13.38	13.38	11.15	9.56	9.56	11.15	13.38	13.38
844	7.62	7.62	10.67	10.67	8.89	7.62	7.62	8.89	10.67	10.67
119	9.50	9.50	13.30	13.30	11.08	9.50	9.50	11.08	13.30	13.30
435	7.51	7.51	10.52	10.52	8.77	7.51	7.51	8.77	10.52	10.52
436	7.45	7.45	10.43	10.43	8.69	7.45	7.45	8.69	10.43	10.43
433	7.40	7.40	10.36	10.36	8.63	7.40	7.40	8.63	10.36	10.36
434	7.50	7.50	10.50	10.50	8.75	7.50	7.50	8.75	10.50	10.50
431	7.66	7.66	10.73	10.73	8.94	7.66	7.66	8.94	10.73	10.73
432	7.63	7.63	10.68	10.68	8.90	7.63	7.63	8.90	10.68	10.68
430	7.49	7.49	10.48	10.48	8.73	7.49	7.49	8.73	10.48	10.48
439	7.53	7.53	10.54	10.54	8.78	7.53	7.53	8.78	10.54	10.54
437	7.53	7.53	10.54	10.54	8.78	7.53	7.53	8.78	10.54	10.54
438	7.57	7.57	10.60	10.60	8.83	7.57	7.57	8.83	10.60	10.60
830	63.66	63.66	89.12	89.12	74.27	63.66	63.66	74.27	89.12	89.12
125	9.75	9.75	13.65	13.65	11.38	9.75	9.75	11.38	13.65	13.65
126	9.63	9.63	13.48	13.48	11.23	9.63	9.63	11.23	13.48	13.48
832	7.56	7.56	10.59	10.59	8.83	7.56	7.56	8.83	10.59	10.59
127	9.72	9.72	13.61	13.61	11.34	9.72	9.72	11.34	13.61	13.61
831	7.52	7.52	10.53	10.53	8.77	7.52	7.52	8.77	10.53	10.53
128	9.82	9.82	13.75	13.75	11.46	9.82	9.82	11.46	13.75	13.75
121	9.66	9.66	13.53	13.53	11.28	9.66	9.66	11.28	13.53	13.53
122	9.43	9.43	13.20	13.20	11.00	9.43	9.43	11.00	13.20	13.20
123	9.53	9.53	13.34	13.34	11.12	9.53	9.53	11.12	13.34	13.34
124	9.51	9.51	13.31	13.31	11.09	9.51	9.51	11.09	13.31	13.31
838	7.62	7.62	10.67	10.67	8.89	7.62	7.62	8.89	10.67	10.67
837	7.48	7.48	10.47	10.47	8.73	7.48	7.48	8.73	10.47	10.47
839	7.54	7.54	10.56	10.56	8.80	7.54	7.54	8.80	10.56	10.56
834	7.56	7.56	10.58	10.58	8.82	7.56	7.56	8.82	10.58	10.58
129	9.40	9.40	13.16	13.16	10.97	9.40	9.40	10.97	13.16	13.16
833	7.52	7.52	10.53	10.53	8.77	7.52	7.52	8.77	10.53	10.53
836	7.65	7.65	10.71	10.71	8.93	7.65	7.65	8.93	10.71	10.71
835	7.69	7.69	10.77	10.77	8.98	7.69	7.69	8.98	10.77	10.77
444	7.66	7.66	10.73	10.73	8.94	7.66	7.66	8.94	10.73	10.73
445	7.63	7.63	10.68	10.68	8.90	7.63	7.63	8.90	10.68	10.68
446	7.56	7.56	10.59	10.59	8.83	7.56	7.56	8.83	10.59	10.59
447	7.65	7.65	10.71	10.71	8.93	7.65	7.65	8.93	10.71	10.71
440	7.63	7.63	10.68	10.68	8.90	7.63	7.63	8.90	10.68	10.68
441	7.67	7.67	10.74	10.74	8.95	7.67	7.67	8.95	10.74	10.74
442	7.63	7.63	10.68	10.68	8.90	7.63	7.63	8.90	10.68	10.68
443	7.57	7.57	10.60	10.60	8.83	7.57	7.57	8.83	10.60	10.60
120	9.65	9.65	13.51	13.51	11.26	9.65	9.65	11.26	13.51	13.51
448	7.62	7.62	10.67	10.67	8.89	7.62	7.62	8.89	10.67	10.67
449	7.50	7.50	10.50	10.50	8.75	7.50	7.50	8.75	10.50	10.50
861	7.71	7.71	10.80	10.80	9.00	7.71	7.71	9.00	10.80	10.80
134	9.66	9.66	13.52	13.52	11.27	9.66	9.66	11.27	13.52	13.52
860	7.73	7.73	10.82	10.82	9.02	7.73	7.73	9.02	10.82	10.82
135	9.86	9.86	13.80	13.80	11.50	9.86	9.86	11.50	13.80	13.80
132	9.64	9.64	13.49	13.49	11.24	9.64	9.64	11.24	13.49	13.49
133	9.77	9.77	13.68	13.68	11.40	9.77	9.77	11.40	13.68	13.68
865	7.74	7.74	10.83	10.83	9.03	7.74	7.74	9.03	10.83	10.83
138	9.71	9.71	13.59	13.59	11.33	9.71	9.71	11.33	13.59	13.59
864	7.66	7.66	10.73	10.73	8.94	7.66	7.66	8.94	10.73	10.73
139	9.64	9.64	13.50	13.50	11.25	9.64	9.64	11.25	13.50	13.50
863	7.46	7.46	10.45	10.45	8.71	7.46	7.46	8.71	10.45	10.45
136	9.52	9.52	13.33	13.33	11.11	9.52	9.52	11.11	13.33	13.33
862	7.55	7.55	10.57	10.57	8.81	7.55	7.55	8.81	10.57	10.57
137	9.61	9.61	13.46	13.46	11.22	9.61	9.61	11.22	13.46	13.46
869	7.59	7.59	10.62	10.62	8.85	7.59	7.59	8.85	10.62	10.62
868	7.84	7.84	10.97	10.97	9.14	7.84	7.84	9.14	10.97	10.97
867	7.66	7.66	10.72	10.72	8.93	7.66	7.66	8.93	10.72	10.72
866	7.51	7.51	10.52	10.52	8.77	7.51	7.51	8.77	10.52	10.52
450	7.49	7.49	10.48	10.48	8.73	7.49	7.49	8.73	10.48	10.48
453	7.48	7.48	10.47	10.47	8.73	7.48	7.48	8.73	10.47	10.47
454	7.54	7.54	10.55	10.55	8.79	7.54	7.54	8.79	10.55	10.55
451	7.52	7.52	10.53	10.53	8.77	7.52	7.52	8.77	10.53	10.53
452	7.62	7.62	10.67	10.67	8.89	7.62	7.62	8.89	10.67	10.67
457	7.64	7.64	10.69	10.69	8.91	7.64	7.64	8.91	10.69	10.69
458	7.57	7.57	10.60	10.60	8.83	7.57	7.57	8.83	10.60	10.60
455	7.57	7.57	10.60	10.60	8.83	7.57	7.57	8.83	10.60	10.60
456	7.58	7.58	10.61	10.61	8.84	7.58	7.58	8.84	10.61	10.61
459	7.54	7.54	10.55	10.55	8.79	7.54	7.54	8.79	10.55	10.55
131	9.65	9.65	13.51	13.51	11.26	9.65	9.65	11.26	13.51	13.51
130	9.62	9.62	13.47	13.47	11.23	9.62	9.62	11.23	13.47	13.47
143	9.41	9.41	13.18	13.18	10.98	9.41	9.41	10.98	13.18	13.18
144	9.54	9.54	13.35	13.35	11.13	9.54	9.54	11.13	13.35	13.35
850	7.54	7.54	10.56	10.56	8.80	7.54	7.54	8.80	10.56	10.56
145	10.00	10.00	14.00	14.00	11.67	10.00	10.00	11.67	14.00	14.00
146	9.84	9.84	13.78	13.78	11.48	9.84	9.84	11.48	13.78	13.78
852	7.44	7.44	10.41	10.41	8.68	7.44	7.44	8.68	10.41	10.41
147	9.66	9.66	13.52	13.52	11.27	9.66	9.66	11.27	13.52	13.52
851	7.77	7.77	10.88	10.88	9.07	7.77	7.77	9.07	10.88	10.88
148	9.90	9.90	13.86	13.86	11.55	9.90	9.90	11.55	13.86	13.86
854	7.71	7.71	10.80	10.80	9.00	7.71	7.71	9.00	10.80	10.80
149	9.59	9.59	13.43	13.43	11.19	9.59	9.59	11.19	13.43	13.43
853	7.79	7.79	10.90	10.90	9.08	7.79	7.79	9.08	10.90	10.90
856	7.84	7.84	10.97	10.97	9.14	7.84	7.84	9.14	10.97	10.97
855	7.48	7.48	10.47	10.47	8.73	7.48	7.48	8.73	10.47	10.47
858	7.41	7.41	10.37	10.37	8.64	7.41	7.41	8.64	10.37	10.37
857	7.76	7.76	10.87	10.87	9.06	7.76	7.76	9.06	10.87	10.87
859	7.54	7.54	10.55	10.55	8.79	7.54	7.54	8.79	10.55	10.55
461	7.54	7.54	10.55	10.55	8.79	7.54	7.54	8.79	10.55	10.55
460	7.62	7.62	10.67	10.67	8.89	7.62	7.62	8.89	10.67	10.67
462	7.63	7.63	10.68	10.68	8.90	7.63	7.63	8.90	10.68	10.68
463	7.45	7.45	10.43	10.43	8.69	7.45	7.45	8.69	10.43	10.43
464	7.52	7.52	10.53	10.53	8.77	7.52	7.52	8.77	10.53	10.53
465	7.59	7.59	10.63	10.63	8.86	7.59	7.59	8.86	10.63	10.63
466	7.59	7.59	10.62	10.62	8.85	7.59	7.59	8.85	10.62	10.62
467	7.54	7.54	10.55	10.55	8.79	7.54	7.54	8.79	10.55	10.55
468	7.62	7.62	10.67	10.67	8.89	7.62	7.62	8.89	10.67	10.67
469	7.56	7.56	10.59	10.59	8.83	7.56	7.56	8.83	10.59	10.59
140	9.66	9.66	13.53	13.53	11.28	9.66	9.66	11.28	13.53	13.53
142	9.61	9.61	13.46	13.46	11.22	9.61	9.61	11.22	13.46	13.46
141	9.70	9.70	13.58	13.58	11.32	9.70	9.70	11.32	13.58	13.58
687	7.49	7.49	10.49	10.49	8.74	7.49	7.49	8.74	10.49	10.49
686	7.50	7.50	10.50	10.50	8.75	7.50	7.50	8.75	10.50	10.50
689	7.51	7.51	10.51	10.51	8.76	7.51	7.51	8.76	10.51	10.51
688	7.49	7.49	10.48	10.48	8.73	7.49	7.49	8.73	10.48	10.48
683	7.43	7.43	10.40	10.40	8.67	7.43	7.43	8.67	10.40	10.40
682	7.62	7.62	10.67	10.67	8.89	7.62	7.62	8.89	10.67	10.67
685	7.65	7.65	10.71	10.71	8.93	7.65	7.65	8.93	10.71	10.71
684	7.43	7.43	10.40	10.40	8.67	7.43	7.43	8.67	10.40	10.40
888	7.63	7.63	10.68	10.68	8.90	7.63	7.63	8.90	10.68	10.68
889	7.59	7.59	10.62	10.62	8.85	7.59	7.59	8.85	10.62	10.62
884	7.64	7.64	10.70	10.70	8.92	7.64	7.64	8.92	10.70	10.70
885	7.79	7.79	10.90	10.90	9.08	7.79	7.79	9.08	10.90	10.90
886	7.89	7.89	11.05	11.05	9.21	7.89	7.89	9.21	11.05	11.05
680	7.56	7.56	10.58	10.58	8.82	7.56	7.56	8.82	10.58	10.58
887	7.69	7.69	10.76	10.76	8.97	7.69	7.69	8.97	10.76	10.76
681	7.58	7.58	10.61	10.61	8.84	7.58	7.58	8.84	10.61	10.61
880	7.62	7.62	10.67	10.67	8.89	7.62	7.62	8.89	10.67	10.67
881	7.65	7.65	10.71	10.71	8.93	7.65	7.65	8.93	10.71	10.71
882	7.69	7.69	10.76	10.76	8.97	7.69	7.69	8.97	10.76	10.76
883	7.53	7.53	10.54	10.54	8.78	7.53	7.53	8.78	10.54	10.54
678	7.55	7.55	10.57	10.57	8.81	7.55	7.55	8.81	10.57	10.57
677	7.53	7.53	10.54	10.54	8.78	7.53	7.53	8.78	10.54	10.54
676	7.54	7.54	10.55	10.55	8.79	7.54	7.54	8.79	10.55	10.55
675	7.50	7.50	10.50	10.50	8.75	7.50	7.50	8.75	10.50	10.50
674	7.40	7.40	10.36	10.36	8.63	7.40	7.40	8.63	10.36	10.36
673	7.41	7.41	10.38	10.38	8.65	7.41	7.41	8.65	10.38	10.38
672	7.43	7.43	10.40	10.40	8.67	7.43	7.43	8.67	10.40	10.40
671	7.46	7.46	10.45	10.45	8.71	7.46	7.46	8.71	10.45	10.45
679	7.57	7.57	10.60	10.60	8.83	7.57	7.57	8.83	10.60	10.60
879	7.66	7.66	10.72	10.72	8.93	7.66	7.66	8.93	10.72	10.72
877	7.66	7.66	10.73	10.73	8.94	7.66	7.66	8.94	10.73	10.73
878	7.64	7.64	10.69	10.69	8.91	7.64	7.64	8.91	10.69	10.69
875	7.84	7.84	10.98	10.98	9.15	7.84	7.84	9.15	10.98	10.98
876	7.66	7.66	10.72	10.72	8.93	7.66	7.66	8.93	10.72	10.72
670	7.66	7.66	10.73	10.73	8.94	7.66	7.66	8.94	10.73	10.73
873	7.46	7.46	10.45	10.45	8.71	7.46	7.46	8.71	10.45	10.45
874	7.59	7.59	10.63	10.63	8.86	7.59	7.59	8.86	10.63	10.63
871	7.79	7.79	10.90	10.90	9.08	7.79	7.79	9.08	10.90	10.90
872	7.55	7.55	10.57	10.57	8.81	7.55	7.55	8.81	10.57	10.57
870	7.71	7.71	10.79	10.79	8.99	7.71	7.71	8.99	10.79	10.79
696	7.62	7.62	10.67	10.67	8.89	7.62	7.62	8.89	10.67	10.67
695	7.71	7.71	10.80	10.80	9.00	7.71	7.71	9.00	10.80	10.80
694	7.59	7.59	10.63	10.63	8.86	7.59	7.59	8.86	10.63	10.63
693	7.52	7.52	10.53	10.53	8.77	7.52	7.52	8.77	10.53	10.53
890	7.35	7.35	10.29	10.29	8.58	7.35	7.35	8.58	10.29	10.29
699	7.69	7.69	10.77	10.77	8.98	7.69	7.69	8.98	10.77	10.77
698	7.49	7.49	10.48	10.48	8.73	7.49	7.49	8.73	10.48	10.48
697	7.51	7.51	10.51	10.51	8.76	7.51	7.51	8.76	10.51	10.51
899	7.58	7.58	10.61	10.61	8.84	7.58	7.58	8.84	10.61	10.61
893	7.76	7.76	10.87	10.87	9.06	7.76	7.76	9.06	10.87	10.87
894	7.57	7.57	10.60	10.60	8.83	7.57	7.57	8.83	10.60	10.60
891	7.59	7.59	10.63	10.63	8.86	7.59	7.59	8.86	10.63	10.63
892	7.54	7.54	10.55	10.55	8.79	7.54	7.54	8.79	10.55	10.55
897	7.81	7.81	10.93	10.93	9.11	7.81	7.81	9.11	10.93	10.93
691	7.68	7.68	10.75	10.75	8.96	7.68	7.68	8.96	10.75	10.75
898	7.81	7.81	10.93	10.93	9.11	7.81	7.81	9.11	10.93	10.93
692	7.54	7.54	10.56	10.56	8.80	7.54	7.54	8.80	10.56	10.56
895	7.94	7.94	11.12	11.12	9.27	7.94	7.94	9.27	11.12	11.12
896	7.84	7.84	10.97	10.97	9.14	7.84	7.84	9.14	10.97	10.97
690	7.53	7.53	10.54	10.54	8.78	7.53	7.53	8.78	10.54	10.54
646	7.57	7.57	10.60	10.60	8.83	7.57	7.57	8.83	10.60	10.60
647	7.57	7.57	10.60	10.60	8.83	7.57	7.57	8.83	10.60	10.60
648	7.54	7.54	10.56	10.56	8.80	7.54	7.54	8.80	10.56	10.56
649	7.59	7.59	10.63	10.63	8.86	7.59	7.59	8.86	10.63	10.63
195	7.60	7.60	10.64	10.64	8.87	7.60	7.60	8.87	10.64	10.64
642	7.63	7.63	10.68	10.68	8.90	7.63	7.63	8.90	10.68	10.68
194	7.51	7.51	10.52	10.52	8.77	7.51	7.51	8.77	10.52	10.52
643	7.61	7.61	10.66	10.66	8.88	7.61	7.61	8.88	10.66	10.66
197	7.62	7.62	10.67	10.67	8.89	7.62	7.62	8.89	10.67	10.67
644	7.58	7.58	10.61	10.61	8.84	7.58	7.58	8.84	10.61	10.61
196	7.54	7.54	10.56	10.56	8.80	7.54	7.54	8.80	10.56	10.56
645	7.53	7.53	10.54	10.54	8.78	7.53	7.53	8.78	10.54	10.54
191	7.41	7.41	10.38	10.38	8.65	7.41	7.41	8.65	10.38	10.38
190	7.58	7.58	10.61	10.61	8.84	7.58	7.58	8.84	10.61	10.61
193	7.49	7.49	10.49	10.49	8.74	7.49	7.49	8.74	10.49	10.49
640	7.50	7.50	10.50	10.50	8.75	7.50	7.50	8.75	10.50	10.50
192	7.58	7.58	10.61	10.61	8.84	7.58	7.58	8.84	10.61	10.61
641	7.58	7.58	10.61	10.61	8.84	7.58	7.58	8.84	10.61	10.61
198	7.52	7.52	10.53	10.53	8.77	7.52	7.52	8.77	10.53	10.53
199	7.45	7.45	10.43	10.43	8.69	7.45	7.45	8.69	10.43	10.43
639	7.53	7.53	10.54	10.54	8.78	7.53	7.53	8.78	10.54	10.54
637	7.57	7.57	10.60	10.60	8.83	7.57	7.57	8.83	10.60	10.60
638	7.53	7.53	10.54	10.54	8.78	7.53	7.53	8.78	10.54	10.54
635	7.57	7.57	10.60	10.60	8.83	7.57	7.57	8.83	10.60	10.60
636	7.58	7.58	10.61	10.61	8.84	7.58	7.58	8.84	10.61	10.61
633	7.54	7.54	10.56	10.56	8.80	7.54	7.54	8.80	10.56	10.56
634	7.54	7.54	10.55	10.55	8.79	7.54	7.54	8.79	10.55	10.55
631	7.56	7.56	10.58	10.58	8.82	7.56	7.56	8.82	10.58	10.58
632	7.49	7.49	10.48	10.48	8.73	7.49	7.49	8.73	10.48	10.48
630	7.59	7.59	10.63	10.63	8.86	7.59	7.59	8.86	10.63	10.63
668	7.54	7.54	10.55	10.55	8.79	7.54	7.54	8.79	10.55	10.55
669	7.62	7.62	10.67	10.67	8.89	7.62	7.62	8.89	10.67	10.67
660	7.58	7.58	10.61	10.61	8.84	7.58	7.58	8.84	10.61	10.61
661	7.51	7.51	10.52	10.52	8.77	7.51	7.51	8.77	10.52	10.52
662	7.44	7.44	10.42	10.42	8.68	7.44	7.44	8.68	10.42	10.42
663	7.49	7.49	10.49	10.49	8.74	7.49	7.49	8.74	10.49	10.49
664	7.62	7.62	10.67	10.67	8.89	7.62	7.62	8.89	10.67	10.67
665	7.54	7.54	10.55	10.55	8.79	7.54	7.54	8.79	10.55	10.55
666	7.66	7.66	10.73	10.73	8.94	7.66	7.66	8.94	10.73	10.73
667	7.59	7.59	10.62	10.62	8.85	7.59	7.59	8.85	10.62	10.62
659	7.57	7.57	10.60	10.60	8.83	7.57	7.57	8.83	10.60	10.60
657	7.53	7.53	10.54	10.54	8.78	7.53	7.53	8.78	10.54	10.54
658	7.44	7.44	10.42	10.42	8.68	7.44	7.44	8.68	10.42	10.42
651	7.64	7.64	10.69	10.69	8.91	7.64	7.64	8.91	10.69	10.69
652	7.59	7.59	10.63	10.63	8.86	7.59	7.59	8.86	10.63	10.63
650	7.49	7.49	10.49	10.49	8.74	7.49	7.49	8.74	10.49	10.49
655	7.47	7.47	10.46	10.46	8.72	7.47	7.47	8.72	10.46	10.46
656	7.58	7.58	10.61	10.61	8.84	7.58	7.58	8.84	10.61	10.61
653	7.66	7.66	10.72	10.72	8.93	7.66	7.66	8.93	10.72	10.72
654	7.56	7.56	10.59	10.59	8.83	7.56	7.56	8.83	10.59	10.59
35	9.76	9.76	13.67	13.67	11.39	9.76	9.76	11.39	13.67	13.67
36	9.81	9.81	13.73	13.73	11.44	9.81	9.81	11.44	13.73	13.73
33	9.61	9.61	13.46	13.46	11.22	9.61	9.61	11.22	13.46	13.46
34	9.83	9.83	13.76	13.76	11.47	9.83	9.83	11.47	13.76	13.76
39	9.91	9.91	13.88	13.88	11.57	9.91	9.91	11.57	13.88	13.88
37	9.66	9.66	13.53	13.53	11.28	9.66	9.66	11.28	13.53	13.53
38	9.46	9.46	13.25	13.25	11.04	9.46	9.46	11.04	13.25	13.25
43	9.69	9.69	13.57	13.57	11.31	9.69	9.69	11.31	13.57	13.57
42	10.06	10.06	14.08	14.08	11.73	10.06	10.06	11.73	14.08	14.08
41	9.44	9.44	13.22	13.22	11.02	9.44	9.44	11.02	13.22	13.22
40	9.74	9.74	13.64	13.64	11.37	9.74	9.74	11.37	13.64	13.64
22	9.68	9.68	13.55	13.55	11.29	9.68	9.68	11.29	13.55	13.55
23	9.94	9.94	13.92	13.92	11.60	9.94	9.94	11.60	13.92	13.92
24	9.63	9.63	13.48	13.48	11.23	9.63	9.63	11.23	13.48	13.48
25	9.86	9.86	13.81	13.81	11.51	9.86	9.86	11.51	13.81	13.81
26	9.88	9.88	13.83	13.83	11.53	9.88	9.88	11.53	13.83	13.83
27	9.55	9.55	13.37	13.37	11.14	9.55	9.55	11.14	13.37	13.37
28	9.58	9.58	13.41	13.41	11.18	9.58	9.58	11.18	13.41	13.41
29	9.60	9.60	13.44	13.44	11.20	9.60	9.60	11.20	13.44	13.44
30	10.02	10.02	14.03	14.03	11.69	10.02	10.02	11.69	14.03	14.03
32	9.71	9.71	13.60	13.60	11.33	9.71	9.71	11.33	13.60	13.60
31	9.51	9.51	13.31	13.31	11.09	9.51	9.51	11.09	13.31	13.31
19	9.66	9.66	13.52	13.52	11.27	9.66	9.66	11.27	13.52	13.52
17	9.63	9.63	13.48	13.48	11.23	9.63	9.63	11.23	13.48	13.48
18	9.64	9.64	13.49	13.49	11.24	9.64	9.64	11.24	13.49	13.49
15	9.77	9.77	13.68	13.68	11.40	9.77	9.77	11.40	13.68	13.68
16	9.61	9.61	13.46	13.46	11.22	9.61	9.61	11.22	13.46	13.46
13	9.79	9.79	13.71	13.71	11.43	9.79	9.79	11.43	13.71	13.71
14	9.55	9.55	13.37	13.37	11.14	9.55	9.55	11.14	13.37	13.37
11	9.42	9.42	13.19	13.19	10.99	9.42	9.42	10.99	13.19	13.19
12	9.74	9.74	13.63	13.63	11.36	9.74	9.74	11.36	13.63	13.63
21	9.84	9.84	13.78	13.78	11.48	9.84	9.84	11.48	13.78	13.78
20	9.83	9.83	13.76	13.76	11.47	9.83	9.83	11.47	13.76	13.76
10	9.84	9.84	13.78	13.78	11.48	9.84	9.84	11.48	13.78	13.78
79	9.86	9.86	13.80	13.80	11.50	9.86	9.86	11.50	13.80	13.80
78	9.89	9.89	13.84	13.84	11.53	9.89	9.89	11.53	13.84	13.84
77	9.73	9.73	13.62	13.62	11.35	9.73	9.73	11.35	13.62	13.62
82	9.83	9.83	13.76	13.76	11.47	9.83	9.83	11.47	13.76	13.76
83	9.88	9.88	13.83	13.83	11.53	9.88	9.88	11.53	13.83	13.83
80	9.32	9.32	13.05	13.05	10.88	9.32	9.32	10.88	13.05	13.05
81	9.39	9.39	13.14	13.14	10.95	9.39	9.39	10.95	13.14	13.14
86	9.86	9.86	13.81	13.81	11.51	9.86	9.86	11.51	13.81	13.81
87	9.48	9.48	13.27	13.27	11.06	9.48	9.48	11.06	13.27	13.27
84	9.41	9.41	13.18	13.18	10.98	9.41	9.41	10.98	13.18	13.18
85	9.68	9.68	13.55	13.55	11.29	9.68	9.68	11.29	13.55	13.55
67	9.72	9.72	13.61	13.61	11.34	9.72	9.72	11.34	13.61	13.61
66	9.77	9.77	13.68	13.68	11.40	9.77	9.77	11.40	13.68	13.68
69	10.11	10.11	14.16	14.16	11.80	10.11	10.11	11.80	14.16	14.16
68	9.41	9.41	13.17	13.17	10.98	9.41	9.41	10.98	13.17	13.17
70	9.89	9.89	13.85	13.85	11.54	9.89	9.89	11.54	13.85	13.85
71	9.72	9.72	13.61	13.61	11.34	9.72	9.72	11.34	13.61	13.61
72	9.89	9.89	13.84	13.84	11.53	9.89	9.89	11.53	13.84	13.84
73	9.94	9.94	13.92	13.92	11.60	9.94	9.94	11.60	13.92	13.92
74	9.83	9.83	13.76	13.76	11.47	9.83	9.83	11.47	13.76	13.76
75	9.64	9.64	13.50	13.50	11.25	9.64	9.64	11.25	13.50	13.50
76	9.74	9.74	13.64	13.64	11.37	9.74	9.74	11.37	13.64	13.64
59	9.71	9.71	13.59	13.59	11.33	9.71	9.71	11.33	13.59	13.59
58	9.61	9.61	13.46	13.46	11.22	9.61	9.61	11.22	13.46	13.46
57	9.41	9.41	13.18	13.18	10.98	9.41	9.41	10.98	13.18	13.18
56	10.09	10.09	14.12	14.12	11.77	10.09	10.09	11.77	14.12	14.12
55	9.62	9.62	13.47	13.47	11.23	9.62	9.62	11.23	13.47	13.47
64	9.82	9.82	13.75	13.75	11.46	9.82	9.82	11.46	13.75	13.75
65	9.66	9.66	13.52	13.52	11.27	9.66	9.66	11.27	13.52	13.52
62	9.61	9.61	13.45	13.45	11.21	9.61	9.61	11.21	13.45	13.45
63	9.39	9.39	13.14	13.14	10.95	9.39	9.39	10.95	13.14	13.14
60	9.83	9.83	13.76	13.76	11.47	9.83	9.83	11.47	13.76	13.76
61	9.74	9.74	13.64	13.64	11.37	9.74	9.74	11.37	13.64	13.64
49	9.86	9.86	13.81	13.81	11.51	9.86	9.86	11.51	13.81	13.81
48	9.78	9.78	13.69	13.69	11.41	9.78	9.78	11.41	13.69	13.69
45	9.64	9.64	13.49	13.49	11.24	9.64	9.64	11.24	13.49	13.49
44	9.59	9.59	13.42	13.42	11.18	9.59	9.59	11.18	13.42	13.42
47	9.96	9.96	13.95	13.95	11.63	9.96	9.96	11.63	13.95	13.95
46	9.63	9.63	13.48	13.48	11.23	9.63	9.63	11.23	13.48	13.48
51	9.34	9.34	13.08	13.08	10.90	9.34	9.34	10.90	13.08	13.08
52	9.81	9.81	13.73	13.73	11.44	9.81	9.81	11.44	13.73	13.73
53	9.78	9.78	13.69	13.69	11.41	9.78	9.78	11.41	13.69	13.69
54	9.70	9.70	13.58	13.58	11.32	9.70	9.70	11.32	13.58	13.58
50	9.39	9.39	13.14	13.14	10.95	9.39	9.39	10.95	13.14	13.14
1001	0.00	0.00	0.00	0.00	0.00	0.00	0.00	0.00	0.00	0.00
281	7.68	7.68	10.75	10.75	8.96	7.68	7.68	8.96	10.75	10.75
487	7.72	7.72	10.81	10.81	9.01	7.72	7.72	9.01	10.81	10.81
280	7.51	7.51	10.51	10.51	8.76	7.51	7.51	8.76	10.51	10.51
486	7.78	7.78	10.89	10.89	9.08	7.78	7.78	9.08	10.89	10.89
485	7.55	7.55	10.57	10.57	8.81	7.55	7.55	8.81	10.57	10.57
484	7.59	7.59	10.62	10.62	8.85	7.59	7.59	8.85	10.62	10.62
285	7.59	7.59	10.62	10.62	8.85	7.59	7.59	8.85	10.62	10.62
284	7.57	7.57	10.60	10.60	8.83	7.57	7.57	8.83	10.60	10.60
283	7.52	7.52	10.53	10.53	8.77	7.52	7.52	8.77	10.53	10.53
489	7.63	7.63	10.68	10.68	8.90	7.63	7.63	8.90	10.68	10.68
282	7.67	7.67	10.74	10.74	8.95	7.67	7.67	8.95	10.74	10.74
488	7.48	7.48	10.47	10.47	8.73	7.48	7.48	8.73	10.47	10.47
288	7.53	7.53	10.54	10.54	8.78	7.53	7.53	8.78	10.54	10.54
289	7.59	7.59	10.62	10.62	8.85	7.59	7.59	8.85	10.62	10.62
286	7.44	7.44	10.42	10.42	8.68	7.44	7.44	8.68	10.42	10.42
287	7.64	7.64	10.69	10.69	8.91	7.64	7.64	8.91	10.69	10.69
482	7.56	7.56	10.59	10.59	8.83	7.56	7.56	8.83	10.59	10.59
483	7.55	7.55	10.57	10.57	8.81	7.55	7.55	8.81	10.57	10.57
480	7.49	7.49	10.48	10.48	8.73	7.49	7.49	8.73	10.48	10.48
481	7.44	7.44	10.42	10.42	8.68	7.44	7.44	8.68	10.42	10.42
474	7.56	7.56	10.58	10.58	8.82	7.56	7.56	8.82	10.58	10.58
473	7.62	7.62	10.67	10.67	8.89	7.62	7.62	8.89	10.67	10.67
270	7.59	7.59	10.62	10.62	8.85	7.59	7.59	8.85	10.62	10.62
476	7.66	7.66	10.73	10.73	8.94	7.66	7.66	8.94	10.73	10.73
475	7.51	7.51	10.52	10.52	8.77	7.51	7.51	8.77	10.52	10.52
272	7.51	7.51	10.51	10.51	8.76	7.51	7.51	8.76	10.51	10.51
478	7.57	7.57	10.60	10.60	8.83	7.57	7.57	8.83	10.60	10.60
271	7.65	7.65	10.71	10.71	8.93	7.65	7.65	8.93	10.71	10.71
477	7.56	7.56	10.59	10.59	8.83	7.56	7.56	8.83	10.59	10.59
274	7.56	7.56	10.59	10.59	8.83	7.56	7.56	8.83	10.59	10.59
273	7.46	7.46	10.44	10.44	8.70	7.46	7.46	8.70	10.44	10.44
479	7.68	7.68	10.75	10.75	8.96	7.68	7.68	8.96	10.75	10.75
275	7.52	7.52	10.53	10.53	8.77	7.52	7.52	8.77	10.53	10.53
276	7.46	7.46	10.45	10.45	8.71	7.46	7.46	8.71	10.45	10.45
277	7.44	7.44	10.41	10.41	8.68	7.44	7.44	8.68	10.41	10.41
278	7.62	7.62	10.67	10.67	8.89	7.62	7.62	8.89	10.67	10.67
279	7.51	7.51	10.51	10.51	8.76	7.51	7.51	8.76	10.51	10.51
470	7.49	7.49	10.48	10.48	8.73	7.49	7.49	8.73	10.48	10.48
471	7.68	7.68	10.75	10.75	8.96	7.68	7.68	8.96	10.75	10.75
472	7.59	7.59	10.62	10.62	8.85	7.59	7.59	8.85	10.62	10.62
1000	1.80	1.80	2.52	2.52	2.10	1.80	1.80	2.10	2.52	2.52
109	9.69	9.69	13.56	13.56	11.30	9.69	9.69	11.30	13.56	13.56
108	9.63	9.63	13.48	13.48	11.23	9.63	9.63	11.23	13.48	13.48
107	9.79	9.79	13.70	13.70	11.42	9.79	9.79	11.42	13.70	13.70
106	9.91	9.91	13.87	13.87	11.56	9.91	9.91	11.56	13.87	13.87
105	9.64	9.64	13.50	13.50	11.25	9.64	9.64	11.25	13.50	13.50
104	9.81	9.81	13.74	13.74	11.45	9.81	9.81	11.45	13.74	13.74
103	9.80	9.80	13.72	13.72	11.43	9.80	9.80	11.43	13.72	13.72
99	9.54	9.54	13.36	13.36	11.13	9.54	9.54	11.13	13.36	13.36
102	9.77	9.77	13.68	13.68	11.40	9.77	9.77	11.40	13.68	13.68
101	9.78	9.78	13.69	13.69	11.41	9.78	9.78	11.41	13.69	13.69
100	9.61	9.61	13.46	13.46	11.22	9.61	9.61	11.22	13.46	13.46
98	9.86	9.86	13.81	13.81	11.51	9.86	9.86	11.51	13.81	13.81
97	9.64	9.64	13.49	13.49	11.24	9.64	9.64	11.24	13.49	13.49
96	9.69	9.69	13.56	13.56	11.30	9.69	9.69	11.30	13.56	13.56
95	9.76	9.76	13.66	13.66	11.38	9.76	9.76	11.38	13.66	13.66
94	9.49	9.49	13.29	13.29	11.08	9.49	9.49	11.08	13.29	13.29
93	9.69	9.69	13.56	13.56	11.30	9.69	9.69	11.30	13.56	13.56
92	9.82	9.82	13.75	13.75	11.46	9.82	9.82	11.46	13.75	13.75
91	9.55	9.55	13.37	13.37	11.14	9.55	9.55	11.14	13.37	13.37
294	7.59	7.59	10.62	10.62	8.85	7.59	7.59	8.85	10.62	10.62
90	9.79	9.79	13.71	13.71	11.43	9.79	9.79	11.43	13.71	13.71
293	7.52	7.52	10.53	10.53	8.77	7.52	7.52	8.77	10.53	10.53
499	7.59	7.59	10.62	10.62	8.85	7.59	7.59	8.85	10.62	10.62
296	7.61	7.61	10.66	10.66	8.88	7.61	7.61	8.88	10.66	10.66
295	7.56	7.56	10.59	10.59	8.83	7.56	7.56	8.83	10.59	10.59
290	7.60	7.60	10.64	10.64	8.87	7.60	7.60	8.87	10.64	10.64
496	7.49	7.49	10.49	10.49	8.74	7.49	7.49	8.74	10.49	10.49
495	7.61	7.61	10.66	10.66	8.88	7.61	7.61	8.88	10.66	10.66
292	7.64	7.64	10.70	10.70	8.92	7.64	7.64	8.92	10.70	10.70
498	7.47	7.47	10.46	10.46	8.72	7.47	7.47	8.72	10.46	10.46
291	7.45	7.45	10.43	10.43	8.69	7.45	7.45	8.69	10.43	10.43
497	7.53	7.53	10.54	10.54	8.78	7.53	7.53	8.78	10.54	10.54
491	7.63	7.63	10.68	10.68	8.90	7.63	7.63	8.90	10.68	10.68
492	7.55	7.55	10.57	10.57	8.81	7.55	7.55	8.81	10.57	10.57
493	7.56	7.56	10.58	10.58	8.82	7.56	7.56	8.82	10.58	10.58
494	7.56	7.56	10.59	10.59	8.83	7.56	7.56	8.83	10.59	10.59
297	7.51	7.51	10.51	10.51	8.76	7.51	7.51	8.76	10.51	10.51
298	7.44	7.44	10.41	10.41	8.68	7.44	7.44	8.68	10.41	10.41
299	7.47	7.47	10.46	10.46	8.72	7.47	7.47	8.72	10.46	10.46
490	7.64	7.64	10.69	10.69	8.91	7.64	7.64	8.91	10.69	10.69
88	9.44	9.44	13.22	13.22	11.02	9.44	9.44	11.02	13.22	13.22
89	9.85	9.85	13.79	13.79	11.49	9.85	9.85	11.49	13.79	13.79
240	7.56	7.56	10.58	10.58	8.82	7.56	7.56	8.82	10.58	10.58
241	7.51	7.51	10.51	10.51	8.76	7.51	7.51	8.76	10.51	10.51
245	7.56	7.56	10.58	10.58	8.82	7.56	7.56	8.82	10.58	10.58
244	7.44	7.44	10.42	10.42	8.68	7.44	7.44	8.68	10.42	10.42
243	7.59	7.59	10.62	10.62	8.85	7.59	7.59	8.85	10.62	10.62
242	7.54	7.54	10.56	10.56	8.80	7.54	7.54	8.80	10.56	10.56
249	7.59	7.59	10.62	10.62	8.85	7.59	7.59	8.85	10.62	10.62
248	7.59	7.59	10.62	10.62	8.85	7.59	7.59	8.85	10.62	10.62
247	7.70	7.70	10.78	10.78	8.98	7.70	7.70	8.98	10.78	10.78
246	7.59	7.59	10.62	10.62	8.85	7.59	7.59	8.85	10.62	10.62
230	7.44	7.44	10.42	10.42	8.68	7.44	7.44	8.68	10.42	10.42
239	7.51	7.51	10.52	10.52	8.77	7.51	7.51	8.77	10.52	10.52
232	7.49	7.49	10.49	10.49	8.74	7.49	7.49	8.74	10.49	10.49
231	7.49	7.49	10.48	10.48	8.73	7.49	7.49	8.73	10.48	10.48
234	7.63	7.63	10.68	10.68	8.90	7.63	7.63	8.90	10.68	10.68
233	7.48	7.48	10.47	10.47	8.73	7.48	7.48	8.73	10.47	10.47
236	7.51	7.51	10.52	10.52	8.77	7.51	7.51	8.77	10.52	10.52
235	7.64	7.64	10.69	10.69	8.91	7.64	7.64	8.91	10.69	10.69
238	7.59	7.59	10.63	10.63	8.86	7.59	7.59	8.86	10.63	10.63
237	7.79	7.79	10.90	10.90	9.08	7.79	7.79	9.08	10.90	10.90
262	7.49	7.49	10.48	10.48	8.73	7.49	7.49	8.73	10.48	10.48
263	7.44	7.44	10.42	10.42	8.68	7.44	7.44	8.68	10.42	10.42
260	7.64	7.64	10.69	10.69	8.91	7.64	7.64	8.91	10.69	10.69
261	7.59	7.59	10.62	10.62	8.85	7.59	7.59	8.85	10.62	10.62
269	7.54	7.54	10.56	10.56	8.80	7.54	7.54	8.80	10.56	10.56
268	7.50	7.50	10.50	10.50	8.75	7.50	7.50	8.75	10.50	10.50
267	7.60	7.60	10.64	10.64	8.87	7.60	7.60	8.87	10.64	10.64
266	7.56	7.56	10.59	10.59	8.83	7.56	7.56	8.83	10.59	10.59
265	7.58	7.58	10.61	10.61	8.84	7.58	7.58	8.84	10.61	10.61
264	7.64	7.64	10.70	10.70	8.92	7.64	7.64	8.92	10.70	10.70
250	7.60	7.60	10.64	10.64	8.87	7.60	7.60	8.87	10.64	10.64
251	7.56	7.56	10.59	10.59	8.83	7.56	7.56	8.83	10.59	10.59
252	7.54	7.54	10.56	10.56	8.80	7.54	7.54	8.80	10.56	10.56
904	7.65	7.65	10.71	10.71	8.93	7.65	7.65	8.93	10.71	10.71
258	7.64	7.64	10.69	10.69	8.91	7.64	7.64	8.91	10.69	10.69
903	7.54	7.54	10.56	10.56	8.80	7.54	7.54	8.80	10.56	10.56
257	7.58	7.58	10.61	10.61	8.84	7.58	7.58	8.84	10.61	10.61
906	7.71	7.71	10.80	10.80	9.00	7.71	7.71	9.00	10.80	10.80
905	7.57	7.57	10.60	10.60	8.83	7.57	7.57	8.83	10.60	10.60
259	7.59	7.59	10.63	10.63	8.86	7.59	7.59	8.86	10.63	10.63
900	7.94	7.94	11.12	11.12	9.27	7.94	7.94	9.27	11.12	11.12
254	7.69	7.69	10.77	10.77	8.98	7.69	7.69	8.98	10.77	10.77
253	7.49	7.49	10.49	10.49	8.74	7.49	7.49	8.74	10.49	10.49
902	7.59	7.59	10.62	10.62	8.85	7.59	7.59	8.85	10.62	10.62
256	7.66	7.66	10.73	10.73	8.94	7.66	7.66	8.94	10.73	10.73
901	7.81	7.81	10.94	10.94	9.12	7.81	7.81	9.12	10.94	10.94
255	7.64	7.64	10.69	10.69	8.91	7.64	7.64	8.91	10.69	10.69
