338	7.58	10.61	8.84	14.47	7.58
339	7.59	10.63	8.86	14.50	7.59
941	7.73	10.82	9.02	14.75	7.73
942	7.64	10.69	8.91	14.58	7.64
940	7.69	10.77	8.98	14.69	7.69
945	7.67	10.74	8.95	14.65	7.67
332	7.49	10.48	8.73	14.29	7.49
946	7.71	10.80	9.00	14.73	7.71
333	7.50	10.50	8.75	14.32	7.50
943	7.78	10.89	9.08	14.85	7.78
330	7.54	10.56	8.80	14.40	7.54
944	7.59	10.62	8.85	14.48	7.59
331	7.51	10.51	8.76	14.33	7.51
949	7.59	10.62	8.85	14.48	7.59
336	7.62	10.67	8.89	14.55	7.62
337	7.55	10.57	8.81	14.41	7.55
947	7.49	10.48	8.73	14.29	7.49
334	7.54	10.55	8.79	14.39	7.54
948	7.84	10.98	9.15	14.97	7.84
335	7.47	10.46	8.72	14.26	7.47
531	7.57	10.60	8.83	14.45	7.57
748	7.74	10.84	9.03	14.78	7.74
530	7.56	10.58	8.82	14.43	7.56
747	7.65	10.71	8.93	14.60	7.65
746	7.58	10.61	8.84	14.47	7.58
745	7.56	10.59	8.83	14.44	7.56
535	7.51	10.52	8.77	14.35	7.51
534	7.58	10.61	8.84	14.47	7.58
533	7.50	10.50	8.75	14.32	7.50
532	7.64	10.69	8.91	14.58	7.64
749	7.60	10.64	8.87	14.51	7.60
539	7.55	10.57	8.81	14.41	7.55
740	7.59	10.62	8.85	14.48	7.59
538	7.46	10.44	8.70	14.24	7.46
537	7.55	10.57	8.81	14.41	7.55
536	7.54	10.55	8.79	14.39	7.54
744	7.52	10.53	8.77	14.36	7.52
743	7.64	10.69	8.91	14.58	7.64
742	7.71	10.80	9.00	14.73	7.71
741	7.46	10.45	8.71	14.25	7.46
349	7.60	10.64	8.87	14.51	7.60
930	7.61	10.66	8.88	14.54	7.61
931	7.76	10.86	9.05	14.81	7.76
932	7.74	10.84	9.03	14.78	7.74
341	7.61	10.66	8.88	14.54	7.61
933	7.82	10.95	9.13	14.93	7.82
342	7.46	10.44	8.70	14.24	7.46
934	7.66	10.73	8.94	14.63	7.66
343	7.59	10.62	8.85	14.48	7.59
935	7.69	10.76	8.97	14.67	7.69
344	7.66	10.72	8.93	14.62	7.66
936	7.82	10.95	9.13	14.93	7.82
345	7.73	10.82	9.02	14.75	7.73
937	7.71	10.80	9.00	14.73	7.71
346	7.52	10.53	8.77	14.36	7.52
938	7.64	10.69	8.91	14.58	7.64
347	7.65	10.71	8.93	14.60	7.65
939	7.67	10.74	8.95	14.65	7.67
348	7.48	10.47	8.73	14.28	7.48
3	9.59	13.42	11.18	18.30	9.59
540	7.61	10.66	8.88	14.54	7.61
735	7.62	10.67	8.89	14.55	7.62
929	7.76	10.86	9.05	14.81	7.76
2	9.41	13.18	10.98	17.97	9.41
734	7.60	10.64	8.87	14.51	7.60
1	9.58	13.41	11.18	18.29	9.58
542	7.54	10.55	8.79	14.39	7.54
737	7.64	10.70	8.92	14.59	7.64
0	0.00	0.00	0.00	0.00	0.00
541	7.55	10.57	8.81	14.41	7.55
736	7.57	10.60	8.83	14.45	7.57
7	9.45	13.23	11.03	18.04	9.45
544	7.59	10.62	8.85	14.48	7.59
739	7.58	10.61	8.84	14.47	7.58
6	9.66	13.52	11.27	18.44	9.66
543	7.70	10.78	8.98	14.70	7.70
738	7.65	10.71	8.93	14.60	7.65
340	7.54	10.55	8.79	14.39	7.54
5	9.94	13.92	11.60	18.98	9.94
546	7.64	10.69	8.91	14.58	7.64
4	9.78	13.69	11.41	18.67	9.78
545	7.57	10.60	8.83	14.45	7.57
548	7.63	10.68	8.90	14.56	7.63
547	7.55	10.57	8.81	14.41	7.55
9	9.75	13.65	11.38	18.61	9.75
8	9.41	13.17	10.98	17.96	9.41
549	7.56	10.59	8.83	14.44	7.56
731	7.66	10.72	8.93	14.62	7.66
730	7.61	10.66	8.88	14.54	7.61
733	7.69	10.77	8.98	14.69	7.69
732	7.62	10.67	8.89	14.55	7.62
920	7.59	10.63	8.86	14.50	7.59
318	7.49	10.49	8.74	14.30	7.49
319	7.40	10.36	8.63	14.13	7.40
316	7.69	10.76	8.97	14.67	7.69
317	7.60	10.64	8.87	14.51	7.60
927	7.78	10.89	9.08	14.85	7.78
314	7.56	10.59	8.83	14.44	7.56
928	7.88	11.03	9.19	15.04	7.88
315	7.69	10.76	8.97	14.67	7.69
925	7.74	10.83	9.03	14.77	7.74
312	7.60	10.64	8.87	14.51	7.60
926	7.69	10.76	8.97	14.67	7.69
313	7.40	10.36	8.63	14.13	7.40
923	7.60	10.64	8.87	14.51	7.60
310	7.50	10.50	8.75	14.32	7.50
924	7.71	10.80	9.00	14.73	7.71
311	7.60	10.64	8.87	14.51	7.60
921	7.67	10.74	8.95	14.65	7.67
922	7.79	10.90	9.08	14.86	7.79
513	7.48	10.47	8.73	14.28	7.48
512	7.55	10.57	8.81	14.41	7.55
729	7.66	10.72	8.93	14.62	7.66
511	7.62	10.67	8.89	14.55	7.62
728	7.51	10.51	8.76	14.33	7.51
510	7.45	10.43	8.69	14.22	7.45
727	7.51	10.52	8.77	14.35	7.51
726	7.59	10.62	8.85	14.48	7.59
725	7.54	10.55	8.79	14.39	7.54
919	7.66	10.73	8.94	14.63	7.66
724	7.52	10.53	8.77	14.36	7.52
918	7.80	10.92	9.10	14.89	7.80
723	7.56	10.58	8.82	14.43	7.56
722	7.52	10.53	8.77	14.36	7.52
721	7.54	10.56	8.80	14.40	7.54
519	7.51	10.52	8.77	14.35	7.51
720	7.58	10.61	8.84	14.47	7.58
518	7.54	10.55	8.79	14.39	7.54
517	7.59	10.62	8.85	14.48	7.59
516	7.53	10.54	8.78	14.37	7.53
515	7.65	10.71	8.93	14.60	7.65
514	7.61	10.66	8.88	14.54	7.61
327	7.68	10.75	8.96	14.66	7.68
328	7.66	10.72	8.93	14.62	7.66
329	7.49	10.48	8.73	14.29	7.49
914	7.62	10.67	8.89	14.55	7.62
323	7.46	10.44	8.70	14.24	7.46
915	7.45	10.43	8.69	14.22	7.45
324	7.56	10.59	8.83	14.44	7.56
916	8.01	11.21	9.34	15.29	8.01
325	7.56	10.59	8.83	14.44	7.56
917	7.63	10.68	8.90	14.56	7.63
326	7.54	10.56	8.80	14.40	7.54
910	7.79	10.90	9.08	14.86	7.79
709	7.57	10.60	8.83	14.45	7.57
911	7.62	10.67	8.89	14.55	7.62
320	7.56	10.59	8.83	14.44	7.56
912	7.72	10.81	9.01	14.74	7.72
321	7.66	10.72	8.93	14.62	7.66
913	7.84	10.98	9.15	14.97	7.84
322	7.55	10.57	8.81	14.41	7.55
522	7.61	10.66	8.88	14.54	7.61
717	7.48	10.47	8.73	14.28	7.48
521	7.60	10.64	8.87	14.51	7.60
716	7.43	10.40	8.67	14.18	7.43
524	7.56	10.59	8.83	14.44	7.56
719	7.59	10.62	8.85	14.48	7.59
523	7.59	10.62	8.85	14.48	7.59
718	7.52	10.53	8.77	14.36	7.52
908	7.64	10.69	8.91	14.58	7.64
713	7.53	10.54	8.78	14.37	7.53
907	7.76	10.87	9.06	14.82	7.76
712	7.58	10.61	8.84	14.47	7.58
520	7.56	10.58	8.82	14.43	7.56
715	7.73	10.82	9.02	14.75	7.73
909	7.56	10.59	8.83	14.44	7.56
714	7.54	10.56	8.80	14.40	7.54
529	7.61	10.65	8.88	14.52	7.61
711	7.51	10.52	8.77	14.35	7.51
710	7.68	10.75	8.96	14.66	7.68
526	7.56	10.58	8.82	14.43	7.56
525	7.51	10.52	8.77	14.35	7.51
528	7.62	10.67	8.89	14.55	7.62
527	7.56	10.58	8.82	14.43	7.56
989	7.78	10.89	9.08	14.85	7.78
988	7.50	10.50	8.75	14.32	7.50
987	7.83	10.96	9.13	14.95	7.83
571	7.55	10.57	8.81	14.41	7.55
570	7.55	10.57	8.81	14.41	7.55
982	7.63	10.68	8.90	14.56	7.63
981	7.73	10.82	9.02	14.75	7.73
980	7.73	10.82	9.02	14.75	7.73
986	7.78	10.89	9.08	14.85	7.78
985	7.78	10.89	9.08	14.85	7.78
984	7.74	10.83	9.03	14.77	7.74
983	7.49	10.49	8.74	14.30	7.49
700	7.56	10.59	8.83	14.44	7.56
574	7.54	10.56	8.80	14.40	7.54
703	7.54	10.56	8.80	14.40	7.54
575	7.55	10.57	8.81	14.41	7.55
704	7.59	10.62	8.85	14.48	7.59
572	7.61	10.65	8.88	14.52	7.61
701	7.54	10.55	8.79	14.39	7.54
573	7.60	10.64	8.87	14.51	7.60
702	7.58	10.61	8.84	14.47	7.58
578	7.51	10.51	8.76	14.33	7.51
707	7.56	10.59	8.83	14.44	7.56
579	7.60	10.64	8.87	14.51	7.60
708	7.66	10.73	8.94	14.63	7.66
576	7.65	10.71	8.93	14.60	7.65
705	7.52	10.53	8.77	14.36	7.52
577	7.68	10.75	8.96	14.66	7.68
706	7.59	10.62	8.85	14.48	7.59
977	7.73	10.82	9.02	14.75	7.73
976	7.44	10.42	8.68	14.21	7.44
979	7.73	10.82	9.02	14.75	7.73
300	7.57	10.60	8.83	14.45	7.57
978	7.54	10.56	8.80	14.40	7.54
302	7.53	10.54	8.78	14.37	7.53
580	7.61	10.66	8.88	14.54	7.61
301	7.53	10.54	8.78	14.37	7.53
304	7.60	10.64	8.87	14.51	7.60
582	7.61	10.66	8.88	14.54	7.61
303	7.56	10.59	8.83	14.44	7.56
581	7.65	10.71	8.93	14.60	7.65
306	7.64	10.70	8.92	14.59	7.64
305	7.48	10.47	8.73	14.28	7.48
971	7.75	10.85	9.04	14.80	7.75
308	7.48	10.47	8.73	14.28	7.48
970	7.81	10.93	9.11	14.90	7.81
307	7.54	10.55	8.79	14.39	7.54
973	7.31	10.23	8.53	13.95	7.31
972	7.74	10.83	9.03	14.77	7.74
309	7.69	10.76	8.97	14.67	7.69
975	7.56	10.59	8.83	14.44	7.56
974	7.84	10.97	9.14	14.96	7.84
583	7.41	10.37	8.64	14.14	7.41
584	7.73	10.82	9.02	14.75	7.73
585	7.62	10.67	8.89	14.55	7.62
586	7.57	10.60	8.83	14.45	7.57
587	7.56	10.59	8.83	14.44	7.56
588	7.65	10.71	8.93	14.60	7.65
589	7.43	10.40	8.67	14.18	7.43
969	7.79	10.90	9.08	14.86	7.79
968	7.77	10.88	9.07	14.84	7.77
967	7.66	10.73	8.94	14.63	7.66
966	7.78	10.89	9.08	14.85	7.78
965	7.61	10.65	8.88	14.52	7.61
964	7.79	10.90	9.08	14.86	7.79
963	7.51	10.52	8.77	14.35	7.51
962	7.71	10.79	8.99	14.71	7.71
961	7.69	10.77	8.98	14.69	7.69
960	7.74	10.84	9.03	14.78	7.74
558	7.56	10.59	8.83	14.44	7.56
559	7.68	10.75	8.96	14.66	7.68
556	7.56	10.58	8.82	14.43	7.56
557	7.46	10.44	8.70	14.24	7.46
554	7.57	10.60	8.83	14.45	7.57
555	7.49	10.49	8.74	14.30	7.49
552	7.64	10.70	8.92	14.59	7.64
553	7.55	10.57	8.81	14.41	7.55
550	7.59	10.62	8.85	14.48	7.59
551	7.62	10.67	8.89	14.55	7.62
959	7.71	10.79	8.99	14.71	7.71
958	7.65	10.71	8.93	14.60	7.65
560	7.59	10.62	8.85	14.48	7.59
955	7.58	10.61	8.84	14.47	7.58
954	7.49	10.48	8.73	14.29	7.49
957	7.80	10.92	9.10	14.89	7.80
956	7.89	11.05	9.21	15.07	7.89
951	7.64	10.69	8.91	14.58	7.64
950	7.75	10.85	9.04	14.80	7.75
953	7.86	11.00	9.17	15.00	7.86
952	7.66	10.73	8.94	14.63	7.66
569	7.65	10.71	8.93	14.60	7.65
565	7.47	10.46	8.72	14.26	7.47
566	7.61	10.65	8.88	14.52	7.61
567	7.50	10.50	8.75	14.32	7.50
568	7.65	10.71	8.93	14.60	7.65
561	7.44	10.41	8.68	14.20	7.44
562	7.50	10.50	8.75	14.32	7.50
563	7.67	10.74	8.95	14.65	7.67
564	7.65	10.71	8.93	14.60	7.65
799	7.60	10.64	8.87	14.51	7.60
798	7.44	10.42	8.68	14.21	7.44
797	7.52	10.53	8.77	14.36	7.52
796	7.63	10.68	8.90	14.56	7.63
795	7.51	10.51	8.76	14.33	7.51
794	7.54	10.55	8.79	14.39	7.54
793	7.53	10.54	8.78	14.37	7.53
792	7.63	10.68	8.90	14.56	7.63
996	7.54	10.56	8.80	14.40	7.54
790	7.47	10.46	8.72	14.26	7.47
997	47.08	65.91	54.93	89.88	47.08
791	7.59	10.62	8.85	14.48	7.59
994	7.65	10.71	8.93	14.60	7.65
995	7.64	10.69	8.91	14.58	7.64
992	7.53	10.54	8.78	14.37	7.53
993	7.64	10.70	8.92	14.59	7.64
990	7.62	10.67	8.89	14.55	7.62
991	7.68	10.75	8.96	14.66	7.68
998	71.09	99.53	82.94	135.72	71.09
999	15.89	22.25	18.54	30.34	15.89
781	7.59	10.63	8.86	14.50	7.59
782	7.63	10.68	8.90	14.56	7.63
783	7.52	10.53	8.77	14.36	7.52
784	7.61	10.65	8.88	14.52	7.61
785	7.53	10.54	8.78	14.37	7.53
786	7.36	10.30	8.58	14.05	7.36
787	7.54	10.56	8.80	14.40	7.54
788	7.52	10.53	8.77	14.36	7.52
789	7.52	10.53	8.77	14.36	7.52
780	7.49	10.48	8.73	14.29	7.49
772	7.61	10.66	8.88	14.54	7.61
505	7.58	10.61	8.84	14.47	7.58
773	7.48	10.47	8.73	14.28	7.48
506	7.59	10.62	8.85	14.48	7.59
770	7.50	10.50	8.75	14.32	7.50
503	7.56	10.59	8.83	14.44	7.56
771	7.51	10.51	8.76	14.33	7.51
504	7.63	10.68	8.90	14.56	7.63
776	7.64	10.70	8.92	14.59	7.64
509	7.71	10.80	9.00	14.73	7.71
777	7.59	10.62	8.85	14.48	7.59
774	7.53	10.54	8.78	14.37	7.53
507	7.59	10.63	8.86	14.50	7.59
775	7.55	10.57	8.81	14.41	7.55
508	7.58	10.61	8.84	14.47	7.58
778	7.61	10.66	8.88	14.54	7.61
779	7.39	10.35	8.63	14.11	7.39
501	7.44	10.42	8.68	14.21	7.44
502	7.57	10.60	8.83	14.45	7.57
500	7.51	10.52	8.77	14.35	7.51
763	7.46	10.45	8.71	14.25	7.46
764	7.49	10.49	8.74	14.30	7.49
765	7.66	10.73	8.94	14.63	7.66
766	7.50	10.50	8.75	14.32	7.50
760	7.54	10.55	8.79	14.39	7.54
761	7.59	10.62	8.85	14.48	7.59
762	7.56	10.58	8.82	14.43	7.56
767	7.74	10.83	9.03	14.77	7.74
768	7.55	10.57	8.81	14.41	7.55
769	7.64	10.69	8.91	14.58	7.64
754	7.58	10.61	8.84	14.47	7.58
755	7.56	10.58	8.82	14.43	7.56
752	7.61	10.66	8.88	14.54	7.61
753	7.69	10.77	8.98	14.69	7.69
750	7.60	10.64	8.87	14.51	7.60
751	7.54	10.56	8.80	14.40	7.54
758	7.41	10.38	8.65	14.15	7.41
759	7.44	10.42	8.68	14.21	7.44
756	7.64	10.69	8.91	14.58	7.64
757	7.52	10.53	8.77	14.36	7.52
595	7.52	10.53	8.77	14.36	7.52
594	7.56	10.59	8.83	14.44	7.56
391	7.57	10.60	8.83	14.45	7.57
597	7.50	10.50	8.75	14.32	7.50
390	7.51	10.51	8.76	14.33	7.51
596	7.59	10.62	8.85	14.48	7.59
393	7.41	10.38	8.65	14.15	7.41
599	7.48	10.47	8.73	14.28	7.48
392	7.53	10.54	8.78	14.37	7.53
598	7.56	10.58	8.82	14.43	7.56
395	7.59	10.62	8.85	14.48	7.59
394	7.69	10.76	8.97	14.67	7.69
396	7.51	10.52	8.77	14.35	7.51
397	7.49	10.48	8.73	14.29	7.49
398	7.59	10.62	8.85	14.48	7.59
399	7.58	10.61	8.84	14.47	7.58
590	7.48	10.47	8.73	14.28	7.48
591	7.60	10.64	8.87	14.51	7.60
592	7.50	10.50	8.75	14.32	7.50
593	7.59	10.63	8.86	14.50	7.59
383	7.46	10.44	8.70	14.24	7.46
384	7.59	10.62	8.85	14.48	7.59
381	7.50	10.50	8.75	14.32	7.50
382	7.45	10.43	8.69	14.22	7.45
380	7.52	10.53	8.77	14.36	7.52
389	7.66	10.73	8.94	14.63	7.66
388	7.69	10.77	8.98	14.69	7.69
387	7.51	10.52	8.77	14.35	7.51
386	7.53	10.54	8.78	14.37	7.53
385	7.57	10.60	8.83	14.45	7.57
370	7.47	10.46	8.72	14.26	7.47
371	7.56	10.58	8.82	14.43	7.56
372	7.61	10.66	8.88	14.54	7.61
373	7.54	10.55	8.79	14.39	7.54
379	7.51	10.51	8.76	14.33	7.51
378	7.70	10.78	8.98	14.70	7.70
375	7.62	10.67	8.89	14.55	7.62
374	7.52	10.53	8.77	14.36	7.52
377	7.59	10.63	8.86	14.50	7.59
376	7.49	10.48	8.73	14.29	7.49
361	7.55	10.57	8.81	14.41	7.55
362	7.53	10.54	8.78	14.37	7.53
360	7.48	10.47	8.73	14.28	7.48
366	7.51	10.51	8.76	14.33	7.51
365	7.45	10.43	8.69	14.22	7.45
364	7.44	10.41	8.68	14.20	7.44
363	7.51	10.51	8.76	14.33	7.51
369	7.59	10.62	8.85	14.48	7.59
368	7.56	10.58	8.82	14.43	7.56
367	7.70	10.78	8.98	14.70	7.70
350	7.57	10.60	8.83	14.45	7.57
351	7.45	10.43	8.69	14.22	7.45
353	7.55	10.57	8.81	14.41	7.55
352	7.58	10.61	8.84	14.47	7.58
355	7.56	10.58	8.82	14.43	7.56
354	7.58	10.61	8.84	14.47	7.58
357	7.50	10.50	8.75	14.32	7.50
356	7.54	10.55	8.79	14.39	7.54
359	7.50	10.50	8.75	14.32	7.50
358	7.54	10.55	8.79	14.39	7.54
806	7.61	10.66	8.88	14.54	7.61
807	7.68	10.75	8.96	14.66	7.68
804	7.66	10.73	8.94	14.63	7.66
805	7.49	10.48	8.73	14.29	7.49
802	7.57	10.60	8.83	14.45	7.57
803	7.67	10.74	8.95	14.65	7.67
800	7.49	10.48	8.73	14.29	7.49
801	7.45	10.43	8.69	14.22	7.45
159	9.87	13.82	11.52	18.85	9.87
158	9.35	13.09	10.91	17.85	9.35
157	9.68	13.55	11.29	18.48	9.68
156	9.61	13.46	11.22	18.35	9.61
155	9.61	13.45	11.21	18.34	9.61
154	9.98	13.97	11.64	19.05	9.98
152	9.74	13.64	11.37	18.60	9.74
601	7.44	10.41	8.68	14.20	7.44
153	9.88	13.83	11.53	18.86	9.88
600	7.60	10.64	8.87	14.51	7.60
150	9.63	13.48	11.23	18.38	9.63
151	10.16	14.22	11.85	19.39	10.16
609	7.57	10.60	8.83	14.45	7.57
608	7.49	10.49	8.74	14.30	7.49
607	7.53	10.54	8.78	14.37	7.53
606	7.59	10.63	8.86	14.50	7.59
605	7.49	10.49	8.74	14.30	7.49
604	7.54	10.56	8.80	14.40	7.54
603	7.49	10.48	8.73	14.29	7.49
602	7.56	10.59	8.83	14.44	7.56
202	7.54	10.55	8.79	14.39	7.54
203	7.67	10.74	8.95	14.65	7.67
204	7.54	10.55	8.79	14.39	7.54
205	7.70	10.78	8.98	14.70	7.70
200	7.56	10.59	8.83	14.44	7.56
201	7.66	10.72	8.93	14.62	7.66
169	7.63	10.68	8.90	14.56	7.63
206	7.55	10.57	8.81	14.41	7.55
166	9.48	13.27	11.06	18.10	9.48
207	7.60	10.64	8.87	14.51	7.60
165	9.73	13.62	11.35	18.57	9.73
208	7.59	10.62	8.85	14.48	7.59
168	7.53	10.54	8.78	14.37	7.53
209	7.60	10.64	8.87	14.51	7.60
167	7.57	10.60	8.83	14.45	7.57
161	9.71	13.59	11.33	18.53	9.71
409	7.57	10.60	8.83	14.45	7.57
162	9.59	13.42	11.18	18.30	9.59
408	7.46	10.45	8.71	14.25	7.46
163	9.81	13.73	11.44	18.72	9.81
164	9.60	13.44	11.20	18.33	9.60
405	7.43	10.40	8.67	14.18	7.43
404	7.61	10.66	8.88	14.54	7.61
407	7.54	10.56	8.80	14.40	7.54
160	9.71	13.59	11.33	18.53	9.71
406	7.56	10.59	8.83	14.44	7.56
401	7.50	10.50	8.75	14.32	7.50
400	7.61	10.66	8.88	14.54	7.61
403	7.61	10.66	8.88	14.54	7.61
402	7.61	10.66	8.88	14.54	7.61
824	7.59	10.62	8.85	14.48	7.59
211	7.54	10.55	8.79	14.39	7.54
825	7.50	10.50	8.75	14.32	7.50
212	7.66	10.73	8.94	14.63	7.66
822	7.52	10.53	8.77	14.36	7.52
823	7.55	10.57	8.81	14.41	7.55
210	7.47	10.46	8.72	14.26	7.47
828	7.58	10.61	8.84	14.47	7.58
215	7.61	10.66	8.88	14.54	7.61
829	37.83	52.96	44.13	72.22	37.83
216	7.72	10.81	9.01	14.74	7.72
826	7.57	10.60	8.83	14.45	7.57
213	7.41	10.37	8.64	14.14	7.41
827	7.54	10.56	8.80	14.40	7.54
214	7.65	10.71	8.93	14.60	7.65
219	7.53	10.54	8.78	14.37	7.53
179	7.46	10.45	8.71	14.25	7.46
178	7.57	10.60	8.83	14.45	7.57
217	7.57	10.60	8.83	14.45	7.57
177	7.51	10.51	8.76	14.33	7.51
218	7.61	10.66	8.88	14.54	7.61
176	7.54	10.55	8.79	14.39	7.54
820	7.62	10.67	8.89	14.55	7.62
821	7.59	10.63	8.86	14.50	7.59
170	7.55	10.57	8.81	14.41	7.55
418	7.44	10.41	8.68	14.20	7.44
171	7.58	10.61	8.84	14.47	7.58
417	7.60	10.64	8.87	14.51	7.60
416	7.65	10.71	8.93	14.60	7.65
415	7.54	10.55	8.79	14.39	7.54
174	7.69	10.76	8.97	14.67	7.69
623	7.62	10.67	8.89	14.55	7.62
175	7.59	10.62	8.85	14.48	7.59
622	7.47	10.46	8.72	14.26	7.47
172	7.46	10.45	8.71	14.25	7.46
621	7.59	10.62	8.85	14.48	7.59
173	7.68	10.75	8.96	14.66	7.68
419	7.56	10.58	8.82	14.43	7.56
620	7.56	10.59	8.83	14.44	7.56
410	7.71	10.80	9.00	14.73	7.71
627	7.56	10.58	8.82	14.43	7.56
626	7.60	10.64	8.87	14.51	7.60
625	7.64	10.70	8.92	14.59	7.64
819	7.41	10.37	8.64	14.14	7.41
624	7.61	10.65	8.88	14.52	7.61
414	7.64	10.70	8.92	14.59	7.64
413	7.56	10.59	8.83	14.44	7.56
412	7.56	10.58	8.82	14.43	7.56
629	7.61	10.65	8.88	14.52	7.61
411	7.62	10.67	8.89	14.55	7.62
628	7.54	10.55	8.79	14.39	7.54
811	7.65	10.71	8.93	14.60	7.65
220	7.59	10.62	8.85	14.48	7.59
812	7.55	10.57	8.81	14.41	7.55
221	7.61	10.65	8.88	14.52	7.61
813	7.59	10.62	8.85	14.48	7.59
222	7.75	10.85	9.04	14.80	7.75
814	7.68	10.75	8.96	14.66	7.68
223	7.52	10.53	8.77	14.36	7.52
815	7.57	10.60	8.83	14.45	7.57
224	7.57	10.60	8.83	14.45	7.57
816	7.52	10.53	8.77	14.36	7.52
225	7.63	10.68	8.90	14.56	7.63
817	7.52	10.53	8.77	14.36	7.52
226	7.57	10.60	8.83	14.45	7.57
818	7.54	10.55	8.79	14.39	7.54
227	7.41	10.38	8.65	14.15	7.41
228	7.51	10.52	8.77	14.35	7.51
188	7.66	10.72	8.93	14.62	7.66
229	7.54	10.56	8.80	14.40	7.54
187	7.54	10.56	8.80	14.40	7.54
189	7.68	10.75	8.96	14.66	7.68
810	7.64	10.70	8.92	14.59	7.64
427	7.67	10.74	8.95	14.65	7.67
180	7.60	10.64	8.87	14.51	7.60
426	7.59	10.63	8.86	14.50	7.59
181	7.64	10.70	8.92	14.59	7.64
429	7.66	10.72	8.93	14.62	7.66
182	7.69	10.77	8.98	14.69	7.69
428	7.64	10.70	8.92	14.59	7.64
183	7.67	10.74	8.95	14.65	7.67
610	7.51	10.52	8.77	14.35	7.51
184	7.51	10.52	8.77	14.35	7.51
185	7.64	10.70	8.92	14.59	7.64
612	7.60	10.64	8.87	14.51	7.60
186	7.48	10.47	8.73	14.28	7.48
611	7.55	10.57	8.81	14.41	7.55
809	7.44	10.42	8.68	14.21	7.44
614	7.63	10.68	8.90	14.56	7.63
808	7.49	10.48	8.73	14.29	7.49
613	7.57	10.60	8.83	14.45	7.57
421	7.60	10.64	8.87	14.51	7.60
616	7.64	10.70	8.92	14.59	7.64
420	7.49	10.48	8.73	14.29	7.49
615	7.61	10.66	8.88	14.54	7.61
423	7.52	10.53	8.77	14.36	7.52
618	7.46	10.45	8.71	14.25	7.46
422	7.51	10.52	8.77	14.35	7.51
617	7.54	10.55	8.79	14.39	7.54
425	7.60	10.64	8.87	14.51	7.60
424	7.66	10.72	8.93	14.62	7.66
619	7.55	10.57	8.81	14.41	7.55
843	7.51	10.51	8.76	14.33	7.51
116	9.83	13.76	11.47	18.76	9.83
842	7.71	10.80	9.00	14.73	7.71
117	9.87	13.82	11.52	18.85	9.87
841	7.76	10.86	9.05	14.81	7.76
114	9.54	13.36	11.13	18.22	9.54
840	7.66	10.73	8.94	14.63	7.66
115	9.51	13.31	11.09	18.15	9.51
112	9.96	13.95	11.63	19.02	9.96
113	9.81	13.74	11.45	18.74	9.81
110	10.16	14.23	11.86	19.40	10.16
111	9.74	13.63	11.36	18.59	9.74
849	7.58	10.61	8.84	14.47	7.58
848	7.47	10.46	8.72	14.26	7.47
847	7.94	11.12	9.27	15.16	7.94
846	7.71	10.79	8.99	14.71	7.71
845	7.74	10.84	9.03	14.78	7.74
118	9.56	13.38	11.15	18.25	9.56
844	7.62	10.67	8.89	14.55	7.62
119	9.50	13.30	11.08	18.14	9.50
435	7.51	10.52	8.77	14.35	7.51
436	7.45	10.43	8.69	14.22	7.45
433	7.40	10.36	8.63	14.13	7.40
434	7.50	10.50	8.75	14.32	7.50
431	7.66	10.73	8.94	14.63	7.66
432	7.63	10.68	8.90	14.56	7.63
430	7.49	10.48	8.73	14.29	7.49
439	7.53	10.54	8.78	14.37	7.53
437	7.53	10.54	8.78	14.37	7.53
438	7.57	10.60	8.83	14.45	7.57
830	63.66	89.12	74.27	121.53	63.66
125	9.75	13.65	11.38	18.61	9.75
126	9.63	13.48	11.23	18.38	9.63
832	7.56	10.59	8.83	14.44	7.56
127	9.72	13.61	11.34	18.56	9.72
831	7.52	10.53	8.77	14.36	7.52
128	9.82	13.75	11.46	18.75	9.82
121	9.66	13.53	11.28	18.45	9.66
122	9.43	13.20	11.00	18.00	9.43
123	9.53	13.34	11.12	18.19	9.53
124	9.51	13.31	11.09	18.15	9.51
838	7.62	10.67	8.89	14.55	7.62
837	7.48	10.47	8.73	14.28	7.48
839	7.54	10.56	8.80	14.40	7.54
834	7.56	10.58	8.82	14.43	7.56
129	9.40	13.16	10.97	17.95	9.40
833	7.52	10.53	8.77	14.36	7.52
836	7.65	10.71	8.93	14.60	7.65
835	7.69	10.77	8.98	14.69	7.69
444	7.66	10.73	8.94	14.63	7.66
445	7.63	10.68	8.90	14.56	7.63
446	7.56	10.59	8.83	14.44	7.56
447	7.65	10.71	8.93	14.60	7.65
440	7.63	10.68	8.90	14.56	7.63
441	7.67	10.74	8.95	14.65	7.67
442	7.63	10.68	8.90	14.56	7.63
443	7.57	10.60	8.83	14.45	7.57
120	9.65	13.51	11.26	18.42	9.65
448	7.62	10.67	8.89	14.55	7.62
449	7.50	10.50	8.75	14.32	7.50
861	7.71	10.80	9.00	14.73	7.71
134	9.66	13.52	11.27	18.44	9.66
860	7.73	10.82	9.02	14.75	7.73
135	9.86	13.80	11.50	18.82	9.86
132	9.64	13.49	11.24	18.40	9.64
133	9.77	13.68	11.40	18.65	9.77
865	7.74	10.83	9.03	14.77	7.74
138	9.71	13.59	11.33	18.53	9.71
864	7.66	10.73	8.94	14.63	7.66
139	9.64	13.50	11.25	18.41	9.64
863	7.46	10.45	8.71	14.25	7.46
136	9.52	13.33	11.11	18.18	9.52
862	7.55	10.57	8.81	14.41	7.55
137	9.61	13.46	11.22	18.35	9.61
869	7.59	10.62	8.85	14.48	7.59
868	7.84	10.97	9.14	14.96	7.84
867	7.66	10.72	8.93	14.62	7.66
866	7.51	10.52	8.77	14.35	7.51
450	7.49	10.48	8.73	14.29	7.49
453	7.48	10.47	8.73	14.28	7.48
454	7.54	10.55	8.79	14.39	7.54
451	7.52	10.53	8.77	14.36	7.52
452	7.62	10.67	8.89	14.55	7.62
457	7.64	10.69	8.91	14.58	7.64
458	7.57	10.60	8.83	14.45	7.57
455	7.57	10.60	8.83	14.45	7.57
456	7.58	10.61	8.84	14.47	7.58
459	7.54	10.55	8.79	14.39	7.54
131	9.65	13.51	11.26	18.42	9.65
130	9.62	13.47	11.23	18.37	9.62
143	9.41	13.18	10.98	17.97	9.41
144	9.54	13.35	11.13	18.20	9.54
850	7.54	10.56	8.80	14.40	7.54
145	10.00	14.00	11.67	19.09	10.00
146	9.84	13.78	11.48	18.79	9.84
852	7.44	10.41	8.68	14.20	7.44
147	9.66	13.52	11.27	18.44	9.66
851	7.77	10.88	9.07	14.84	7.77
148	9.90	13.86	11.55	18.90	9.90
854	7.71	10.80	9.00	14.73	7.71
149	9.59	13.43	11.19	18.31	9.59
853	7.79	10.90	9.08	14.86	7.79
856	7.84	10.97	9.14	14.96	7.84
855	7.48	10.47	8.73	14.28	7.48
858	7.41	10.37	8.64	14.14	7.41
857	7.76	10.87	9.06	14.82	7.76
859	7.54	10.55	8.79	14.39	7.54
461	7.54	10.55	8.79	14.39	7.54
460	7.62	10.67	8.89	14.55	7.62
462	7.63	10.68	8.90	14.56	7.63
463	7.45	10.43	8.69	14.22	7.45
464	7.52	10.53	8.77	14.36	7.52
465	7.59	10.63	8.86	14.50	7.59
466	7.59	10.62	8.85	14.48	7.59
467	7.54	10.55	8.79	14.39	7.54
468	7.62	10.67	8.89	14.55	7.62
469	7.56	10.59	8.83	14.44	7.56
140	9.66	13.53	11.28	18.45	9.66
142	9.61	13.46	11.22	18.35	9.61
141	9.70	13.58	11.32	18.52	9.70
687	7.49	10.49	8.74	14.30	7.49
686	7.50	10.50	8.75	14.32	7.50
689	7.51	10.51	8.76	14.33	7.51
688	7.49	10.48	8.73	14.29	7.49
683	7.43	10.40	8.67	14.18	7.43
682	7.62	10.67	8.89	14.55	7.62
685	7.65	10.71	8.93	14.60	7.65
684	7.43	10.40	8.67	14.18	7.43
888	7.63	10.68	8.90	14.56	7.63
889	7.59	10.62	8.85	14.48	7.59
884	7.64	10.70	8.92	14.59	7.64
885	7.79	10.90	9.08	14.86	7.79
886	7.89	11.05	9.21	15.07	7.89
680	7.56	10.58	8.82	14.43	7.56
887	7.69	10.76	8.97	14.67	7.69
681	7.58	10.61	8.84	14.47	7.58
880	7.62	10.67	8.89	14.55	7.62
881	7.65	10.71	8.93	14.60	7.65
882	7.69	10.76	8.97	14.67	7.69
883	7.53	10.54	8.78	14.37	7.53
678	7.55	10.57	8.81	14.41	7.55
677	7.53	10.54	8.78	14.37	7.53
676	7.54	10.55	8.79	14.39	7.54
675	7.50	10.50	8.75	14.32	7.50
674	7.40	10.36	8.63	14.13	7.40
673	7.41	10.38	8.65	14.15	7.41
672	7.43	10.40	8.67	14.18	7.43
671	7.46	10.45	8.71	14.25	7.46
679	7.57	10.60	8.83	14.45	7.57
879	7.66	10.72	8.93	14.62	7.66
877	7.66	10.73	8.94	14.63	7.66
878	7.64	10.69	8.91	14.58	7.64
875	7.84	10.98	9.15	14.97	7.84
876	7.66	10.72	8.93	14.62	7.66
670	7.66	10.73	8.94	14.63	7.66
873	7.46	10.45	8.71	14.25	7.46
874	7.59	10.63	8.86	14.50	7.59
871	7.79	10.90	9.08	14.86	7.79
872	7.55	10.57	8.81	14.41	7.55
870	7.71	10.79	8.99	14.71	7.71
696	7.62	10.67	8.89	14.55	7.62
695	7.71	10.80	9.00	14.73	7.71
694	7.59	10.63	8.86	14.50	7.59
693	7.52	10.53	8.77	14.36	7.52
890	7.35	10.29	8.58	14.03	7.35
699	7.69	10.77	8.98	14.69	7.69
698	7.49	10.48	8.73	14.29	7.49
697	7.51	10.51	8.76	14.33	7.51
899	7.58	10.61	8.84	14.47	7.58
893	7.76	10.87	9.06	14.82	7.76
894	7.57	10.60	8.83	14.45	7.57
891	7.59	10.63	8.86	14.50	7.59
892	7.54	10.55	8.79	14.39	7.54
897	7.81	10.93	9.11	14.90	7.81
691	7.68	10.75	8.96	14.66	7.68
898	7.81	10.93	9.11	14.90	7.81
692	7.54	10.56	8.80	14.40	7.54
895	7.94	11.12	9.27	15.16	7.94
896	7.84	10.97	9.14	14.96	7.84
690	7.53	10.54	8.78	14.37	7.53
646	7.57	10.60	8.83	14.45	7.57
647	7.57	10.60	8.83	14.45	7.57
648	7.54	10.56	8.80	14.40	7.54
649	7.59	10.63	8.86	14.50	7.59
195	7.60	10.64	8.87	14.51	7.60
642	7.63	10.68	8.90	14.56	7.63
194	7.51	10.52	8.77	14.35	7.51
643	7.61	10.66	8.88	14.54	7.61
197	7.62	10.67	8.89	14.55	7.62
644	7.58	10.61	8.84	14.47	7.58
196	7.54	10.56	8.80	14.40	7.54
645	7.53	10.54	8.78	14.37	7.53
191	7.41	10.38	8.65	14.15	7.41
190	7.58	10.61	8.84	14.47	7.58
193	7.49	10.49	8.74	14.30	7.49
640	7.50	10.50	8.75	14.32	7.50
192	7.58	10.61	8.84	14.47	7.58
641	7.58	10.61	8.84	14.47	7.58
198	7.52	10.53	8.77	14.36	7.52
199	7.45	10.43	8.69	14.22	7.45
639	7.53	10.54	8.78	14.37	7.53
637	7.57	10.60	8.83	14.45	7.57
638	7.53	10.54	8.78	14.37	7.53
635	7.57	10.60	8.83	14.45	7.57
636	7.58	10.61	8.84	14.47	7.58
633	7.54	10.56	8.80	14.40	7.54
634	7.54	10.55	8.79	14.39	7.54
631	7.56	10.58	8.82	14.43	7.56
632	7.49	10.48	8.73	14.29	7.49
630	7.59	10.63	8.86	14.50	7.59
668	7.54	10.55	8.79	14.39	7.54
669	7.62	10.67	8.89	14.55	7.62
660	7.58	10.61	8.84	14.47	7.58
661	7.51	10.52	8.77	14.35	7.51
662	7.44	10.42	8.68	14.21	7.44
663	7.49	10.49	8.74	14.30	7.49
664	7.62	10.67	8.89	14.55	7.62
665	7.54	10.55	8.79	14.39	7.54
666	7.66	10.73	8.94	14.63	7.66
667	7.59	10.62	8.85	14.48	7.59
659	7.57	10.60	8.83	14.45	7.57
657	7.53	10.54	8.78	14.37	7.53
658	7.44	10.42	8.68	14.21	7.44
651	7.64	10.69	8.91	14.58	7.64
652	7.59	10.63	8.86	14.50	7.59
650	7.49	10.49	8.74	14.30	7.49
655	7.47	10.46	8.72	14.26	7.47
656	7.58	10.61	8.84	14.47	7.58
653	7.66	10.72	8.93	14.62	7.66
654	7.56	10.59	8.83	14.44	7.56
35	9.76	13.67	11.39	18.64	9.76
36	9.81	13.73	11.44	18.72	9.81
33	9.61	13.46	11.22	18.35	9.61
34	9.83	13.76	11.47	18.76	9.83
39	9.91	13.88	11.57	18.93	9.91
37	9.66	13.53	11.28	18.45	9.66
38	9.46	13.25	11.04	18.07	9.46
43	9.69	13.57	11.31	18.50	9.69
42	10.06	14.08	11.73	19.20	10.06
41	9.44	13.22	11.02	18.03	9.44
40	9.74	13.64	11.37	18.60	9.74
22	9.68	13.55	11.29	18.48	9.68
23	9.94	13.92	11.60	18.98	9.94
24	9.63	13.48	11.23	18.38	9.63
25	9.86	13.81	11.51	18.83	9.86
26	9.88	13.83	11.53	18.86	9.88
27	9.55	13.37	11.14	18.23	9.55
28	9.58	13.41	11.18	18.29	9.58
29	9.60	13.44	11.20	18.33	9.60
30	10.02	14.03	11.69	19.13	10.02
32	9.71	13.60	11.33	18.55	9.71
31	9.51	13.31	11.09	18.15	9.51
19	9.66	13.52	11.27	18.44	9.66
17	9.63	13.48	11.23	18.38	9.63
18	9.64	13.49	11.24	18.40	9.64
15	9.77	13.68	11.40	18.65	9.77
16	9.61	13.46	11.22	18.35	9.61
13	9.79	13.71	11.43	18.70	9.79
14	9.55	13.37	11.14	18.23	9.55
11	9.42	13.19	10.99	17.99	9.42
12	9.74	13.63	11.36	18.59	9.74
21	9.84	13.78	11.48	18.79	9.84
20	9.83	13.76	11.47	18.76	9.83
10	9.84	13.78	11.48	18.79	9.84
79	9.86	13.80	11.50	18.82	9.86
78	9.89	13.84	11.53	18.87	9.89
77	9.73	13.62	11.35	18.57	9.73
82	9.83	13.76	11.47	18.76	9.83
83	9.88	13.83	11.53	18.86	9.88
80	9.32	13.05	10.88	17.80	9.32
81	9.39	13.14	10.95	17.92	9.39
86	9.86	13.81	11.51	18.83	9.86
87	9.48	13.27	11.06	18.10	9.48
84	9.41	13.18	10.98	17.97	9.41
85	9.68	13.55	11.29	18.48	9.68
67	9.72	13.61	11.34	18.56	9.72
66	9.77	13.68	11.40	18.65	9.77
69	10.11	14.16	11.80	19.31	10.11
68	9.41	13.17	10.98	17.96	9.41
70	9.89	13.85	11.54	18.89	9.89
71	9.72	13.61	11.34	18.56	9.72
72	9.89	13.84	11.53	18.87	9.89
73	9.94	13.92	11.60	18.98	9.94
74	9.83	13.76	11.47	18.76	9.83
75	9.64	13.50	11.25	18.41	9.64
76	9.74	13.64	11.37	18.60	9.74
59	9.71	13.59	11.33	18.53	9.71
58	9.61	13.46	11.22	18.35	9.61
57	9.41	13.18	10.98	17.97	9.41
56	10.09	14.12	11.77	19.25	10.09
55	9.62	13.47	11.23	18.37	9.62
64	9.82	13.75	11.46	18.75	9.82
65	9.66	13.52	11.27	18.44	9.66
62	9.61	13.45	11.21	18.34	9.61
63	9.39	13.14	10.95	17.92	9.39
60	9.83	13.76	11.47	18.76	9.83
61	9.74	13.64	11.37	18.60	9.74
49	9.86	13.81	11.51	18.83	9.86
48	9.78	13.69	11.41	18.67	9.78
45	9.64	13.49	11.24	18.40	9.64
44	9.59	13.42	11.18	18.30	9.59
47	9.96	13.95	11.63	19.02	9.96
46	9.63	13.48	11.23	18.38	9.63
51	9.34	13.08	10.90	17.84	9.34
52	9.81	13.73	11.44	18.72	9.81
53	9.78	13.69	11.41	18.67	9.78
54	9.70	13.58	11.32	18.52	9.70
50	9.39	13.14	10.95	17.92	9.39
1001	0.00	0.00	0.00	0.00	0.00
281	7.68	10.75	8.96	14.66	7.68
487	7.72	10.81	9.01	14.74	7.72
280	7.51	10.51	8.76	14.33	7.51
486	7.78	10.89	9.08	14.85	7.78
485	7.55	10.57	8.81	14.41	7.55
484	7.59	10.62	8.85	14.48	7.59
285	7.59	10.62	8.85	14.48	7.59
284	7.57	10.60	8.83	14.45	7.57
283	7.52	10.53	8.77	14.36	7.52
489	7.63	10.68	8.90	14.56	7.63
282	7.67	10.74	8.95	14.65	7.67
488	7.48	10.47	8.73	14.28	7.48
288	7.53	10.54	8.78	14.37	7.53
289	7.59	10.62	8.85	14.48	7.59
286	7.44	10.42	8.68	14.21	7.44
287	7.64	10.69	8.91	14.58	7.64
482	7.56	10.59	8.83	14.44	7.56
483	7.55	10.57	8.81	14.41	7.55
480	7.49	10.48	8.73	14.29	7.49
481	7.44	10.42	8.68	14.21	7.44
474	7.56	10.58	8.82	14.43	7.56
473	7.62	10.67	8.89	14.55	7.62
270	7.59	10.62	8.85	14.48	7.59
476	7.66	10.73	8.94	14.63	7.66
475	7.51	10.52	8.77	14.35	7.51
272	7.51	10.51	8.76	14.33	7.51
478	7.57	10.60	8.83	14.45	7.57
271	7.65	10.71	8.93	14.60	7.65
477	7.56	10.59	8.83	14.44	7.56
274	7.56	10.59	8.83	14.44	7.56
273	7.46	10.44	8.70	14.24	7.46
479	7.68	10.75	8.96	14.66	7.68
275	7.52	10.53	8.77	14.36	7.52
276	7.46	10.45	8.71	14.25	7.46
277	7.44	10.41	8.68	14.20	7.44
278	7.62	10.67	8.89	14.55	7.62
279	7.51	10.51	8.76	14.33	7.51
470	7.49	10.48	8.73	14.29	7.49
471	7.68	10.75	8.96	14.66	7.68
472	7.59	10.62	8.85	14.48	7.59
1000	1.80	2.52	2.10	3.44	1.80
109	9.69	13.56	11.30	18.49	9.69
108	9.63	13.48	11.23	18.38	9.63
107	9.79	13.70	11.42	18.68	9.79
106	9.91	13.87	11.56	18.91	9.91
105	9.64	13.50	11.25	18.41	9.64
104	9.81	13.74	11.45	18.74	9.81
103	9.80	13.72	11.43	18.71	9.80
99	9.54	13.36	11.13	18.22	9.54
102	9.77	13.68	11.40	18.65	9.77
101	9.78	13.69	11.41	18.67	9.78
100	9.61	13.46	11.22	18.35	9.61
98	9.86	13.81	11.51	18.83	9.86
97	9.64	13.49	11.24	18.40	9.64
96	9.69	13.56	11.30	18.49	9.69
95	9.76	13.66	11.38	18.63	9.76
94	9.49	13.29	11.08	18.12	9.49
93	9.69	13.56	11.30	18.49	9.69
92	9.82	13.75	11.46	18.75	9.82
91	9.55	13.37	11.14	18.23	9.55
294	7.59	10.62	8.85	14.48	7.59
90	9.79	13.71	11.43	18.70	9.79
293	7.52	10.53	8.77	14.36	7.52
499	7.59	10.62	8.85	14.48	7.59
296	7.61	10.66	8.88	14.54	7.61
295	7.56	10.59	8.83	14.44	7.56
290	7.60	10.64	8.87	14.51	7.60
496	7.49	10.49	8.74	14.30	7.49
495	7.61	10.66	8.88	14.54	7.61
292	7.64	10.70	8.92	14.59	7.64
498	7.47	10.46	8.72	14.26	7.47
291	7.45	10.43	8.69	14.22	7.45
497	7.53	10.54	8.78	14.37	7.53
491	7.63	10.68	8.90	14.56	7.63
492	7.55	10.57	8.81	14.41	7.55
493	7.56	10.58	8.82	14.43	7.56
494	7.56	10.59	8.83	14.44	7.56
297	7.51	10.51	8.76	14.33	7.51
298	7.44	10.41	8.68	14.20	7.44
299	7.47	10.46	8.72	14.26	7.47
490	7.64	10.69	8.91	14.58	7.64
88	9.44	13.22	11.02	18.03	9.44
89	9.85	13.79	11.49	18.80	9.85
240	7.56	10.58	8.82	14.43	7.56
241	7.51	10.51	8.76	14.33	7.51
245	7.56	10.58	8.82	14.43	7.56
244	7.44	10.42	8.68	14.21	7.44
243	7.59	10.62	8.85	14.48	7.59
242	7.54	10.56	8.80	14.40	7.54
249	7.59	10.62	8.85	14.48	7.59
248	7.59	10.62	8.85	14.48	7.59
247	7.70	10.78	8.98	14.70	7.70
246	7.59	10.62	8.85	14.48	7.59
230	7.44	10.42	8.68	14.21	7.44
239	7.51	10.52	8.77	14.35	7.51
232	7.49	10.49	8.74	14.30	7.49
231	7.49	10.48	8.73	14.29	7.49
234	7.63	10.68	8.90	14.56	7.63
233	7.48	10.47	8.73	14.28	7.48
236	7.51	10.52	8.77	14.35	7.51
235	7.64	10.69	8.91	14.58	7.64
238	7.59	10.63	8.86	14.50	7.59
237	7.79	10.90	9.08	14.86	7.79
262	7.49	10.48	8.73	14.29	7.49
263	7.44	10.42	8.68	14.21	7.44
260	7.64	10.69	8.91	14.58	7.64
261	7.59	10.62	8.85	14.48	7.59
269	7.54	10.56	8.80	14.40	7.54
268	7.50	10.50	8.75	14.32	7.50
267	7.60	10.64	8.87	14.51	7.60
266	7.56	10.59	8.83	14.44	7.56
265	7.58	10.61	8.84	14.47	7.58
264	7.64	10.70	8.92	14.59	7.64
250	7.60	10.64	8.87	14.51	7.60
251	7.56	10.59	8.83	14.44	7.56
252	7.54	10.56	8.80	14.40	7.54
904	7.65	10.71	8.93	14.60	7.65
258	7.64	10.69	8.91	14.58	7.64
903	7.54	10.56	8.80	14.40	7.54
257	7.58	10.61	8.84	14.47	7.58
906	7.71	10.80	9.00	14.73	7.71
905	7.57	10.60	8.83	14.45	7.57
259	7.59	10.63	8.86	14.50	7.59
900	7.94	11.12	9.27	15.16	7.94
254	7.69	10.77	8.98	14.69	7.69
253	7.49	10.49	8.74	14.30	7.49
902	7.59	10.62	8.85	14.48	7.59
256	7.66	10.73	8.94	14.63	7.66
901	7.81	10.94	9.12	14.92	7.81
255	7.64	10.69	8.91	14.58	7.64
