338	7.58	19.89	14.47	7.58	14.47	19.89	14.47	7.58	19.89	19.89	19.89	14.47	7.58	10.61	14.47
339	7.59	19.93	14.50	7.59	14.50	19.93	14.50	7.59	19.93	19.93	19.93	14.50	7.59	10.63	14.50
941	7.73	20.29	14.75	7.73	14.75	20.29	14.75	7.73	20.29	20.29	20.29	14.75	7.73	10.82	14.75
942	7.64	20.04	14.58	7.64	14.58	20.04	14.58	7.64	20.04	20.04	20.04	14.58	7.64	10.69	14.58
940	7.69	20.19	14.69	7.69	14.69	20.19	14.69	7.69	20.19	20.19	20.19	14.69	7.69	10.77	14.69
945	7.67	20.14	14.65	7.67	14.65	20.14	14.65	7.67	20.14	20.14	20.14	14.65	7.67	10.74	14.65
332	7.49	19.65	14.29	7.49	14.29	19.65	14.29	7.49	19.65	19.65	19.65	14.29	7.49	10.48	14.29
946	7.71	20.25	14.73	7.71	14.73	20.25	14.73	7.71	20.25	20.25	20.25	14.73	7.71	10.80	14.73
333	7.50	19.69	14.32	7.50	14.32	19.69	14.32	7.50	19.69	19.69	19.69	14.32	7.50	10.50	14.32
943	7.78	20.42	14.85	7.78	14.85	20.42	14.85	7.78	20.42	20.42	20.42	14.85	7.78	10.89	14.85
330	7.54	19.80	14.40	7.54	14.40	19.80	14.40	7.54	19.80	19.80	19.80	14.40	7.54	10.56	14.40
944	7.59	19.91	14.48	7.59	14.48	19.91	14.48	7.59	19.91	19.91	19.91	14.48	7.59	10.62	14.48
331	7.51	19.71	14.33	7.51	14.33	19.71	14.33	7.51	19.71	19.71	19.71	14.33	7.51	10.51	14.33
949	7.59	19.91	14.48	7.59	14.48	19.91	14.48	7.59	19.91	19.91	19.91	14.48	7.59	10.62	14.48
336	7.62	20.01	14.55	7.62	14.55	20.01	14.55	7.62	20.01	20.01	20.01	14.55	7.62	10.67	14.55
337	7.55	19.82	14.41	7.55	14.41	19.82	14.41	7.55	19.82	19.82	19.82	14.41	7.55	10.57	14.41
947	7.49	19.65	14.29	7.49	14.29	19.65	14.29	7.49	19.65	19.65	19.65	14.29	7.49	10.48	14.29
334	7.54	19.78	14.39	7.54	14.39	19.78	14.39	7.54	19.78	19.78	19.78	14.39	7.54	10.55	14.39
948	7.84	20.59	14.97	7.84	14.97	20.59	14.97	7.84	20.59	20.59	20.59	14.97	7.84	10.98	14.97
335	7.47	19.61	14.26	7.47	14.26	19.61	14.26	7.47	19.61	19.61	19.61	14.26	7.47	10.46	14.26
531	7.57	19.88	14.45	7.57	14.45	19.88	14.45	7.57	19.88	19.88	19.88	14.45	7.57	10.60	14.45
748	7.74	20.33	14.78	7.74	14.78	20.33	14.78	7.74	20.33	20.33	20.33	14.78	7.74	10.84	14.78
530	7.56	19.84	14.43	7.56	14.43	19.84	14.43	7.56	19.84	19.84	19.84	14.43	7.56	10.58	14.43
747	7.65	20.08	14.60	7.65	14.60	20.08	14.60	7.65	20.08	20.08	20.08	14.60	7.65	10.71	14.60
746	7.58	19.89	14.47	7.58	14.47	19.89	14.47	7.58	19.89	19.89	19.89	14.47	7.58	10.61	14.47
745	7.56	19.86	14.44	7.56	14.44	19.86	14.44	7.56	19.86	19.86	19.86	14.44	7.56	10.59	14.44
535	7.51	19.73	14.35	7.51	14.35	19.73	14.35	7.51	19.73	19.73	19.73	14.35	7.51	10.52	14.35
534	7.58	19.89	14.47	7.58	14.47	19.89	14.47	7.58	19.89	19.89	19.89	14.47	7.58	10.61	14.47
533	7.50	19.69	14.32	7.50	14.32	19.69	14.32	7.50	19.69	19.69	19.69	14.32	7.50	10.50	14.32
532	7.64	20.04	14.58	7.64	14.58	20.04	14.58	7.64	20.04	20.04	20.04	14.58	7.64	10.69	14.58
749	7.60	19.95	14.51	7.60	14.51	19.95	14.51	7.60	19.95	19.95	19.95	14.51	7.60	10.64	14.51
539	7.55	19.82	14.41	7.55	14.41	19.82	14.41	7.55	19.82	19.82	19.82	14.41	7.55	10.57	14.41
740	7.59	19.91	14.48	7.59	14.48	19.91	14.48	7.59	19.91	19.91	19.91	14.48	7.59	10.62	14.48
538	7.46	19.58	14.24	7.46	14.24	19.58	14.24	7.46	19.58	19.58	19.58	14.24	7.46	10.44	14.24
537	7.55	19.82	14.41	7.55	14.41	19.82	14.41	7.55	19.82	19.82	19.82	14.41	7.55	10.57	14.41
536	7.54	19.78	14.39	7.54	14.39	19.78	14.39	7.54	19.78	19.78	19.78	14.39	7.54	10.55	14.39
744	7.52	19.74	14.36	7.52	14.36	19.74	14.36	7.52	19.74	19.74	19.74	14.36	7.52	10.53	14.36
743	7.64	20.04	14.58	7.64	14.58	20.04	14.58	7.64	20.04	20.04	20.04	14.58	7.64	10.69	14.58
742	7.71	20.25	14.73	7.71	14.73	20.25	14.73	7.71	20.25	20.25	20.25	14.73	7.71	10.80	14.73
741	7.46	19.59	14.25	7.46	14.25	19.59	14.25	7.46	19.59	19.59	19.59	14.25	7.46	10.45	14.25
349	7.60	19.95	14.51	7.60	14.51	19.95	14.51	7.60	19.95	19.95	19.95	14.51	7.60	10.64	14.51
930	7.61	19.99	14.54	7.61	14.54	19.99	14.54	7.61	19.99	19.99	19.99	14.54	7.61	10.66	14.54
931	7.76	20.36	14.81	7.76	14.81	20.36	14.81	7.76	20.36	20.36	20.36	14.81	7.76	10.86	14.81
932	7.74	20.33	14.78	7.74	14.78	20.33	14.78	7.74	20.33	20.33	20.33	14.78	7.74	10.84	14.78
341	7.61	19.99	14.54	7.61	14.54	19.99	14.54	7.61	19.99	19.99	19.99	14.54	7.61	10.66	14.54
933	7.82	20.53	14.93	7.82	14.93	20.53	14.93	7.82	20.53	20.53	20.53	14.93	7.82	10.95	14.93
342	7.46	19.58	14.24	7.46	14.24	19.58	14.24	7.46	19.58	19.58	19.58	14.24	7.46	10.44	14.24
934	7.66	20.12	14.63	7.66	14.63	20.12	14.63	7.66	20.12	20.12	20.12	14.63	7.66	10.73	14.63
343	7.59	19.91	14.48	7.59	14.48	19.91	14.48	7.59	19.91	19.91	19.91	14.48	7.59	10.62	14.48
935	7.69	20.18	14.67	7.69	14.67	20.18	14.67	7.69	20.18	20.18	20.18	14.67	7.69	10.76	14.67
344	7.66	20.10	14.62	7.66	14.62	20.10	14.62	7.66	20.10	20.10	20.10	14.62	7.66	10.72	14.62
936	7.82	20.53	14.93	7.82	14.93	20.53	14.93	7.82	20.53	20.53	20.53	14.93	7.82	10.95	14.93
345	7.73	20.29	14.75	7.73	14.75	20.29	14.75	7.73	20.29	20.29	20.29	14.75	7.73	10.82	14.75
937	7.71	20.25	14.73	7.71	14.73	20.25	14.73	7.71	20.25	20.25	20.25	14.73	7.71	10.80	14.73
346	7.52	19.74	14.36	7.52	14.36	19.74	14.36	7.52	19.74	19.74	19.74	14.36	7.52	10.53	14.36
938	7.64	20.04	14.58	7.64	14.58	20.04	14.58	7.64	20.04	20.04	20.04	14.58	7.64	10.69	14.58
347	7.65	20.08	14.60	7.65	14.60	20.08	14.60	7.65	20.08	20.08	20.08	14.60	7.65	10.71	14.60
939	7.67	20.14	14.65	7.67	14.65	20.14	14.65	7.67	20.14	20.14	20.14	14.65	7.67	10.74	14.65
348	7.48	19.63	14.28	7.48	14.28	19.63	14.28	7.48	19.63	19.63	19.63	14.28	7.48	10.47	14.28
3	9.59	25.16	18.30	9.59	18.30	25.16	18.30	9.59	25.16	25.16	25.16	18.30	9.59	13.42	18.30
540	7.61	19.99	14.54	7.61	14.54	19.99	14.54	7.61	19.99	19.99	19.99	14.54	7.61	10.66	14.54
735	7.62	20.01	14.55	7.62	14.55	20.01	14.55	7.62	20.01	20.01	20.01	14.55	7.62	10.67	14.55
929	7.76	20.36	14.81	7.76	14.81	20.36	14.81	7.76	20.36	20.36	20.36	14.81	7.76	10.86	14.81
2	9.41	24.71	17.97	9.41	17.97	24.71	17.97	9.41	24.71	24.71	24.71	17.97	9.41	13.18	17.97
734	7.60	19.95	14.51	7.60	14.51	19.95	14.51	7.60	19.95	19.95	19.95	14.51	7.60	10.64	14.51
1	9.58	25.14	18.29	9.58	18.29	25.14	18.29	9.58	25.14	25.14	25.14	18.29	9.58	13.41	18.29
542	7.54	19.78	14.39	7.54	14.39	19.78	14.39	7.54	19.78	19.78	19.78	14.39	7.54	10.55	14.39
737	7.64	20.06	14.59	7.64	14.59	20.06	14.59	7.64	20.06	20.06	20.06	14.59	7.64	10.70	14.59
0	0.00	0.00	0.00	0.00	0.00	0.00	0.00	0.00	0.00	0.00	0.00	0.00	0.00	0.00	0.00
541	7.55	19.82	14.41	7.55	14.41	19.82	14.41	7.55	19.82	19.82	19.82	14.41	7.55	10.57	14.41
736	7.57	19.88	14.45	7.57	14.45	19.88	14.45	7.57	19.88	19.88	19.88	14.45	7.57	10.60	14.45
7	9.45	24.81	18.04	9.45	18.04	24.81	18.04	9.45	24.81	24.81	24.81	18.04	9.45	13.23	18.04
544	7.59	19.91	14.48	7.59	14.48	19.91	14.48	7.59	19.91	19.91	19.91	14.48	7.59	10.62	14.48
739	7.58	19.89	14.47	7.58	14.47	19.89	14.47	7.58	19.89	19.89	19.89	14.47	7.58	10.61	14.47
6	9.66	25.35	18.44	9.66	18.44	25.35	18.44	9.66	25.35	25.35	25.35	18.44	9.66	13.52	18.44
543	7.70	20.21	14.70	7.70	14.70	20.21	14.70	7.70	20.21	20.21	20.21	14.70	7.70	10.78	14.70
738	7.65	20.08	14.60	7.65	14.60	20.08	14.60	7.65	20.08	20.08	20.08	14.60	7.65	10.71	14.60
340	7.54	19.78	14.39	7.54	14.39	19.78	14.39	7.54	19.78	19.78	19.78	14.39	7.54	10.55	14.39
5	9.94	26.10	18.98	9.94	18.98	26.10	18.98	9.94	26.10	26.10	26.10	18.98	9.94	13.92	18.98
546	7.64	20.04	14.58	7.64	14.58	20.04	14.58	7.64	20.04	20.04	20.04	14.58	7.64	10.69	14.58
4	9.78	25.67	18.67	9.78	18.67	25.67	18.67	9.78	25.67	25.67	25.67	18.67	9.78	13.69	18.67
545	7.57	19.88	14.45	7.57	14.45	19.88	14.45	7.57	19.88	19.88	19.88	14.45	7.57	10.60	14.45
548	7.63	20.03	14.56	7.63	14.56	20.03	14.56	7.63	20.03	20.03	20.03	14.56	7.63	10.68	14.56
547	7.55	19.82	14.41	7.55	14.41	19.82	14.41	7.55	19.82	19.82	19.82	14.41	7.55	10.57	14.41
9	9.75	25.59	18.61	9.75	18.61	25.59	18.61	9.75	25.59	25.59	25.59	18.61	9.75	13.65	18.61
8	9.41	24.69	17.96	9.41	17.96	24.69	17.96	9.41	24.69	24.69	24.69	17.96	9.41	13.17	17.96
549	7.56	19.86	14.44	7.56	14.44	19.86	14.44	7.56	19.86	19.86	19.86	14.44	7.56	10.59	14.44
731	7.66	20.10	14.62	7.66	14.62	20.10	14.62	7.66	20.10	20.10	20.10	14.62	7.66	10.72	14.62
730	7.61	19.99	14.54	7.61	14.54	19.99	14.54	7.61	19.99	19.99	19.99	14.54	7.61	10.66	14.54
733	7.69	20.19	14.69	7.69	14.69	20.19	14.69	7.69	20.19	20.19	20.19	14.69	7.69	10.77	14.69
732	7.62	20.01	14.55	7.62	14.55	20.01	14.55	7.62	20.01	20.01	20.01	14.55	7.62	10.67	14.55
920	7.59	19.93	14.50	7.59	14.50	19.93	14.50	7.59	19.93	19.93	19.93	14.50	7.59	10.63	14.50
318	7.49	19.67	14.30	7.49	14.30	19.67	14.30	7.49	19.67	19.67	19.67	14.30	7.49	10.49	14.30
319	7.40	19.43	14.13	7.40	14.13	19.43	14.13	7.40	19.43	19.43	19.43	14.13	7.40	10.36	14.13
316	7.69	20.18	14.67	7.69	14.67	20.18	14.67	7.69	20.18	20.18	20.18	14.67	7.69	10.76	14.67
317	7.60	19.95	14.51	7.60	14.51	19.95	14.51	7.60	19.95	19.95	19.95	14.51	7.60	10.64	14.51
927	7.78	20.42	14.85	7.78	14.85	20.42	14.85	7.78	20.42	20.42	20.42	14.85	7.78	10.89	14.85
314	7.56	19.86	14.44	7.56	14.44	19.86	14.44	7.56	19.86	19.86	19.86	14.44	7.56	10.59	14.44
928	7.88	20.68	15.04	7.88	15.04	20.68	15.04	7.88	20.68	20.68	20.68	15.04	7.88	11.03	15.04
315	7.69	20.18	14.67	7.69	14.67	20.18	14.67	7.69	20.18	20.18	20.18	14.67	7.69	10.76	14.67
925	7.74	20.31	14.77	7.74	14.77	20.31	14.77	7.74	20.31	20.31	20.31	14.77	7.74	10.83	14.77
312	7.60	19.95	14.51	7.60	14.51	19.95	14.51	7.60	19.95	19.95	19.95	14.51	7.60	10.64	14.51
926	7.69	20.18	14.67	7.69	14.67	20.18	14.67	7.69	20.18	20.18	20.18	14.67	7.69	10.76	14.67
313	7.40	19.43	14.13	7.40	14.13	19.43	14.13	7.40	19.43	19.43	19.43	14.13	7.40	10.36	14.13
923	7.60	19.95	14.51	7.60	14.51	19.95	14.51	7.60	19.95	19.95	19.95	14.51	7.60	10.64	14.51
310	7.50	19.69	14.32	7.50	14.32	19.69	14.32	7.50	19.69	19.69	19.69	14.32	7.50	10.50	14.32
924	7.71	20.25	14.73	7.71	14.73	20.25	14.73	7.71	20.25	20.25	20.25	14.73	7.71	10.80	14.73
311	7.60	19.95	14.51	7.60	14.51	19.95	14.51	7.60	19.95	19.95	19.95	14.51	7.60	10.64	14.51
921	7.67	20.14	14.65	7.67	14.65	20.14	14.65	7.67	20.14	20.14	20.14	14.65	7.67	10.74	14.65
922	7.79	20.44	14.86	7.79	14.86	20.44	14.86	7.79	20.44	20.44	20.44	14.86	7.79	10.90	14.86
513	7.48	19.63	14.28	7.48	14.28	19.63	14.28	7.48	19.63	19.63	19.63	14.28	7.48	10.47	14.28
512	7.55	19.82	14.41	7.55	14.41	19.82	14.41	7.55	19.82	19.82	19.82	14.41	7.55	10.57	14.41
729	7.66	20.10	14.62	7.66	14.62	20.10	14.62	7.66	20.10	20.10	20.10	14.62	7.66	10.72	14.62
511	7.62	20.01	14.55	7.62	14.55	20.01	14.55	7.62	20.01	20.01	20.01	14.55	7.62	10.67	14.55
728	7.51	19.71	14.33	7.51	14.33	19.71	14.33	7.51	19.71	19.71	19.71	14.33	7.51	10.51	14.33
510	7.45	19.56	14.22	7.45	14.22	19.56	14.22	7.45	19.56	19.56	19.56	14.22	7.45	10.43	14.22
727	7.51	19.73	14.35	7.51	14.35	19.73	14.35	7.51	19.73	19.73	19.73	14.35	7.51	10.52	14.35
726	7.59	19.91	14.48	7.59	14.48	19.91	14.48	7.59	19.91	19.91	19.91	14.48	7.59	10.62	14.48
725	7.54	19.78	14.39	7.54	14.39	19.78	14.39	7.54	19.78	19.78	19.78	14.39	7.54	10.55	14.39
919	7.66	20.12	14.63	7.66	14.63	20.12	14.63	7.66	20.12	20.12	20.12	14.63	7.66	10.73	14.63
724	7.52	19.74	14.36	7.52	14.36	19.74	14.36	7.52	19.74	19.74	19.74	14.36	7.52	10.53	14.36
918	7.80	20.48	14.89	7.80	14.89	20.48	14.89	7.80	20.48	20.48	20.48	14.89	7.80	10.92	14.89
723	7.56	19.84	14.43	7.56	14.43	19.84	14.43	7.56	19.84	19.84	19.84	14.43	7.56	10.58	14.43
722	7.52	19.74	14.36	7.52	14.36	19.74	14.36	7.52	19.74	19.74	19.74	14.36	7.52	10.53	14.36
721	7.54	19.80	14.40	7.54	14.40	19.80	14.40	7.54	19.80	19.80	19.80	14.40	7.54	10.56	14.40
519	7.51	19.73	14.35	7.51	14.35	19.73	14.35	7.51	19.73	19.73	19.73	14.35	7.51	10.52	14.35
720	7.58	19.89	14.47	7.58	14.47	19.89	14.47	7.58	19.89	19.89	19.89	14.47	7.58	10.61	14.47
518	7.54	19.78	14.39	7.54	14.39	19.78	14.39	7.54	19.78	19.78	19.78	14.39	7.54	10.55	14.39
517	7.59	19.91	14.48	7.59	14.48	19.91	14.48	7.59	19.91	19.91	19.91	14.48	7.59	10.62	14.48
516	7.53	19.76	14.37	7.53	14.37	19.76	14.37	7.53	19.76	19.76	19.76	14.37	7.53	10.54	14.37
515	7.65	20.08	14.60	7.65	14.60	20.08	14.60	7.65	20.08	20.08	20.08	14.60	7.65	10.71	14.60
514	7.61	19.99	14.54	7.61	14.54	19.99	14.54	7.61	19.99	19.99	19.99	14.54	7.61	10.66	14.54
327	7.68	20.16	14.66	7.68	14.66	20.16	14.66	7.68	20.16	20.16	20.16	14.66	7.68	10.75	14.66
328	7.66	20.10	14.62	7.66	14.62	20.10	14.62	7.66	20.10	20.10	20.10	14.62	7.66	10.72	14.62
329	7.49	19.65	14.29	7.49	14.29	19.65	14.29	7.49	19.65	19.65	19.65	14.29	7.49	10.48	14.29
914	7.62	20.01	14.55	7.62	14.55	20.01	14.55	7.62	20.01	20.01	20.01	14.55	7.62	10.67	14.55
323	7.46	19.58	14.24	7.46	14.24	19.58	14.24	7.46	19.58	19.58	19.58	14.24	7.46	10.44	14.24
915	7.45	19.56	14.22	7.45	14.22	19.56	14.22	7.45	19.56	19.56	19.56	14.22	7.45	10.43	14.22
324	7.56	19.86	14.44	7.56	14.44	19.86	14.44	7.56	19.86	19.86	19.86	14.44	7.56	10.59	14.44
916	8.01	21.02	15.29	8.01	15.29	21.02	15.29	8.01	21.02	21.02	21.02	15.29	8.01	11.21	15.29
325	7.56	19.86	14.44	7.56	14.44	19.86	14.44	7.56	19.86	19.86	19.86	14.44	7.56	10.59	14.44
917	7.63	20.03	14.56	7.63	14.56	20.03	14.56	7.63	20.03	20.03	20.03	14.56	7.63	10.68	14.56
326	7.54	19.80	14.40	7.54	14.40	19.80	14.40	7.54	19.80	19.80	19.80	14.40	7.54	10.56	14.40
910	7.79	20.44	14.86	7.79	14.86	20.44	14.86	7.79	20.44	20.44	20.44	14.86	7.79	10.90	14.86
709	7.57	19.88	14.45	7.57	14.45	19.88	14.45	7.57	19.88	19.88	19.88	14.45	7.57	10.60	14.45
911	7.62	20.01	14.55	7.62	14.55	20.01	14.55	7.62	20.01	20.01	20.01	14.55	7.62	10.67	14.55
320	7.56	19.86	14.44	7.56	14.44	19.86	14.44	7.56	19.86	19.86	19.86	14.44	7.56	10.59	14.44
912	7.72	20.27	14.74	7.72	14.74	20.27	14.74	7.72	20.27	20.27	20.27	14.74	7.72	10.81	14.74
321	7.66	20.10	14.62	7.66	14.62	20.10	14.62	7.66	20.10	20.10	20.10	14.62	7.66	10.72	14.62
913	7.84	20.59	14.97	7.84	14.97	20.59	14.97	7.84	20.59	20.59	20.59	14.97	7.84	10.98	14.97
322	7.55	19.82	14.41	7.55	14.41	19.82	14.41	7.55	19.82	19.82	19.82	14.41	7.55	10.57	14.41
522	7.61	19.99	14.54	7.61	14.54	19.99	14.54	7.61	19.99	19.99	19.99	14.54	7.61	10.66	14.54
717	7.48	19.63	14.28	7.48	14.28	19.63	14.28	7.48	19.63	19.63	19.63	14.28	7.48	10.47	14.28
521	7.60	19.95	14.51	7.60	14.51	19.95	14.51	7.60	19.95	19.95	19.95	14.51	7.60	10.64	14.51
716	7.43	19.50	14.18	7.43	14.18	19.50	14.18	7.43	19.50	19.50	19.50	14.18	7.43	10.40	14.18
524	7.56	19.86	14.44	7.56	14.44	19.86	14.44	7.56	19.86	19.86	19.86	14.44	7.56	10.59	14.44
719	7.59	19.91	14.48	7.59	14.48	19.91	14.48	7.59	19.91	19.91	19.91	14.48	7.59	10.62	14.48
523	7.59	19.91	14.48	7.59	14.48	19.91	14.48	7.59	19.91	19.91	19.91	14.48	7.59	10.62	14.48
718	7.52	19.74	14.36	7.52	14.36	19.74	14.36	7.52	19.74	19.74	19.74	14.36	7.52	10.53	14.36
908	7.64	20.04	14.58	7.64	14.58	20.04	14.58	7.64	20.04	20.04	20.04	14.58	7.64	10.69	14.58
713	7.53	19.76	14.37	7.53	14.37	19.76	14.37	7.53	19.76	19.76	19.76	14.37	7.53	10.54	14.37
907	7.76	20.38	14.82	7.76	14.82	20.38	14.82	7.76	20.38	20.38	20.38	14.82	7.76	10.87	14.82
712	7.58	19.89	14.47	7.58	14.47	19.89	14.47	7.58	19.89	19.89	19.89	14.47	7.58	10.61	14.47
520	7.56	19.84	14.43	7.56	14.43	19.84	14.43	7.56	19.84	19.84	19.84	14.43	7.56	10.58	14.43
715	7.73	20.29	14.75	7.73	14.75	20.29	14.75	7.73	20.29	20.29	20.29	14.75	7.73	10.82	14.75
909	7.56	19.86	14.44	7.56	14.44	19.86	14.44	7.56	19.86	19.86	19.86	14.44	7.56	10.59	14.44
714	7.54	19.80	14.40	7.54	14.40	19.80	14.40	7.54	19.80	19.80	19.80	14.40	7.54	10.56	14.40
529	7.61	19.97	14.52	7.61	14.52	19.97	14.52	7.61	19.97	19.97	19.97	14.52	7.61	10.65	14.52
711	7.51	19.73	14.35	7.51	14.35	19.73	14.35	7.51	19.73	19.73	19.73	14.35	7.51	10.52	14.35
710	7.68	20.16	14.66	7.68	14.66	20.16	14.66	7.68	20.16	20.16	20.16	14.66	7.68	10.75	14.66
526	7.56	19.84	14.43	7.56	14.43	19.84	14.43	7.56	19.84	19.84	19.84	14.43	7.56	10.58	14.43
525	7.51	19.73	14.35	7.51	14.35	19.73	14.35	7.51	19.73	19.73	19.73	14.35	7.51	10.52	14.35
528	7.62	20.01	14.55	7.62	14.55	20.01	14.55	7.62	20.01	20.01	20.01	14.55	7.62	10.67	14.55
527	7.56	19.84	14.43	7.56	14.43	19.84	14.43	7.56	19.84	19.84	19.84	14.43	7.56	10.58	14.43
989	7.78	20.42	14.85	7.78	14.85	20.42	14.85	7.78	20.42	20.42	20.42	14.85	7.78	10.89	14.85
988	7.50	19.69	14.32	7.50	14.32	19.69	14.32	7.50	19.69	19.69	19.69	14.32	7.50	10.50	14.32
987	7.83	20.55	14.95	7.83	14.95	20.55	14.95	7.83	20.55	20.55	20.55	14.95	7.83	10.96	14.95
571	7.55	19.82	14.41	7.55	14.41	19.82	14.41	7.55	19.82	19.82	19.82	14.41	7.55	10.57	14.41
570	7.55	19.82	14.41	7.55	14.41	19.82	14.41	7.55	19.82	19.82	19.82	14.41	7.55	10.57	14.41
982	7.63	20.03	14.56	7.63	14.56	20.03	14.56	7.63	20.03	20.03	20.03	14.56	7.63	10.68	14.56
981	7.73	20.29	14.75	7.73	14.75	20.29	14.75	7.73	20.29	20.29	20.29	14.75	7.73	10.82	14.75
980	7.73	20.29	14.75	7.73	14.75	20.29	14.75	7.73	20.29	20.29	20.29	14.75	7.73	10.82	14.75
986	7.78	20.42	14.85	7.78	14.85	20.42	14.85	7.78	20.42	20.42	20.42	14.85	7.78	10.89	14.85
985	7.78	20.42	14.85	7.78	14.85	20.42	14.85	7.78	20.42	20.42	20.42	14.85	7.78	10.89	14.85
984	7.74	20.31	14.77	7.74	14.77	20.31	14.77	7.74	20.31	20.31	20.31	14.77	7.74	10.83	14.77
983	7.49	19.67	14.30	7.49	14.30	19.67	14.30	7.49	19.67	19.67	19.67	14.30	7.49	10.49	14.30
700	7.56	19.86	14.44	7.56	14.44	19.86	14.44	7.56	19.86	19.86	19.86	14.44	7.56	10.59	14.44
574	7.54	19.80	14.40	7.54	14.40	19.80	14.40	7.54	19.80	19.80	19.80	14.40	7.54	10.56	14.40
703	7.54	19.80	14.40	7.54	14.40	19.80	14.40	7.54	19.80	19.80	19.80	14.40	7.54	10.56	14.40
575	7.55	19.82	14.41	7.55	14.41	19.82	14.41	7.55	19.82	19.82	19.82	14.41	7.55	10.57	14.41
704	7.59	19.91	14.48	7.59	14.48	19.91	14.48	7.59	19.91	19.91	19.91	14.48	7.59	10.62	14.48
572	7.61	19.97	14.52	7.61	14.52	19.97	14.52	7.61	19.97	19.97	19.97	14.52	7.61	10.65	14.52
701	7.54	19.78	14.39	7.54	14.39	19.78	14.39	7.54	19.78	19.78	19.78	14.39	7.54	10.55	14.39
573	7.60	19.95	14.51	7.60	14.51	19.95	14.51	7.60	19.95	19.95	19.95	14.51	7.60	10.64	14.51
702	7.58	19.89	14.47	7.58	14.47	19.89	14.47	7.58	19.89	19.89	19.89	14.47	7.58	10.61	14.47
578	7.51	19.71	14.33	7.51	14.33	19.71	14.33	7.51	19.71	19.71	19.71	14.33	7.51	10.51	14.33
707	7.56	19.86	14.44	7.56	14.44	19.86	14.44	7.56	19.86	19.86	19.86	14.44	7.56	10.59	14.44
579	7.60	19.95	14.51	7.60	14.51	19.95	14.51	7.60	19.95	19.95	19.95	14.51	7.60	10.64	14.51
708	7.66	20.12	14.63	7.66	14.63	20.12	14.63	7.66	20.12	20.12	20.12	14.63	7.66	10.73	14.63
576	7.65	20.08	14.60	7.65	14.60	20.08	14.60	7.65	20.08	20.08	20.08	14.60	7.65	10.71	14.60
705	7.52	19.74	14.36	7.52	14.36	19.74	14.36	7.52	19.74	19.74	19.74	14.36	7.52	10.53	14.36
577	7.68	20.16	14.66	7.68	14.66	20.16	14.66	7.68	20.16	20.16	20.16	14.66	7.68	10.75	14.66
706	7.59	19.91	14.48	7.59	14.48	19.91	14.48	7.59	19.91	19.91	19.91	14.48	7.59	10.62	14.48
977	7.73	20.29	14.75	7.73	14.75	20.29	14.75	7.73	20.29	20.29	20.29	14.75	7.73	10.82	14.75
976	7.44	19.54	14.21	7.44	14.21	19.54	14.21	7.44	19.54	19.54	19.54	14.21	7.44	10.42	14.21
979	7.73	20.29	14.75	7.73	14.75	20.29	14.75	7.73	20.29	20.29	20.29	14.75	7.73	10.82	14.75
300	7.57	19.88	14.45	7.57	14.45	19.88	14.45	7.57	19.88	19.88	19.88	14.45	7.57	10.60	14.45
978	7.54	19.80	14.40	7.54	14.40	19.80	14.40	7.54	19.80	19.80	19.80	14.40	7.54	10.56	14.40
302	7.53	19.76	14.37	7.53	14.37	19.76	14.37	7.53	19.76	19.76	19.76	14.37	7.53	10.54	14.37
580	7.61	19.99	14.54	7.61	14.54	19.99	14.54	7.61	19.99	19.99	19.99	14.54	7.61	10.66	14.54
301	7.53	19.76	14.37	7.53	14.37	19.76	14.37	7.53	19.76	19.76	19.76	14.37	7.53	10.54	14.37
304	7.60	19.95	14.51	7.60	14.51	19.95	14.51	7.60	19.95	19.95	19.95	14.51	7.60	10.64	14.51
582	7.61	19.99	14.54	7.61	14.54	19.99	14.54	7.61	19.99	19.99	19.99	14.54	7.61	10.66	14.54
303	7.56	19.86	14.44	7.56	14.44	19.86	14.44	7.56	19.86	19.86	19.86	14.44	7.56	10.59	14.44
581	7.65	20.08	14.60	7.65	14.60	20.08	14.60	7.65	20.08	20.08	20.08	14.60	7.65	10.71	14.60
306	7.64	20.06	14.59	7.64	14.59	20.06	14.59	7.64	20.06	20.06	20.06	14.59	7.64	10.70	14.59
305	7.48	19.63	14.28	7.48	14.28	19.63	14.28	7.48	19.63	19.63	19.63	14.28	7.48	10.47	14.28
971	7.75	20.34	14.80	7.75	14.80	20.34	14.80	7.75	20.34	20.34	20.34	14.80	7.75	10.85	14.80
308	7.48	19.63	14.28	7.48	14.28	19.63	14.28	7.48	19.63	19.63	19.63	14.28	7.48	10.47	14.28
970	7.81	20.49	14.90	7.81	14.90	20.49	14.90	7.81	20.49	20.49	20.49	14.90	7.81	10.93	14.90
307	7.54	19.78	14.39	7.54	14.39	19.78	14.39	7.54	19.78	19.78	19.78	14.39	7.54	10.55	14.39
973	7.31	19.18	13.95	7.31	13.95	19.18	13.95	7.31	19.18	19.18	19.18	13.95	7.31	10.23	13.95
972	7.74	20.31	14.77	7.74	14.77	20.31	14.77	7.74	20.31	20.31	20.31	14.77	7.74	10.83	14.77
309	7.69	20.18	14.67	7.69	14.67	20.18	14.67	7.69	20.18	20.18	20.18	14.67	7.69	10.76	14.67
975	7.56	19.86	14.44	7.56	14.44	19.86	14.44	7.56	19.86	19.86	19.86	14.44	7.56	10.59	14.44
974	7.84	20.57	14.96	7.84	14.96	20.57	14.96	7.84	20.57	20.57	20.57	14.96	7.84	10.97	14.96
583	7.41	19.44	14.14	7.41	14.14	19.44	14.14	7.41	19.44	19.44	19.44	14.14	7.41	10.37	14.14
584	7.73	20.29	14.75	7.73	14.75	20.29	14.75	7.73	20.29	20.29	20.29	14.75	7.73	10.82	14.75
585	7.62	20.01	14.55	7.62	14.55	20.01	14.55	7.62	20.01	20.01	20.01	14.55	7.62	10.67	14.55
586	7.57	19.88	14.45	7.57	14.45	19.88	14.45	7.57	19.88	19.88	19.88	14.45	7.57	10.60	14.45
587	7.56	19.86	14.44	7.56	14.44	19.86	14.44	7.56	19.86	19.86	19.86	14.44	7.56	10.59	14.44
588	7.65	20.08	14.60	7.65	14.60	20.08	14.60	7.65	20.08	20.08	20.08	14.60	7.65	10.71	14.60
589	7.43	19.50	14.18	7.43	14.18	19.50	14.18	7.43	19.50	19.50	19.50	14.18	7.43	10.40	14.18
969	7.79	20.44	14.86	7.79	14.86	20.44	14.86	7.79	20.44	20.44	20.44	14.86	7.79	10.90	14.86
968	7.77	20.40	14.84	7.77	14.84	20.40	14.84	7.77	20.40	20.40	20.40	14.84	7.77	10.88	14.84
967	7.66	20.12	14.63	7.66	14.63	20.12	14.63	7.66	20.12	20.12	20.12	14.63	7.66	10.73	14.63
966	7.78	20.42	14.85	7.78	14.85	20.42	14.85	7.78	20.42	20.42	20.42	14.85	7.78	10.89	14.85
965	7.61	19.97	14.52	7.61	14.52	19.97	14.52	7.61	19.97	19.97	19.97	14.52	7.61	10.65	14.52
964	7.79	20.44	14.86	7.79	14.86	20.44	14.86	7.79	20.44	20.44	20.44	14.86	7.79	10.90	14.86
963	7.51	19.73	14.35	7.51	14.35	19.73	14.35	7.51	19.73	19.73	19.73	14.35	7.51	10.52	14.35
962	7.71	20.23	14.71	7.71	14.71	20.23	14.71	7.71	20.23	20.23	20.23	14.71	7.71	10.79	14.71
961	7.69	20.19	14.69	7.69	14.69	20.19	14.69	7.69	20.19	20.19	20.19	14.69	7.69	10.77	14.69
960	7.74	20.33	14.78	7.74	14.78	20.33	14.78	7.74	20.33	20.33	20.33	14.78	7.74	10.84	14.78
558	7.56	19.86	14.44	7.56	14.44	19.86	14.44	7.56	19.86	19.86	19.86	14.44	7.56	10.59	14.44
559	7.68	20.16	14.66	7.68	14.66	20.16	14.66	7.68	20.16	20.16	20.16	14.66	7.68	10.75	14.66
556	7.56	19.84	14.43	7.56	14.43	19.84	14.43	7.56	19.84	19.84	19.84	14.43	7.56	10.58	14.43
557	7.46	19.58	14.24	7.46	14.24	19.58	14.24	7.46	19.58	19.58	19.58	14.24	7.46	10.44	14.24
554	7.57	19.88	14.45	7.57	14.45	19.88	14.45	7.57	19.88	19.88	19.88	14.45	7.57	10.60	14.45
555	7.49	19.67	14.30	7.49	14.30	19.67	14.30	7.49	19.67	19.67	19.67	14.30	7.49	10.49	14.30
552	7.64	20.06	14.59	7.64	14.59	20.06	14.59	7.64	20.06	20.06	20.06	14.59	7.64	10.70	14.59
553	7.55	19.82	14.41	7.55	14.41	19.82	14.41	7.55	19.82	19.82	19.82	14.41	7.55	10.57	14.41
550	7.59	19.91	14.48	7.59	14.48	19.91	14.48	7.59	19.91	19.91	19.91	14.48	7.59	10.62	14.48
551	7.62	20.01	14.55	7.62	14.55	20.01	14.55	7.62	20.01	20.01	20.01	14.55	7.62	10.67	14.55
959	7.71	20.23	14.71	7.71	14.71	20.23	14.71	7.71	20.23	20.23	20.23	14.71	7.71	10.79	14.71
958	7.65	20.08	14.60	7.65	14.60	20.08	14.60	7.65	20.08	20.08	20.08	14.60	7.65	10.71	14.60
560	7.59	19.91	14.48	7.59	14.48	19.91	14.48	7.59	19.91	19.91	19.91	14.48	7.59	10.62	14.48
955	7.58	19.89	14.47	7.58	14.47	19.89	14.47	7.58	19.89	19.89	19.89	14.47	7.58	10.61	14.47
954	7.49	19.65	14.29	7.49	14.29	19.65	14.29	7.49	19.65	19.65	19.65	14.29	7.49	10.48	14.29
957	7.80	20.48	14.89	7.80	14.89	20.48	14.89	7.80	20.48	20.48	20.48	14.89	7.80	10.92	14.89
956	7.89	20.72	15.07	7.89	15.07	20.72	15.07	7.89	20.72	20.72	20.72	15.07	7.89	11.05	15.07
951	7.64	20.04	14.58	7.64	14.58	20.04	14.58	7.64	20.04	20.04	20.04	14.58	7.64	10.69	14.58
950	7.75	20.34	14.80	7.75	14.80	20.34	14.80	7.75	20.34	20.34	20.34	14.80	7.75	10.85	14.80
953	7.86	20.63	15.00	7.86	15.00	20.63	15.00	7.86	20.63	20.63	20.63	15.00	7.86	11.00	15.00
952	7.66	20.12	14.63	7.66	14.63	20.12	14.63	7.66	20.12	20.12	20.12	14.63	7.66	10.73	14.63
569	7.65	20.08	14.60	7.65	14.60	20.08	14.60	7.65	20.08	20.08	20.08	14.60	7.65	10.71	14.60
565	7.47	19.61	14.26	7.47	14.26	19.61	14.26	7.47	19.61	19.61	19.61	14.26	7.47	10.46	14.26
566	7.61	19.97	14.52	7.61	14.52	19.97	14.52	7.61	19.97	19.97	19.97	14.52	7.61	10.65	14.52
567	7.50	19.69	14.32	7.50	14.32	19.69	14.32	7.50	19.69	19.69	19.69	14.32	7.50	10.50	14.32
568	7.65	20.08	14.60	7.65	14.60	20.08	14.60	7.65	20.08	20.08	20.08	14.60	7.65	10.71	14.60
561	7.44	19.52	14.20	7.44	14.20	19.52	14.20	7.44	19.52	19.52	19.52	14.20	7.44	10.41	14.20
562	7.50	19.69	14.32	7.50	14.32	19.69	14.32	7.50	19.69	19.69	19.69	14.32	7.50	10.50	14.32
563	7.67	20.14	14.65	7.67	14.65	20.14	14.65	7.67	20.14	20.14	20.14	14.65	7.67	10.74	14.65
564	7.65	20.08	14.60	7.65	14.60	20.08	14.60	7.65	20.08	20.08	20.08	14.60	7.65	10.71	14.60
799	7.60	19.95	14.51	7.60	14.51	19.95	14.51	7.60	19.95	19.95	19.95	14.51	7.60	10.64	14.51
798	7.44	19.54	14.21	7.44	14.21	19.54	14.21	7.44	19.54	19.54	19.54	14.21	7.44	10.42	14.21
797	7.52	19.74	14.36	7.52	14.36	19.74	14.36	7.52	19.74	19.74	19.74	14.36	7.52	10.53	14.36
796	7.63	20.03	14.56	7.63	14.56	20.03	14.56	7.63	20.03	20.03	20.03	14.56	7.63	10.68	14.56
795	7.51	19.71	14.33	7.51	14.33	19.71	14.33	7.51	19.71	19.71	19.71	14.33	7.51	10.51	14.33
794	7.54	19.78	14.39	7.54	14.39	19.78	14.39	7.54	19.78	19.78	19.78	14.39	7.54	10.55	14.39
793	7.53	19.76	14.37	7.53	14.37	19.76	14.37	7.53	19.76	19.76	19.76	14.37	7.53	10.54	14.37
792	7.63	20.03	14.56	7.63	14.56	20.03	14.56	7.63	20.03	20.03	20.03	14.56	7.63	10.68	14.56
996	7.54	19.80	14.40	7.54	14.40	19.80	14.40	7.54	19.80	19.80	19.80	14.40	7.54	10.56	14.40
790	7.47	19.61	14.26	7.47	14.26	19.61	14.26	7.47	19.61	19.61	19.61	14.26	7.47	10.46	14.26
997	47.08	123.58	89.88	47.08	89.88	123.58	89.88	47.08	123.58	123.58	123.58	89.88	47.08	65.91	89.88
791	7.59	19.91	14.48	7.59	14.48	19.91	14.48	7.59	19.91	19.91	19.91	14.48	7.59	10.62	14.48
994	7.65	20.08	14.60	7.65	14.60	20.08	14.60	7.65	20.08	20.08	20.08	14.60	7.65	10.71	14.60
995	7.64	20.04	14.58	7.64	14.58	20.04	14.58	7.64	20.04	20.04	20.04	14.58	7.64	10.69	14.58
992	7.53	19.76	14.37	7.53	14.37	19.76	14.37	7.53	19.76	19.76	19.76	14.37	7.53	10.54	14.37
993	7.64	20.06	14.59	7.64	14.59	20.06	14.59	7.64	20.06	20.06	20.06	14.59	7.64	10.70	14.59
990	7.62	20.01	14.55	7.62	14.55	20.01	14.55	7.62	20.01	20.01	20.01	14.55	7.62	10.67	14.55
991	7.68	20.16	14.66	7.68	14.66	20.16	14.66	7.68	20.16	20.16	20.16	14.66	7.68	10.75	14.66
998	71.09	186.62	135.72	71.09	135.72	186.62	135.72	71.09	186.62	186.62	186.62	135.72	71.09	99.53	135.72
999	15.89	41.72	30.34	15.89	30.34	41.72	30.34	15.89	41.72	41.72	41.72	30.34	15.89	22.25	30.34
781	7.59	19.93	14.50	7.59	14.50	19.93	14.50	7.59	19.93	19.93	19.93	14.50	7.59	10.63	14.50
782	7.63	20.03	14.56	7.63	14.56	20.03	14.56	7.63	20.03	20.03	20.03	14.56	7.63	10.68	14.56
783	7.52	19.74	14.36	7.52	14.36	19.74	14.36	7.52	19.74	19.74	19.74	14.36	7.52	10.53	14.36
784	7.61	19.97	14.52	7.61	14.52	19.97	14.52	7.61	19.97	19.97	19.97	14.52	7.61	10.65	14.52
785	7.53	19.76	14.37	7.53	14.37	19.76	14.37	7.53	19.76	19.76	19.76	14.37	7.53	10.54	14.37
786	7.36	19.31	14.05	7.36	14.05	19.31	14.05	7.36	19.31	19.31	19.31	14.05	7.36	10.30	14.05
787	7.54	19.80	14.40	7.54	14.40	19.80	14.40	7.54	19.80	19.80	19.80	14.40	7.54	10.56	14.40
788	7.52	19.74	14.36	7.52	14.36	19.74	14.36	7.52	19.74	19.74	19.74	14.36	7.52	10.53	14.36
789	7.52	19.74	14.36	7.52	14.36	19.74	14.36	7.52	19.74	19.74	19.74	14.36	7.52	10.53	14.36
780	7.49	19.65	14.29	7.49	14.29	19.65	14.29	7.49	19.65	19.65	19.65	14.29	7.49	10.48	14.29
772	7.61	19.99	14.54	7.61	14.54	19.99	14.54	7.61	19.99	19.99	19.99	14.54	7.61	10.66	14.54
505	7.58	19.89	14.47	7.58	14.47	19.89	14.47	7.58	19.89	19.89	19.89	14.47	7.58	10.61	14.47
773	7.48	19.63	14.28	7.48	14.28	19.63	14.28	7.48	19.63	19.63	19.63	14.28	7.48	10.47	14.28
506	7.59	19.91	14.48	7.59	14.48	19.91	14.48	7.59	19.91	19.91	19.91	14.48	7.59	10.62	14.48
770	7.50	19.69	14.32	7.50	14.32	19.69	14.32	7.50	19.69	19.69	19.69	14.32	7.50	10.50	14.32
503	7.56	19.86	14.44	7.56	14.44	19.86	14.44	7.56	19.86	19.86	19.86	14.44	7.56	10.59	14.44
771	7.51	19.71	14.33	7.51	14.33	19.71	14.33	7.51	19.71	19.71	19.71	14.33	7.51	10.51	14.33
504	7.63	20.03	14.56	7.63	14.56	20.03	14.56	7.63	20.03	20.03	20.03	14.56	7.63	10.68	14.56
776	7.64	20.06	14.59	7.64	14.59	20.06	14.59	7.64	20.06	20.06	20.06	14.59	7.64	10.70	14.59
509	7.71	20.25	14.73	7.71	14.73	20.25	14.73	7.71	20.25	20.25	20.25	14.73	7.71	10.80	14.73
777	7.59	19.91	14.48	7.59	14.48	19.91	14.48	7.59	19.91	19.91	19.91	14.48	7.59	10.62	14.48
774	7.53	19.76	14.37	7.53	14.37	19.76	14.37	7.53	19.76	19.76	19.76	14.37	7.53	10.54	14.37
507	7.59	19.93	14.50	7.59	14.50	19.93	14.50	7.59	19.93	19.93	19.93	14.50	7.59	10.63	14.50
775	7.55	19.82	14.41	7.55	14.41	19.82	14.41	7.55	19.82	19.82	19.82	14.41	7.55	10.57	14.41
508	7.58	19.89	14.47	7.58	14.47	19.89	14.47	7.58	19.89	19.89	19.89	14.47	7.58	10.61	14.47
778	7.61	19.99	14.54	7.61	14.54	19.99	14.54	7.61	19.99	19.99	19.99	14.54	7.61	10.66	14.54
779	7.39	19.41	14.11	7.39	14.11	19.41	14.11	7.39	19.41	19.41	19.41	14.11	7.39	10.35	14.11
501	7.44	19.54	14.21	7.44	14.21	19.54	14.21	7.44	19.54	19.54	19.54	14.21	7.44	10.42	14.21
502	7.57	19.88	14.45	7.57	14.45	19.88	14.45	7.57	19.88	19.88	19.88	14.45	7.57	10.60	14.45
500	7.51	19.73	14.35	7.51	14.35	19.73	14.35	7.51	19.73	19.73	19.73	14.35	7.51	10.52	14.35
763	7.46	19.59	14.25	7.46	14.25	19.59	14.25	7.46	19.59	19.59	19.59	14.25	7.46	10.45	14.25
764	7.49	19.67	14.30	7.49	14.30	19.67	14.30	7.49	19.67	19.67	19.67	14.30	7.49	10.49	14.30
765	7.66	20.12	14.63	7.66	14.63	20.12	14.63	7.66	20.12	20.12	20.12	14.63	7.66	10.73	14.63
766	7.50	19.69	14.32	7.50	14.32	19.69	14.32	7.50	19.69	19.69	19.69	14.32	7.50	10.50	14.32
760	7.54	19.78	14.39	7.54	14.39	19.78	14.39	7.54	19.78	19.78	19.78	14.39	7.54	10.55	14.39
761	7.59	19.91	14.48	7.59	14.48	19.91	14.48	7.59	19.91	19.91	19.91	14.48	7.59	10.62	14.48
762	7.56	19.84	14.43	7.56	14.43	19.84	14.43	7.56	19.84	19.84	19.84	14.43	7.56	10.58	14.43
767	7.74	20.31	14.77	7.74	14.77	20.31	14.77	7.74	20.31	20.31	20.31	14.77	7.74	10.83	14.77
768	7.55	19.82	14.41	7.55	14.41	19.82	14.41	7.55	19.82	19.82	19.82	14.41	7.55	10.57	14.41
769	7.64	20.04	14.58	7.64	14.58	20.04	14.58	7.64	20.04	20.04	20.04	14.58	7.64	10.69	14.58
754	7.58	19.89	14.47	7.58	14.47	19.89	14.47	7.58	19.89	19.89	19.89	14.47	7.58	10.61	14.47
755	7.56	19.84	14.43	7.56	14.43	19.84	14.43	7.56	19.84	19.84	19.84	14.43	7.56	10.58	14.43
752	7.61	19.99	14.54	7.61	14.54	19.99	14.54	7.61	19.99	19.99	19.99	14.54	7.61	10.66	14.54
753	7.69	20.19	14.69	7.69	14.69	20.19	14.69	7.69	20.19	20.19	20.19	14.69	7.69	10.77	14.69
750	7.60	19.95	14.51	7.60	14.51	19.95	14.51	7.60	19.95	19.95	19.95	14.51	7.60	10.64	14.51
751	7.54	19.80	14.40	7.54	14.40	19.80	14.40	7.54	19.80	19.80	19.80	14.40	7.54	10.56	14.40
758	7.41	19.46	14.15	7.41	14.15	19.46	14.15	7.41	19.46	19.46	19.46	14.15	7.41	10.38	14.15
759	7.44	19.54	14.21	7.44	14.21	19.54	14.21	7.44	19.54	19.54	19.54	14.21	7.44	10.42	14.21
756	7.64	20.04	14.58	7.64	14.58	20.04	14.58	7.64	20.04	20.04	20.04	14.58	7.64	10.69	14.58
757	7.52	19.74	14.36	7.52	14.36	19.74	14.36	7.52	19.74	19.74	19.74	14.36	7.52	10.53	14.36
595	7.52	19.74	14.36	7.52	14.36	19.74	14.36	7.52	19.74	19.74	19.74	14.36	7.52	10.53	14.36
594	7.56	19.86	14.44	7.56	14.44	19.86	14.44	7.56	19.86	19.86	19.86	14.44	7.56	10.59	14.44
391	7.57	19.88	14.45	7.57	14.45	19.88	14.45	7.57	19.88	19.88	19.88	14.45	7.57	10.60	14.45
597	7.50	19.69	14.32	7.50	14.32	19.69	14.32	7.50	19.69	19.69	19.69	14.32	7.50	10.50	14.32
390	7.51	19.71	14.33	7.51	14.33	19.71	14.33	7.51	19.71	19.71	19.71	14.33	7.51	10.51	14.33
596	7.59	19.91	14.48	7.59	14.48	19.91	14.48	7.59	19.91	19.91	19.91	14.48	7.59	10.62	14.48
393	7.41	19.46	14.15	7.41	14.15	19.46	14.15	7.41	19.46	19.46	19.46	14.15	7.41	10.38	14.15
599	7.48	19.63	14.28	7.48	14.28	19.63	14.28	7.48	19.63	19.63	19.63	14.28	7.48	10.47	14.28
392	7.53	19.76	14.37	7.53	14.37	19.76	14.37	7.53	19.76	19.76	19.76	14.37	7.53	10.54	14.37
598	7.56	19.84	14.43	7.56	14.43	19.84	14.43	7.56	19.84	19.84	19.84	14.43	7.56	10.58	14.43
395	7.59	19.91	14.48	7.59	14.48	19.91	14.48	7.59	19.91	19.91	19.91	14.48	7.59	10.62	14.48
394	7.69	20.18	14.67	7.69	14.67	20.18	14.67	7.69	20.18	20.18	20.18	14.67	7.69	10.76	14.67
396	7.51	19.73	14.35	7.51	14.35	19.73	14.35	7.51	19.73	19.73	19.73	14.35	7.51	10.52	14.35
397	7.49	19.65	14.29	7.49	14.29	19.65	14.29	7.49	19.65	19.65	19.65	14.29	7.49	10.48	14.29
398	7.59	19.91	14.48	7.59	14.48	19.91	14.48	7.59	19.91	19.91	19.91	14.48	7.59	10.62	14.48
399	7.58	19.89	14.47	7.58	14.47	19.89	14.47	7.58	19.89	19.89	19.89	14.47	7.58	10.61	14.47
590	7.48	19.63	14.28	7.48	14.28	19.63	14.28	7.48	19.63	19.63	19.63	14.28	7.48	10.47	14.28
591	7.60	19.95	14.51	7.60	14.51	19.95	14.51	7.60	19.95	19.95	19.95	14.51	7.60	10.64	14.51
592	7.50	19.69	14.32	7.50	14.32	19.69	14.32	7.50	19.69	19.69	19.69	14.32	7.50	10.50	14.32
593	7.59	19.93	14.50	7.59	14.50	19.93	14.50	7.59	19.93	19.93	19.93	14.50	7.59	10.63	14.50
383	7.46	19.58	14.24	7.46	14.24	19.58	14.24	7.46	19.58	19.58	19.58	14.24	7.46	10.44	14.24
384	7.59	19.91	14.48	7.59	14.48	19.91	14.48	7.59	19.91	19.91	19.91	14.48	7.59	10.62	14.48
381	7.50	19.69	14.32	7.50	14.32	19.69	14.32	7.50	19.69	19.69	19.69	14.32	7.50	10.50	14.32
382	7.45	19.56	14.22	7.45	14.22	19.56	14.22	7.45	19.56	19.56	19.56	14.22	7.45	10.43	14.22
380	7.52	19.74	14.36	7.52	14.36	19.74	14.36	7.52	19.74	19.74	19.74	14.36	7.52	10.53	14.36
389	7.66	20.12	14.63	7.66	14.63	20.12	14.63	7.66	20.12	20.12	20.12	14.63	7.66	10.73	14.63
388	7.69	20.19	14.69	7.69	14.69	20.19	14.69	7.69	20.19	20.19	20.19	14.69	7.69	10.77	14.69
387	7.51	19.73	14.35	7.51	14.35	19.73	14.35	7.51	19.73	19.73	19.73	14.35	7.51	10.52	14.35
386	7.53	19.76	14.37	7.53	14.37	19.76	14.37	7.53	19.76	19.76	19.76	14.37	7.53	10.54	14.37
385	7.57	19.88	14.45	7.57	14.45	19.88	14.45	7.57	19.88	19.88	19.88	14.45	7.57	10.60	14.45
370	7.47	19.61	14.26	7.47	14.26	19.61	14.26	7.47	19.61	19.61	19.61	14.26	7.47	10.46	14.26
371	7.56	19.84	14.43	7.56	14.43	19.84	14.43	7.56	19.84	19.84	19.84	14.43	7.56	10.58	14.43
372	7.61	19.99	14.54	7.61	14.54	19.99	14.54	7.61	19.99	19.99	19.99	14.54	7.61	10.66	14.54
373	7.54	19.78	14.39	7.54	14.39	19.78	14.39	7.54	19.78	19.78	19.78	14.39	7.54	10.55	14.39
379	7.51	19.71	14.33	7.51	14.33	19.71	14.33	7.51	19.71	19.71	19.71	14.33	7.51	10.51	14.33
378	7.70	20.21	14.70	7.70	14.70	20.21	14.70	7.70	20.21	20.21	20.21	14.70	7.70	10.78	14.70
375	7.62	20.01	14.55	7.62	14.55	20.01	14.55	7.62	20.01	20.01	20.01	14.55	7.62	10.67	14.55
374	7.52	19.74	14.36	7.52	14.36	19.74	14.36	7.52	19.74	19.74	19.74	14.36	7.52	10.53	14.36
377	7.59	19.93	14.50	7.59	14.50	19.93	14.50	7.59	19.93	19.93	19.93	14.50	7.59	10.63	14.50
376	7.49	19.65	14.29	7.49	14.29	19.65	14.29	7.49	19.65	19.65	19.65	14.29	7.49	10.48	14.29
361	7.55	19.82	14.41	7.55	14.41	19.82	14.41	7.55	19.82	19.82	19.82	14.41	7.55	10.57	14.41
362	7.53	19.76	14.37	7.53	14.37	19.76	14.37	7.53	19.76	19.76	19.76	14.37	7.53	10.54	14.37
360	7.48	19.63	14.28	7.48	14.28	19.63	14.28	7.48	19.63	19.63	19.63	14.28	7.48	10.47	14.28
366	7.51	19.71	14.33	7.51	14.33	19.71	14.33	7.51	19.71	19.71	19.71	14.33	7.51	10.51	14.33
365	7.45	19.56	14.22	7.45	14.22	19.56	14.22	7.45	19.56	19.56	19.56	14.22	7.45	10.43	14.22
364	7.44	19.52	14.20	7.44	14.20	19.52	14.20	7.44	19.52	19.52	19.52	14.20	7.44	10.41	14.20
363	7.51	19.71	14.33	7.51	14.33	19.71	14.33	7.51	19.71	19.71	19.71	14.33	7.51	10.51	14.33
369	7.59	19.91	14.48	7.59	14.48	19.91	14.48	7.59	19.91	19.91	19.91	14.48	7.59	10.62	14.48
368	7.56	19.84	14.43	7.56	14.43	19.84	14.43	7.56	19.84	19.84	19.84	14.43	7.56	10.58	14.43
367	7.70	20.21	14.70	7.70	14.70	20.21	14.70	7.70	20.21	20.21	20.21	14.70	7.70	10.78	14.70
350	7.57	19.88	14.45	7.57	14.45	19.88	14.45	7.57	19.88	19.88	19.88	14.45	7.57	10.60	14.45
351	7.45	19.56	14.22	7.45	14.22	19.56	14.22	7.45	19.56	19.56	19.56	14.22	7.45	10.43	14.22
353	7.55	19.82	14.41	7.55	14.41	19.82	14.41	7.55	19.82	19.82	19.82	14.41	7.55	10.57	14.41
352	7.58	19.89	14.47	7.58	14.47	19.89	14.47	7.58	19.89	19.89	19.89	14.47	7.58	10.61	14.47
355	7.56	19.84	14.43	7.56	14.43	19.84	14.43	7.56	19.84	19.84	19.84	14.43	7.56	10.58	14.43
354	7.58	19.89	14.47	7.58	14.47	19.89	14.47	7.58	19.89	19.89	19.89	14.47	7.58	10.61	14.47
357	7.50	19.69	14.32	7.50	14.32	19.69	14.32	7.50	19.69	19.69	19.69	14.32	7.50	10.50	14.32
356	7.54	19.78	14.39	7.54	14.39	19.78	14.39	7.54	19.78	19.78	19.78	14.39	7.54	10.55	14.39
359	7.50	19.69	14.32	7.50	14.32	19.69	14.32	7.50	19.69	19.69	19.69	14.32	7.50	10.50	14.32
358	7.54	19.78	14.39	7.54	14.39	19.78	14.39	7.54	19.78	19.78	19.78	14.39	7.54	10.55	14.39
806	7.61	19.99	14.54	7.61	14.54	19.99	14.54	7.61	19.99	19.99	19.99	14.54	7.61	10.66	14.54
807	7.68	20.16	14.66	7.68	14.66	20.16	14.66	7.68	20.16	20.16	20.16	14.66	7.68	10.75	14.66
804	7.66	20.12	14.63	7.66	14.63	20.12	14.63	7.66	20.12	20.12	20.12	14.63	7.66	10.73	14.63
805	7.49	19.65	14.29	7.49	14.29	19.65	14.29	7.49	19.65	19.65	19.65	14.29	7.49	10.48	14.29
802	7.57	19.88	14.45	7.57	14.45	19.88	14.45	7.57	19.88	19.88	19.88	14.45	7.57	10.60	14.45
803	7.67	20.14	14.65	7.67	14.65	20.14	14.65	7.67	20.14	20.14	20.14	14.65	7.67	10.74	14.65
800	7.49	19.65	14.29	7.49	14.29	19.65	14.29	7.49	19.65	19.65	19.65	14.29	7.49	10.48	14.29
801	7.45	19.56	14.22	7.45	14.22	19.56	14.22	7.45	19.56	19.56	19.56	14.22	7.45	10.43	14.22
159	9.87	25.91	18.85	9.87	18.85	25.91	18.85	9.87	25.91	25.91	25.91	18.85	9.87	13.82	18.85
158	9.35	24.54	17.85	9.35	17.85	24.54	17.85	9.35	24.54	24.54	24.54	17.85	9.35	13.09	17.85
157	9.68	25.41	18.48	9.68	18.48	25.41	18.48	9.68	25.41	25.41	25.41	18.48	9.68	13.55	18.48
156	9.61	25.24	18.35	9.61	18.35	25.24	18.35	9.61	25.24	25.24	25.24	18.35	9.61	13.46	18.35
155	9.61	25.22	18.34	9.61	18.34	25.22	18.34	9.61	25.22	25.22	25.22	18.34	9.61	13.45	18.34
154	9.98	26.19	19.05	9.98	19.05	26.19	19.05	9.98	26.19	26.19	26.19	19.05	9.98	13.97	19.05
152	9.74	25.58	18.60	9.74	18.60	25.58	18.60	9.74	25.58	25.58	25.58	18.60	9.74	13.64	18.60
601	7.44	19.52	14.20	7.44	14.20	19.52	14.20	7.44	19.52	19.52	19.52	14.20	7.44	10.41	14.20
153	9.88	25.93	18.86	9.88	18.86	25.93	18.86	9.88	25.93	25.93	25.93	18.86	9.88	13.83	18.86
600	7.60	19.95	14.51	7.60	14.51	19.95	14.51	7.60	19.95	19.95	19.95	14.51	7.60	10.64	14.51
150	9.63	25.28	18.38	9.63	18.38	25.28	18.38	9.63	25.28	25.28	25.28	18.38	9.63	13.48	18.38
151	10.16	26.66	19.39	10.16	19.39	26.66	19.39	10.16	26.66	26.66	26.66	19.39	10.16	14.22	19.39
609	7.57	19.88	14.45	7.57	14.45	19.88	14.45	7.57	19.88	19.88	19.88	14.45	7.57	10.60	14.45
608	7.49	19.67	14.30	7.49	14.30	19.67	14.30	7.49	19.67	19.67	19.67	14.30	7.49	10.49	14.30
607	7.53	19.76	14.37	7.53	14.37	19.76	14.37	7.53	19.76	19.76	19.76	14.37	7.53	10.54	14.37
606	7.59	19.93	14.50	7.59	14.50	19.93	14.50	7.59	19.93	19.93	19.93	14.50	7.59	10.63	14.50
605	7.49	19.67	14.30	7.49	14.30	19.67	14.30	7.49	19.67	19.67	19.67	14.30	7.49	10.49	14.30
604	7.54	19.80	14.40	7.54	14.40	19.80	14.40	7.54	19.80	19.80	19.80	14.40	7.54	10.56	14.40
603	7.49	19.65	14.29	7.49	14.29	19.65	14.29	7.49	19.65	19.65	19.65	14.29	7.49	10.48	14.29
602	7.56	19.86	14.44	7.56	14.44	19.86	14.44	7.56	19.86	19.86	19.86	14.44	7.56	10.59	14.44
202	7.54	19.78	14.39	7.54	14.39	19.78	14.39	7.54	19.78	19.78	19.78	14.39	7.54	10.55	14.39
203	7.67	20.14	14.65	7.67	14.65	20.14	14.65	7.67	20.14	20.14	20.14	14.65	7.67	10.74	14.65
204	7.54	19.78	14.39	7.54	14.39	19.78	14.39	7.54	19.78	19.78	19.78	14.39	7.54	10.55	14.39
205	7.70	20.21	14.70	7.70	14.70	20.21	14.70	7.70	20.21	20.21	20.21	14.70	7.70	10.78	14.70
200	7.56	19.86	14.44	7.56	14.44	19.86	14.44	7.56	19.86	19.86	19.86	14.44	7.56	10.59	14.44
201	7.66	20.10	14.62	7.66	14.62	20.10	14.62	7.66	20.10	20.10	20.10	14.62	7.66	10.72	14.62
169	7.63	20.03	14.56	7.63	14.56	20.03	14.56	7.63	20.03	20.03	20.03	14.56	7.63	10.68	14.56
206	7.55	19.82	14.41	7.55	14.41	19.82	14.41	7.55	19.82	19.82	19.82	14.41	7.55	10.57	14.41
166	9.48	24.88	18.10	9.48	18.10	24.88	18.10	9.48	24.88	24.88	24.88	18.10	9.48	13.27	18.10
207	7.60	19.95	14.51	7.60	14.51	19.95	14.51	7.60	19.95	19.95	19.95	14.51	7.60	10.64	14.51
165	9.73	25.54	18.57	9.73	18.57	25.54	18.57	9.73	25.54	25.54	25.54	18.57	9.73	13.62	18.57
208	7.59	19.91	14.48	7.59	14.48	19.91	14.48	7.59	19.91	19.91	19.91	14.48	7.59	10.62	14.48
168	7.53	19.76	14.37	7.53	14.37	19.76	14.37	7.53	19.76	19.76	19.76	14.37	7.53	10.54	14.37
209	7.60	19.95	14.51	7.60	14.51	19.95	14.51	7.60	19.95	19.95	19.95	14.51	7.60	10.64	14.51
167	7.57	19.88	14.45	7.57	14.45	19.88	14.45	7.57	19.88	19.88	19.88	14.45	7.57	10.60	14.45
161	9.71	25.48	18.53	9.71	18.53	25.48	18.53	9.71	25.48	25.48	25.48	18.53	9.71	13.59	18.53
409	7.57	19.88	14.45	7.57	14.45	19.88	14.45	7.57	19.88	19.88	19.88	14.45	7.57	10.60	14.45
162	9.59	25.16	18.30	9.59	18.30	25.16	18.30	9.59	25.16	25.16	25.16	18.30	9.59	13.42	18.30
408	7.46	19.59	14.25	7.46	14.25	19.59	14.25	7.46	19.59	19.59	19.59	14.25	7.46	10.45	14.25
163	9.81	25.74	18.72	9.81	18.72	25.74	18.72	9.81	25.74	25.74	25.74	18.72	9.81	13.73	18.72
164	9.60	25.20	18.33	9.60	18.33	25.20	18.33	9.60	25.20	25.20	25.20	18.33	9.60	13.44	18.33
405	7.43	19.50	14.18	7.43	14.18	19.50	14.18	7.43	19.50	19.50	19.50	14.18	7.43	10.40	14.18
404	7.61	19.99	14.54	7.61	14.54	19.99	14.54	7.61	19.99	19.99	19.99	14.54	7.61	10.66	14.54
407	7.54	19.80	14.40	7.54	14.40	19.80	14.40	7.54	19.80	19.80	19.80	14.40	7.54	10.56	14.40
160	9.71	25.48	18.53	9.71	18.53	25.48	18.53	9.71	25.48	25.48	25.48	18.53	9.71	13.59	18.53
406	7.56	19.86	14.44	7.56	14.44	19.86	14.44	7.56	19.86	19.86	19.86	14.44	7.56	10.59	14.44
401	7.50	19.69	14.32	7.50	14.32	19.69	14.32	7.50	19.69	19.69	19.69	14.32	7.50	10.50	14.32
400	7.61	19.99	14.54	7.61	14.54	19.99	14.54	7.61	19.99	19.99	19.99	14.54	7.61	10.66	14.54
403	7.61	19.99	14.54	7.61	14.54	19.99	14.54	7.61	19.99	19.99	19.99	14.54	7.61	10.66	14.54
402	7.61	19.99	14.54	7.61	14.54	19.99	14.54	7.61	19.99	19.99	19.99	14.54	7.61	10.66	14.54
824	7.59	19.91	14.48	7.59	14.48	19.91	14.48	7.59	19.91	19.91	19.91	14.48	7.59	10.62	14.48
211	7.54	19.78	14.39	7.54	14.39	19.78	14.39	7.54	19.78	19.78	19.78	14.39	7.54	10.55	14.39
825	7.50	19.69	14.32	7.50	14.32	19.69	14.32	7.50	19.69	19.69	19.69	14.32	7.50	10.50	14.32
212	7.66	20.12	14.63	7.66	14.63	20.12	14.63	7.66	20.12	20.12	20.12	14.63	7.66	10.73	14.63
822	7.52	19.74	14.36	7.52	14.36	19.74	14.36	7.52	19.74	19.74	19.74	14.36	7.52	10.53	14.36
823	7.55	19.82	14.41	7.55	14.41	19.82	14.41	7.55	19.82	19.82	19.82	14.41	7.55	10.57	14.41
210	7.47	19.61	14.26	7.47	14.26	19.61	14.26	7.47	19.61	19.61	19.61	14.26	7.47	10.46	14.26
828	7.58	19.89	14.47	7.58	14.47	19.89	14.47	7.58	19.89	19.89	19.89	14.47	7.58	10.61	14.47
215	7.61	19.99	14.54	7.61	14.54	19.99	14.54	7.61	19.99	19.99	19.99	14.54	7.61	10.66	14.54
829	37.83	99.30	72.22	37.83	72.22	99.30	72.22	37.83	99.30	99.30	99.30	72.22	37.83	52.96	72.22
216	7.72	20.27	14.74	7.72	14.74	20.27	14.74	7.72	20.27	20.27	20.27	14.74	7.72	10.81	14.74
826	7.57	19.88	14.45	7.57	14.45	19.88	14.45	7.57	19.88	19.88	19.88	14.45	7.57	10.60	14.45
213	7.41	19.44	14.14	7.41	14.14	19.44	14.14	7.41	19.44	19.44	19.44	14.14	7.41	10.37	14.14
827	7.54	19.80	14.40	7.54	14.40	19.80	14.40	7.54	19.80	19.80	19.80	14.40	7.54	10.56	14.40
214	7.65	20.08	14.60	7.65	14.60	20.08	14.60	7.65	20.08	20.08	20.08	14.60	7.65	10.71	14.60
219	7.53	19.76	14.37	7.53	14.37	19.76	14.37	7.53	19.76	19.76	19.76	14.37	7.53	10.54	14.37
179	7.46	19.59	14.25	7.46	14.25	19.59	14.25	7.46	19.59	19.59	19.59	14.25	7.46	10.45	14.25
178	7.57	19.88	14.45	7.57	14.45	19.88	14.45	7.57	19.88	19.88	19.88	14.45	7.57	10.60	14.45
217	7.57	19.88	14.45	7.57	14.45	19.88	14.45	7.57	19.88	19.88	19.88	14.45	7.57	10.60	14.45
177	7.51	19.71	14.33	7.51	14.33	19.71	14.33	7.51	19.71	19.71	19.71	14.33	7.51	10.51	14.33
218	7.61	19.99	14.54	7.61	14.54	19.99	14.54	7.61	19.99	19.99	19.99	14.54	7.61	10.66	14.54
176	7.54	19.78	14.39	7.54	14.39	19.78	14.39	7.54	19.78	19.78	19.78	14.39	7.54	10.55	14.39
820	7.62	20.01	14.55	7.62	14.55	20.01	14.55	7.62	20.01	20.01	20.01	14.55	7.62	10.67	14.55
821	7.59	19.93	14.50	7.59	14.50	19.93	14.50	7.59	19.93	19.93	19.93	14.50	7.59	10.63	14.50
170	7.55	19.82	14.41	7.55	14.41	19.82	14.41	7.55	19.82	19.82	19.82	14.41	7.55	10.57	14.41
418	7.44	19.52	14.20	7.44	14.20	19.52	14.20	7.44	19.52	19.52	19.52	14.20	7.44	10.41	14.20
171	7.58	19.89	14.47	7.58	14.47	19.89	14.47	7.58	19.89	19.89	19.89	14.47	7.58	10.61	14.47
417	7.60	19.95	14.51	7.60	14.51	19.95	14.51	7.60	19.95	19.95	19.95	14.51	7.60	10.64	14.51
416	7.65	20.08	14.60	7.65	14.60	20.08	14.60	7.65	20.08	20.08	20.08	14.60	7.65	10.71	14.60
415	7.54	19.78	14.39	7.54	14.39	19.78	14.39	7.54	19.78	19.78	19.78	14.39	7.54	10.55	14.39
174	7.69	20.18	14.67	7.69	14.67	20.18	14.67	7.69	20.18	20.18	20.18	14.67	7.69	10.76	14.67
623	7.62	20.01	14.55	7.62	14.55	20.01	14.55	7.62	20.01	20.01	20.01	14.55	7.62	10.67	14.55
175	7.59	19.91	14.48	7.59	14.48	19.91	14.48	7.59	19.91	19.91	19.91	14.48	7.59	10.62	14.48
622	7.47	19.61	14.26	7.47	14.26	19.61	14.26	7.47	19.61	19.61	19.61	14.26	7.47	10.46	14.26
172	7.46	19.59	14.25	7.46	14.25	19.59	14.25	7.46	19.59	19.59	19.59	14.25	7.46	10.45	14.25
621	7.59	19.91	14.48	7.59	14.48	19.91	14.48	7.59	19.91	19.91	19.91	14.48	7.59	10.62	14.48
173	7.68	20.16	14.66	7.68	14.66	20.16	14.66	7.68	20.16	20.16	20.16	14.66	7.68	10.75	14.66
419	7.56	19.84	14.43	7.56	14.43	19.84	14.43	7.56	19.84	19.84	19.84	14.43	7.56	10.58	14.43
620	7.56	19.86	14.44	7.56	14.44	19.86	14.44	7.56	19.86	19.86	19.86	14.44	7.56	10.59	14.44
410	7.71	20.25	14.73	7.71	14.73	20.25	14.73	7.71	20.25	20.25	20.25	14.73	7.71	10.80	14.73
627	7.56	19.84	14.43	7.56	14.43	19.84	14.43	7.56	19.84	19.84	19.84	14.43	7.56	10.58	14.43
626	7.60	19.95	14.51	7.60	14.51	19.95	14.51	7.60	19.95	19.95	19.95	14.51	7.60	10.64	14.51
625	7.64	20.06	14.59	7.64	14.59	20.06	14.59	7.64	20.06	20.06	20.06	14.59	7.64	10.70	14.59
819	7.41	19.44	14.14	7.41	14.14	19.44	14.14	7.41	19.44	19.44	19.44	14.14	7.41	10.37	14.14
624	7.61	19.97	14.52	7.61	14.52	19.97	14.52	7.61	19.97	19.97	19.97	14.52	7.61	10.65	14.52
414	7.64	20.06	14.59	7.64	14.59	20.06	14.59	7.64	20.06	20.06	20.06	14.59	7.64	10.70	14.59
413	7.56	19.86	14.44	7.56	14.44	19.86	14.44	7.56	19.86	19.86	19.86	14.44	7.56	10.59	14.44
412	7.56	19.84	14.43	7.56	14.43	19.84	14.43	7.56	19.84	19.84	19.84	14.43	7.56	10.58	14.43
629	7.61	19.97	14.52	7.61	14.52	19.97	14.52	7.61	19.97	19.97	19.97	14.52	7.61	10.65	14.52
411	7.62	20.01	14.55	7.62	14.55	20.01	14.55	7.62	20.01	20.01	20.01	14.55	7.62	10.67	14.55
628	7.54	19.78	14.39	7.54	14.39	19.78	14.39	7.54	19.78	19.78	19.78	14.39	7.54	10.55	14.39
811	7.65	20.08	14.60	7.65	14.60	20.08	14.60	7.65	20.08	20.08	20.08	14.60	7.65	10.71	14.60
220	7.59	19.91	14.48	7.59	14.48	19.91	14.48	7.59	19.91	19.91	19.91	14.48	7.59	10.62	14.48
812	7.55	19.82	14.41	7.55	14.41	19.82	14.41	7.55	19.82	19.82	19.82	14.41	7.55	10.57	14.41
221	7.61	19.97	14.52	7.61	14.52	19.97	14.52	7.61	19.97	19.97	19.97	14.52	7.61	10.65	14.52
813	7.59	19.91	14.48	7.59	14.48	19.91	14.48	7.59	19.91	19.91	19.91	14.48	7.59	10.62	14.48
222	7.75	20.34	14.80	7.75	14.80	20.34	14.80	7.75	20.34	20.34	20.34	14.80	7.75	10.85	14.80
814	7.68	20.16	14.66	7.68	14.66	20.16	14.66	7.68	20.16	20.16	20.16	14.66	7.68	10.75	14.66
223	7.52	19.74	14.36	7.52	14.36	19.74	14.36	7.52	19.74	19.74	19.74	14.36	7.52	10.53	14.36
815	7.57	19.88	14.45	7.57	14.45	19.88	14.45	7.57	19.88	19.88	19.88	14.45	7.57	10.60	14.45
224	7.57	19.88	14.45	7.57	14.45	19.88	14.45	7.57	19.88	19.88	19.88	14.45	7.57	10.60	14.45
816	7.52	19.74	14.36	7.52	14.36	19.74	14.36	7.52	19.74	19.74	19.74	14.36	7.52	10.53	14.36
225	7.63	20.03	14.56	7.63	14.56	20.03	14.56	7.63	20.03	20.03	20.03	14.56	7.63	10.68	14.56
817	7.52	19.74	14.36	7.52	14.36	19.74	14.36	7.52	19.74	19.74	19.74	14.36	7.52	10.53	14.36
226	7.57	19.88	14.45	7.57	14.45	19.88	14.45	7.57	19.88	19.88	19.88	14.45	7.57	10.60	14.45
818	7.54	19.78	14.39	7.54	14.39	19.78	14.39	7.54	19.78	19.78	19.78	14.39	7.54	10.55	14.39
227	7.41	19.46	14.15	7.41	14.15	19.46	14.15	7.41	19.46	19.46	19.46	14.15	7.41	10.38	14.15
228	7.51	19.73	14.35	7.51	14.35	19.73	14.35	7.51	19.73	19.73	19.73	14.35	7.51	10.52	14.35
188	7.66	20.10	14.62	7.66	14.62	20.10	14.62	7.66	20.10	20.10	20.10	14.62	7.66	10.72	14.62
229	7.54	19.80	14.40	7.54	14.40	19.80	14.40	7.54	19.80	19.80	19.80	14.40	7.54	10.56	14.40
187	7.54	19.80	14.40	7.54	14.40	19.80	14.40	7.54	19.80	19.80	19.80	14.40	7.54	10.56	14.40
189	7.68	20.16	14.66	7.68	14.66	20.16	14.66	7.68	20.16	20.16	20.16	14.66	7.68	10.75	14.66
810	7.64	20.06	14.59	7.64	14.59	20.06	14.59	7.64	20.06	20.06	20.06	14.59	7.64	10.70	14.59
427	7.67	20.14	14.65	7.67	14.65	20.14	14.65	7.67	20.14	20.14	20.14	14.65	7.67	10.74	14.65
180	7.60	19.95	14.51	7.60	14.51	19.95	14.51	7.60	19.95	19.95	19.95	14.51	7.60	10.64	14.51
426	7.59	19.93	14.50	7.59	14.50	19.93	14.50	7.59	19.93	19.93	19.93	14.50	7.59	10.63	14.50
181	7.64	20.06	14.59	7.64	14.59	20.06	14.59	7.64	20.06	20.06	20.06	14.59	7.64	10.70	14.59
429	7.66	20.10	14.62	7.66	14.62	20.10	14.62	7.66	20.10	20.10	20.10	14.62	7.66	10.72	14.62
182	7.69	20.19	14.69	7.69	14.69	20.19	14.69	7.69	20.19	20.19	20.19	14.69	7.69	10.77	14.69
428	7.64	20.06	14.59	7.64	14.59	20.06	14.59	7.64	20.06	20.06	20.06	14.59	7.64	10.70	14.59
183	7.67	20.14	14.65	7.67	14.65	20.14	14.65	7.67	20.14	20.14	20.14	14.65	7.67	10.74	14.65
610	7.51	19.73	14.35	7.51	14.35	19.73	14.35	7.51	19.73	19.73	19.73	14.35	7.51	10.52	14.35
184	7.51	19.73	14.35	7.51	14.35	19.73	14.35	7.51	19.73	19.73	19.73	14.35	7.51	10.52	14.35
185	7.64	20.06	14.59	7.64	14.59	20.06	14.59	7.64	20.06	20.06	20.06	14.59	7.64	10.70	14.59
612	7.60	19.95	14.51	7.60	14.51	19.95	14.51	7.60	19.95	19.95	19.95	14.51	7.60	10.64	14.51
186	7.48	19.63	14.28	7.48	14.28	19.63	14.28	7.48	19.63	19.63	19.63	14.28	7.48	10.47	14.28
611	7.55	19.82	14.41	7.55	14.41	19.82	14.41	7.55	19.82	19.82	19.82	14.41	7.55	10.57	14.41
809	7.44	19.54	14.21	7.44	14.21	19.54	14.21	7.44	19.54	19.54	19.54	14.21	7.44	10.42	14.21
614	7.63	20.03	14.56	7.63	14.56	20.03	14.56	7.63	20.03	20.03	20.03	14.56	7.63	10.68	14.56
808	7.49	19.65	14.29	7.49	14.29	19.65	14.29	7.49	19.65	19.65	19.65	14.29	7.49	10.48	14.29
613	7.57	19.88	14.45	7.57	14.45	19.88	14.45	7.57	19.88	19.88	19.88	14.45	7.57	10.60	14.45
421	7.60	19.95	14.51	7.60	14.51	19.95	14.51	7.60	19.95	19.95	19.95	14.51	7.60	10.64	14.51
616	7.64	20.06	14.59	7.64	14.59	20.06	14.59	7.64	20.06	20.06	20.06	14.59	7.64	10.70	14.59
420	7.49	19.65	14.29	7.49	14.29	19.65	14.29	7.49	19.65	19.65	19.65	14.29	7.49	10.48	14.29
615	7.61	19.99	14.54	7.61	14.54	19.99	14.54	7.61	19.99	19.99	19.99	14.54	7.61	10.66	14.54
423	7.52	19.74	14.36	7.52	14.36	19.74	14.36	7.52	19.74	19.74	19.74	14.36	7.52	10.53	14.36
618	7.46	19.59	14.25	7.46	14.25	19.59	14.25	7.46	19.59	19.59	19.59	14.25	7.46	10.45	14.25
422	7.51	19.73	14.35	7.51	14.35	19.73	14.35	7.51	19.73	19.73	19.73	14.35	7.51	10.52	14.35
617	7.54	19.78	14.39	7.54	14.39	19.78	14.39	7.54	19.78	19.78	19.78	14.39	7.54	10.55	14.39
425	7.60	19.95	14.51	7.60	14.51	19.95	14.51	7.60	19.95	19.95	19.95	14.51	7.60	10.64	14.51
424	7.66	20.10	14.62	7.66	14.62	20.10	14.62	7.66	20.10	20.10	20.10	14.62	7.66	10.72	14.62
619	7.55	19.82	14.41	7.55	14.41	19.82	14.41	7.55	19.82	19.82	19.82	14.41	7.55	10.57	14.41
843	7.51	19.71	14.33	7.51	14.33	19.71	14.33	7.51	19.71	19.71	19.71	14.33	7.51	10.51	14.33
116	9.83	25.80	18.76	9.83	18.76	25.80	18.76	9.83	25.80	25.80	25.80	18.76	9.83	13.76	18.76
842	7.71	20.25	14.73	7.71	14.73	20.25	14.73	7.71	20.25	20.25	20.25	14.73	7.71	10.80	14.73
117	9.87	25.91	18.85	9.87	18.85	25.91	18.85	9.87	25.91	25.91	25.91	18.85	9.87	13.82	18.85
841	7.76	20.36	14.81	7.76	14.81	20.36	14.81	7.76	20.36	20.36	20.36	14.81	7.76	10.86	14.81
114	9.54	25.05	18.22	9.54	18.22	25.05	18.22	9.54	25.05	25.05	25.05	18.22	9.54	13.36	18.22
840	7.66	20.12	14.63	7.66	14.63	20.12	14.63	7.66	20.12	20.12	20.12	14.63	7.66	10.73	14.63
115	9.51	24.96	18.15	9.51	18.15	24.96	18.15	9.51	24.96	24.96	24.96	18.15	9.51	13.31	18.15
112	9.96	26.16	19.02	9.96	19.02	26.16	19.02	9.96	26.16	26.16	26.16	19.02	9.96	13.95	19.02
113	9.81	25.76	18.74	9.81	18.74	25.76	18.74	9.81	25.76	25.76	25.76	18.74	9.81	13.74	18.74
110	10.16	26.68	19.40	10.16	19.40	26.68	19.40	10.16	26.68	26.68	26.68	19.40	10.16	14.23	19.40
111	9.74	25.56	18.59	9.74	18.59	25.56	18.59	9.74	25.56	25.56	25.56	18.59	9.74	13.63	18.59
849	7.58	19.89	14.47	7.58	14.47	19.89	14.47	7.58	19.89	19.89	19.89	14.47	7.58	10.61	14.47
848	7.47	19.61	14.26	7.47	14.26	19.61	14.26	7.47	19.61	19.61	19.61	14.26	7.47	10.46	14.26
847	7.94	20.85	15.16	7.94	15.16	20.85	15.16	7.94	20.85	20.85	20.85	15.16	7.94	11.12	15.16
846	7.71	20.23	14.71	7.71	14.71	20.23	14.71	7.71	20.23	20.23	20.23	14.71	7.71	10.79	14.71
845	7.74	20.33	14.78	7.74	14.78	20.33	14.78	7.74	20.33	20.33	20.33	14.78	7.74	10.84	14.78
118	9.56	25.09	18.25	9.56	18.25	25.09	18.25	9.56	25.09	25.09	25.09	18.25	9.56	13.38	18.25
844	7.62	20.01	14.55	7.62	14.55	20.01	14.55	7.62	20.01	20.01	20.01	14.55	7.62	10.67	14.55
119	9.50	24.94	18.14	9.50	18.14	24.94	18.14	9.50	24.94	24.94	24.94	18.14	9.50	13.30	18.14
435	7.51	19.73	14.35	7.51	14.35	19.73	14.35	7.51	19.73	19.73	19.73	14.35	7.51	10.52	14.35
436	7.45	19.56	14.22	7.45	14.22	19.56	14.22	7.45	19.56	19.56	19.56	14.22	7.45	10.43	14.22
433	7.40	19.43	14.13	7.40	14.13	19.43	14.13	7.40	19.43	19.43	19.43	14.13	7.40	10.36	14.13
434	7.50	19.69	14.32	7.50	14.32	19.69	14.32	7.50	19.69	19.69	19.69	14.32	7.50	10.50	14.32
431	7.66	20.12	14.63	7.66	14.63	20.12	14.63	7.66	20.12	20.12	20.12	14.63	7.66	10.73	14.63
432	7.63	20.03	14.56	7.63	14.56	20.03	14.56	7.63	20.03	20.03	20.03	14.56	7.63	10.68	14.56
430	7.49	19.65	14.29	7.49	14.29	19.65	14.29	7.49	19.65	19.65	19.65	14.29	7.49	10.48	14.29
439	7.53	19.76	14.37	7.53	14.37	19.76	14.37	7.53	19.76	19.76	19.76	14.37	7.53	10.54	14.37
437	7.53	19.76	14.37	7.53	14.37	19.76	14.37	7.53	19.76	19.76	19.76	14.37	7.53	10.54	14.37
438	7.57	19.88	14.45	7.57	14.45	19.88	14.45	7.57	19.88	19.88	19.88	14.45	7.57	10.60	14.45
830	63.66	167.10	121.53	63.66	121.53	167.10	121.53	63.66	167.10	167.10	167.10	121.53	63.66	89.12	121.53
125	9.75	25.59	18.61	9.75	18.61	25.59	18.61	9.75	25.59	25.59	25.59	18.61	9.75	13.65	18.61
126	9.63	25.28	18.38	9.63	18.38	25.28	18.38	9.63	25.28	25.28	25.28	18.38	9.63	13.48	18.38
832	7.56	19.86	14.44	7.56	14.44	19.86	14.44	7.56	19.86	19.86	19.86	14.44	7.56	10.59	14.44
127	9.72	25.52	18.56	9.72	18.56	25.52	18.56	9.72	25.52	25.52	25.52	18.56	9.72	13.61	18.56
831	7.52	19.74	14.36	7.52	14.36	19.74	14.36	7.52	19.74	19.74	19.74	14.36	7.52	10.53	14.36
128	9.82	25.78	18.75	9.82	18.75	25.78	18.75	9.82	25.78	25.78	25.78	18.75	9.82	13.75	18.75
121	9.66	25.37	18.45	9.66	18.45	25.37	18.45	9.66	25.37	25.37	25.37	18.45	9.66	13.53	18.45
122	9.43	24.75	18.00	9.43	18.00	24.75	18.00	9.43	24.75	24.75	24.75	18.00	9.43	13.20	18.00
123	9.53	25.01	18.19	9.53	18.19	25.01	18.19	9.53	25.01	25.01	25.01	18.19	9.53	13.34	18.19
124	9.51	24.96	18.15	9.51	18.15	24.96	18.15	9.51	24.96	24.96	24.96	18.15	9.51	13.31	18.15
838	7.62	20.01	14.55	7.62	14.55	20.01	14.55	7.62	20.01	20.01	20.01	14.55	7.62	10.67	14.55
837	7.48	19.63	14.28	7.48	14.28	19.63	14.28	7.48	19.63	19.63	19.63	14.28	7.48	10.47	14.28
839	7.54	19.80	14.40	7.54	14.40	19.80	14.40	7.54	19.80	19.80	19.80	14.40	7.54	10.56	14.40
834	7.56	19.84	14.43	7.56	14.43	19.84	14.43	7.56	19.84	19.84	19.84	14.43	7.56	10.58	14.43
129	9.40	24.68	17.95	9.40	17.95	24.68	17.95	9.40	24.68	24.68	24.68	17.95	9.40	13.16	17.95
833	7.52	19.74	14.36	7.52	14.36	19.74	14.36	7.52	19.74	19.74	19.74	14.36	7.52	10.53	14.36
836	7.65	20.08	14.60	7.65	14.60	20.08	14.60	7.65	20.08	20.08	20.08	14.60	7.65	10.71	14.60
835	7.69	20.19	14.69	7.69	14.69	20.19	14.69	7.69	20.19	20.19	20.19	14.69	7.69	10.77	14.69
444	7.66	20.12	14.63	7.66	14.63	20.12	14.63	7.66	20.12	20.12	20.12	14.63	7.66	10.73	14.63
445	7.63	20.03	14.56	7.63	14.56	20.03	14.56	7.63	20.03	20.03	20.03	14.56	7.63	10.68	14.56
446	7.56	19.86	14.44	7.56	14.44	19.86	14.44	7.56	19.86	19.86	19.86	14.44	7.56	10.59	14.44
447	7.65	20.08	14.60	7.65	14.60	20.08	14.60	7.65	20.08	20.08	20.08	14.60	7.65	10.71	14.60
440	7.63	20.03	14.56	7.63	14.56	20.03	14.56	7.63	20.03	20.03	20.03	14.56	7.63	10.68	14.56
441	7.67	20.14	14.65	7.67	14.65	20.14	14.65	7.67	20.14	20.14	20.14	14.65	7.67	10.74	14.65
442	7.63	20.03	14.56	7.63	14.56	20.03	14.56	7.63	20.03	20.03	20.03	14.56	7.63	10.68	14.56
443	7.57	19.88	14.45	7.57	14.45	19.88	14.45	7.57	19.88	19.88	19.88	14.45	7.57	10.60	14.45
120	9.65	25.33	18.42	9.65	18.42	25.33	18.42	9.65	25.33	25.33	25.33	18.42	9.65	13.51	18.42
448	7.62	20.01	14.55	7.62	14.55	20.01	14.55	7.62	20.01	20.01	20.01	14.55	7.62	10.67	14.55
449	7.50	19.69	14.32	7.50	14.32	19.69	14.32	7.50	19.69	19.69	19.69	14.32	7.50	10.50	14.32
861	7.71	20.25	14.73	7.71	14.73	20.25	14.73	7.71	20.25	20.25	20.25	14.73	7.71	10.80	14.73
134	9.66	25.35	18.44	9.66	18.44	25.35	18.44	9.66	25.35	25.35	25.35	18.44	9.66	13.52	18.44
860	7.73	20.29	14.75	7.73	14.75	20.29	14.75	7.73	20.29	20.29	20.29	14.75	7.73	10.82	14.75
135	9.86	25.88	18.82	9.86	18.82	25.88	18.82	9.86	25.88	25.88	25.88	18.82	9.86	13.80	18.82
132	9.64	25.29	18.40	9.64	18.40	25.29	18.40	9.64	25.29	25.29	25.29	18.40	9.64	13.49	18.40
133	9.77	25.65	18.65	9.77	18.65	25.65	18.65	9.77	25.65	25.65	25.65	18.65	9.77	13.68	18.65
865	7.74	20.31	14.77	7.74	14.77	20.31	14.77	7.74	20.31	20.31	20.31	14.77	7.74	10.83	14.77
138	9.71	25.48	18.53	9.71	18.53	25.48	18.53	9.71	25.48	25.48	25.48	18.53	9.71	13.59	18.53
864	7.66	20.12	14.63	7.66	14.63	20.12	14.63	7.66	20.12	20.12	20.12	14.63	7.66	10.73	14.63
139	9.64	25.31	18.41	9.64	18.41	25.31	18.41	9.64	25.31	25.31	25.31	18.41	9.64	13.50	18.41
863	7.46	19.59	14.25	7.46	14.25	19.59	14.25	7.46	19.59	19.59	19.59	14.25	7.46	10.45	14.25
136	9.52	24.99	18.18	9.52	18.18	24.99	18.18	9.52	24.99	24.99	24.99	18.18	9.52	13.33	18.18
862	7.55	19.82	14.41	7.55	14.41	19.82	14.41	7.55	19.82	19.82	19.82	14.41	7.55	10.57	14.41
137	9.61	25.24	18.35	9.61	18.35	25.24	18.35	9.61	25.24	25.24	25.24	18.35	9.61	13.46	18.35
869	7.59	19.91	14.48	7.59	14.48	19.91	14.48	7.59	19.91	19.91	19.91	14.48	7.59	10.62	14.48
868	7.84	20.57	14.96	7.84	14.96	20.57	14.96	7.84	20.57	20.57	20.57	14.96	7.84	10.97	14.96
867	7.66	20.10	14.62	7.66	14.62	20.10	14.62	7.66	20.10	20.10	20.10	14.62	7.66	10.72	14.62
866	7.51	19.73	14.35	7.51	14.35	19.73	14.35	7.51	19.73	19.73	19.73	14.35	7.51	10.52	14.35
450	7.49	19.65	14.29	7.49	14.29	19.65	14.29	7.49	19.65	19.65	19.65	14.29	7.49	10.48	14.29
453	7.48	19.63	14.28	7.48	14.28	19.63	14.28	7.48	19.63	19.63	19.63	14.28	7.48	10.47	14.28
454	7.54	19.78	14.39	7.54	14.39	19.78	14.39	7.54	19.78	19.78	19.78	14.39	7.54	10.55	14.39
451	7.52	19.74	14.36	7.52	14.36	19.74	14.36	7.52	19.74	19.74	19.74	14.36	7.52	10.53	14.36
452	7.62	20.01	14.55	7.62	14.55	20.01	14.55	7.62	20.01	20.01	20.01	14.55	7.62	10.67	14.55
457	7.64	20.04	14.58	7.64	14.58	20.04	14.58	7.64	20.04	20.04	20.04	14.58	7.64	10.69	14.58
458	7.57	19.88	14.45	7.57	14.45	19.88	14.45	7.57	19.88	19.88	19.88	14.45	7.57	10.60	14.45
455	7.57	19.88	14.45	7.57	14.45	19.88	14.45	7.57	19.88	19.88	19.88	14.45	7.57	10.60	14.45
456	7.58	19.89	14.47	7.58	14.47	19.89	14.47	7.58	19.89	19.89	19.89	14.47	7.58	10.61	14.47
459	7.54	19.78	14.39	7.54	14.39	19.78	14.39	7.54	19.78	19.78	19.78	14.39	7.54	10.55	14.39
131	9.65	25.33	18.42	9.65	18.42	25.33	18.42	9.65	25.33	25.33	25.33	18.42	9.65	13.51	18.42
130	9.62	25.26	18.37	9.62	18.37	25.26	18.37	9.62	25.26	25.26	25.26	18.37	9.62	13.47	18.37
143	9.41	24.71	17.97	9.41	17.97	24.71	17.97	9.41	24.71	24.71	24.71	17.97	9.41	13.18	17.97
144	9.54	25.03	18.20	9.54	18.20	25.03	18.20	9.54	25.03	25.03	25.03	18.20	9.54	13.35	18.20
850	7.54	19.80	14.40	7.54	14.40	19.80	14.40	7.54	19.80	19.80	19.80	14.40	7.54	10.56	14.40
145	10.00	26.25	19.09	10.00	19.09	26.25	19.09	10.00	26.25	26.25	26.25	19.09	10.00	14.00	19.09
146	9.84	25.84	18.79	9.84	18.79	25.84	18.79	9.84	25.84	25.84	25.84	18.79	9.84	13.78	18.79
852	7.44	19.52	14.20	7.44	14.20	19.52	14.20	7.44	19.52	19.52	19.52	14.20	7.44	10.41	14.20
147	9.66	25.35	18.44	9.66	18.44	25.35	18.44	9.66	25.35	25.35	25.35	18.44	9.66	13.52	18.44
851	7.77	20.40	14.84	7.77	14.84	20.40	14.84	7.77	20.40	20.40	20.40	14.84	7.77	10.88	14.84
148	9.90	25.99	18.90	9.90	18.90	25.99	18.90	9.90	25.99	25.99	25.99	18.90	9.90	13.86	18.90
854	7.71	20.25	14.73	7.71	14.73	20.25	14.73	7.71	20.25	20.25	20.25	14.73	7.71	10.80	14.73
149	9.59	25.18	18.31	9.59	18.31	25.18	18.31	9.59	25.18	25.18	25.18	18.31	9.59	13.43	18.31
853	7.79	20.44	14.86	7.79	14.86	20.44	14.86	7.79	20.44	20.44	20.44	14.86	7.79	10.90	14.86
856	7.84	20.57	14.96	7.84	14.96	20.57	14.96	7.84	20.57	20.57	20.57	14.96	7.84	10.97	14.96
855	7.48	19.63	14.28	7.48	14.28	19.63	14.28	7.48	19.63	19.63	19.63	14.28	7.48	10.47	14.28
858	7.41	19.44	14.14	7.41	14.14	19.44	14.14	7.41	19.44	19.44	19.44	14.14	7.41	10.37	14.14
857	7.76	20.38	14.82	7.76	14.82	20.38	14.82	7.76	20.38	20.38	20.38	14.82	7.76	10.87	14.82
859	7.54	19.78	14.39	7.54	14.39	19.78	14.39	7.54	19.78	19.78	19.78	14.39	7.54	10.55	14.39
461	7.54	19.78	14.39	7.54	14.39	19.78	14.39	7.54	19.78	19.78	19.78	14.39	7.54	10.55	14.39
460	7.62	20.01	14.55	7.62	14.55	20.01	14.55	7.62	20.01	20.01	20.01	14.55	7.62	10.67	14.55
462	7.63	20.03	14.56	7.63	14.56	20.03	14.56	7.63	20.03	20.03	20.03	14.56	7.63	10.68	14.56
463	7.45	19.56	14.22	7.45	14.22	19.56	14.22	7.45	19.56	19.56	19.56	14.22	7.45	10.43	14.22
464	7.52	19.74	14.36	7.52	14.36	19.74	14.36	7.52	19.74	19.74	19.74	14.36	7.52	10.53	14.36
465	7.59	19.93	14.50	7.59	14.50	19.93	14.50	7.59	19.93	19.93	19.93	14.50	7.59	10.63	14.50
466	7.59	19.91	14.48	7.59	14.48	19.91	14.48	7.59	19.91	19.91	19.91	14.48	7.59	10.62	14.48
467	7.54	19.78	14.39	7.54	14.39	19.78	14.39	7.54	19.78	19.78	19.78	14.39	7.54	10.55	14.39
468	7.62	20.01	14.55	7.62	14.55	20.01	14.55	7.62	20.01	20.01	20.01	14.55	7.62	10.67	14.55
469	7.56	19.86	14.44	7.56	14.44	19.86	14.44	7.56	19.86	19.86	19.86	14.44	7.56	10.59	14.44
140	9.66	25.37	18.45	9.66	18.45	25.37	18.45	9.66	25.37	25.37	25.37	18.45	9.66	13.53	18.45
142	9.61	25.24	18.35	9.61	18.35	25.24	18.35	9.61	25.24	25.24	25.24	18.35	9.61	13.46	18.35
141	9.70	25.46	18.52	9.70	18.52	25.46	18.52	9.70	25.46	25.46	25.46	18.52	9.70	13.58	18.52
687	7.49	19.67	14.30	7.49	14.30	19.67	14.30	7.49	19.67	19.67	19.67	14.30	7.49	10.49	14.30
686	7.50	19.69	14.32	7.50	14.32	19.69	14.32	7.50	19.69	19.69	19.69	14.32	7.50	10.50	14.32
689	7.51	19.71	14.33	7.51	14.33	19.71	14.33	7.51	19.71	19.71	19.71	14.33	7.51	10.51	14.33
688	7.49	19.65	14.29	7.49	14.29	19.65	14.29	7.49	19.65	19.65	19.65	14.29	7.49	10.48	14.29
683	7.43	19.50	14.18	7.43	14.18	19.50	14.18	7.43	19.50	19.50	19.50	14.18	7.43	10.40	14.18
682	7.62	20.01	14.55	7.62	14.55	20.01	14.55	7.62	20.01	20.01	20.01	14.55	7.62	10.67	14.55
685	7.65	20.08	14.60	7.65	14.60	20.08	14.60	7.65	20.08	20.08	20.08	14.60	7.65	10.71	14.60
684	7.43	19.50	14.18	7.43	14.18	19.50	14.18	7.43	19.50	19.50	19.50	14.18	7.43	10.40	14.18
888	7.63	20.03	14.56	7.63	14.56	20.03	14.56	7.63	20.03	20.03	20.03	14.56	7.63	10.68	14.56
889	7.59	19.91	14.48	7.59	14.48	19.91	14.48	7.59	19.91	19.91	19.91	14.48	7.59	10.62	14.48
884	7.64	20.06	14.59	7.64	14.59	20.06	14.59	7.64	20.06	20.06	20.06	14.59	7.64	10.70	14.59
885	7.79	20.44	14.86	7.79	14.86	20.44	14.86	7.79	20.44	20.44	20.44	14.86	7.79	10.90	14.86
886	7.89	20.72	15.07	7.89	15.07	20.72	15.07	7.89	20.72	20.72	20.72	15.07	7.89	11.05	15.07
680	7.56	19.84	14.43	7.56	14.43	19.84	14.43	7.56	19.84	19.84	19.84	14.43	7.56	10.58	14.43
887	7.69	20.18	14.67	7.69	14.67	20.18	14.67	7.69	20.18	20.18	20.18	14.67	7.69	10.76	14.67
681	7.58	19.89	14.47	7.58	14.47	19.89	14.47	7.58	19.89	19.89	19.89	14.47	7.58	10.61	14.47
880	7.62	20.01	14.55	7.62	14.55	20.01	14.55	7.62	20.01	20.01	20.01	14.55	7.62	10.67	14.55
881	7.65	20.08	14.60	7.65	14.60	20.08	14.60	7.65	20.08	20.08	20.08	14.60	7.65	10.71	14.60
882	7.69	20.18	14.67	7.69	14.67	20.18	14.67	7.69	20.18	20.18	20.18	14.67	7.69	10.76	14.67
883	7.53	19.76	14.37	7.53	14.37	19.76	14.37	7.53	19.76	19.76	19.76	14.37	7.53	10.54	14.37
678	7.55	19.82	14.41	7.55	14.41	19.82	14.41	7.55	19.82	19.82	19.82	14.41	7.55	10.57	14.41
677	7.53	19.76	14.37	7.53	14.37	19.76	14.37	7.53	19.76	19.76	19.76	14.37	7.53	10.54	14.37
676	7.54	19.78	14.39	7.54	14.39	19.78	14.39	7.54	19.78	19.78	19.78	14.39	7.54	10.55	14.39
675	7.50	19.69	14.32	7.50	14.32	19.69	14.32	7.50	19.69	19.69	19.69	14.32	7.50	10.50	14.32
674	7.40	19.43	14.13	7.40	14.13	19.43	14.13	7.40	19.43	19.43	19.43	14.13	7.40	10.36	14.13
673	7.41	19.46	14.15	7.41	14.15	19.46	14.15	7.41	19.46	19.46	19.46	14.15	7.41	10.38	14.15
672	7.43	19.50	14.18	7.43	14.18	19.50	14.18	7.43	19.50	19.50	19.50	14.18	7.43	10.40	14.18
671	7.46	19.59	14.25	7.46	14.25	19.59	14.25	7.46	19.59	19.59	19.59	14.25	7.46	10.45	14.25
679	7.57	19.88	14.45	7.57	14.45	19.88	14.45	7.57	19.88	19.88	19.88	14.45	7.57	10.60	14.45
879	7.66	20.10	14.62	7.66	14.62	20.10	14.62	7.66	20.10	20.10	20.10	14.62	7.66	10.72	14.62
877	7.66	20.12	14.63	7.66	14.63	20.12	14.63	7.66	20.12	20.12	20.12	14.63	7.66	10.73	14.63
878	7.64	20.04	14.58	7.64	14.58	20.04	14.58	7.64	20.04	20.04	20.04	14.58	7.64	10.69	14.58
875	7.84	20.59	14.97	7.84	14.97	20.59	14.97	7.84	20.59	20.59	20.59	14.97	7.84	10.98	14.97
876	7.66	20.10	14.62	7.66	14.62	20.10	14.62	7.66	20.10	20.10	20.10	14.62	7.66	10.72	14.62
670	7.66	20.12	14.63	7.66	14.63	20.12	14.63	7.66	20.12	20.12	20.12	14.63	7.66	10.73	14.63
873	7.46	19.59	14.25	7.46	14.25	19.59	14.25	7.46	19.59	19.59	19.59	14.25	7.46	10.45	14.25
874	7.59	19.93	14.50	7.59	14.50	19.93	14.50	7.59	19.93	19.93	19.93	14.50	7.59	10.63	14.50
871	7.79	20.44	14.86	7.79	14.86	20.44	14.86	7.79	20.44	20.44	20.44	14.86	7.79	10.90	14.86
872	7.55	19.82	14.41	7.55	14.41	19.82	14.41	7.55	19.82	19.82	19.82	14.41	7.55	10.57	14.41
870	7.71	20.23	14.71	7.71	14.71	20.23	14.71	7.71	20.23	20.23	20.23	14.71	7.71	10.79	14.71
696	7.62	20.01	14.55	7.62	14.55	20.01	14.55	7.62	20.01	20.01	20.01	14.55	7.62	10.67	14.55
695	7.71	20.25	14.73	7.71	14.73	20.25	14.73	7.71	20.25	20.25	20.25	14.73	7.71	10.80	14.73
694	7.59	19.93	14.50	7.59	14.50	19.93	14.50	7.59	19.93	19.93	19.93	14.50	7.59	10.63	14.50
693	7.52	19.74	14.36	7.52	14.36	19.74	14.36	7.52	19.74	19.74	19.74	14.36	7.52	10.53	14.36
890	7.35	19.29	14.03	7.35	14.03	19.29	14.03	7.35	19.29	19.29	19.29	14.03	7.35	10.29	14.03
699	7.69	20.19	14.69	7.69	14.69	20.19	14.69	7.69	20.19	20.19	20.19	14.69	7.69	10.77	14.69
698	7.49	19.65	14.29	7.49	14.29	19.65	14.29	7.49	19.65	19.65	19.65	14.29	7.49	10.48	14.29
697	7.51	19.71	14.33	7.51	14.33	19.71	14.33	7.51	19.71	19.71	19.71	14.33	7.51	10.51	14.33
899	7.58	19.89	14.47	7.58	14.47	19.89	14.47	7.58	19.89	19.89	19.89	14.47	7.58	10.61	14.47
893	7.76	20.38	14.82	7.76	14.82	20.38	14.82	7.76	20.38	20.38	20.38	14.82	7.76	10.87	14.82
894	7.57	19.88	14.45	7.57	14.45	19.88	14.45	7.57	19.88	19.88	19.88	14.45	7.57	10.60	14.45
891	7.59	19.93	14.50	7.59	14.50	19.93	14.50	7.59	19.93	19.93	19.93	14.50	7.59	10.63	14.50
892	7.54	19.78	14.39	7.54	14.39	19.78	14.39	7.54	19.78	19.78	19.78	14.39	7.54	10.55	14.39
897	7.81	20.49	14.90	7.81	14.90	20.49	14.90	7.81	20.49	20.49	20.49	14.90	7.81	10.93	14.90
691	7.68	20.16	14.66	7.68	14.66	20.16	14.66	7.68	20.16	20.16	20.16	14.66	7.68	10.75	14.66
898	7.81	20.49	14.90	7.81	14.90	20.49	14.90	7.81	20.49	20.49	20.49	14.90	7.81	10.93	14.90
692	7.54	19.80	14.40	7.54	14.40	19.80	14.40	7.54	19.80	19.80	19.80	14.40	7.54	10.56	14.40
895	7.94	20.85	15.16	7.94	15.16	20.85	15.16	7.94	20.85	20.85	20.85	15.16	7.94	11.12	15.16
896	7.84	20.57	14.96	7.84	14.96	20.57	14.96	7.84	20.57	20.57	20.57	14.96	7.84	10.97	14.96
690	7.53	19.76	14.37	7.53	14.37	19.76	14.37	7.53	19.76	19.76	19.76	14.37	7.53	10.54	14.37
646	7.57	19.88	14.45	7.57	14.45	19.88	14.45	7.57	19.88	19.88	19.88	14.45	7.57	10.60	14.45
647	7.57	19.88	14.45	7.57	14.45	19.88	14.45	7.57	19.88	19.88	19.88	14.45	7.57	10.60	14.45
648	7.54	19.80	14.40	7.54	14.40	19.80	14.40	7.54	19.80	19.80	19.80	14.40	7.54	10.56	14.40
649	7.59	19.93	14.50	7.59	14.50	19.93	14.50	7.59	19.93	19.93	19.93	14.50	7.59	10.63	14.50
195	7.60	19.95	14.51	7.60	14.51	19.95	14.51	7.60	19.95	19.95	19.95	14.51	7.60	10.64	14.51
642	7.63	20.03	14.56	7.63	14.56	20.03	14.56	7.63	20.03	20.03	20.03	14.56	7.63	10.68	14.56
194	7.51	19.73	14.35	7.51	14.35	19.73	14.35	7.51	19.73	19.73	19.73	14.35	7.51	10.52	14.35
643	7.61	19.99	14.54	7.61	14.54	19.99	14.54	7.61	19.99	19.99	19.99	14.54	7.61	10.66	14.54
197	7.62	20.01	14.55	7.62	14.55	20.01	14.55	7.62	20.01	20.01	20.01	14.55	7.62	10.67	14.55
644	7.58	19.89	14.47	7.58	14.47	19.89	14.47	7.58	19.89	19.89	19.89	14.47	7.58	10.61	14.47
196	7.54	19.80	14.40	7.54	14.40	19.80	14.40	7.54	19.80	19.80	19.80	14.40	7.54	10.56	14.40
645	7.53	19.76	14.37	7.53	14.37	19.76	14.37	7.53	19.76	19.76	19.76	14.37	7.53	10.54	14.37
191	7.41	19.46	14.15	7.41	14.15	19.46	14.15	7.41	19.46	19.46	19.46	14.15	7.41	10.38	14.15
190	7.58	19.89	14.47	7.58	14.47	19.89	14.47	7.58	19.89	19.89	19.89	14.47	7.58	10.61	14.47
193	7.49	19.67	14.30	7.49	14.30	19.67	14.30	7.49	19.67	19.67	19.67	14.30	7.49	10.49	14.30
640	7.50	19.69	14.32	7.50	14.32	19.69	14.32	7.50	19.69	19.69	19.69	14.32	7.50	10.50	14.32
192	7.58	19.89	14.47	7.58	14.47	19.89	14.47	7.58	19.89	19.89	19.89	14.47	7.58	10.61	14.47
641	7.58	19.89	14.47	7.58	14.47	19.89	14.47	7.58	19.89	19.89	19.89	14.47	7.58	10.61	14.47
198	7.52	19.74	14.36	7.52	14.36	19.74	14.36	7.52	19.74	19.74	19.74	14.36	7.52	10.53	14.36
199	7.45	19.56	14.22	7.45	14.22	19.56	14.22	7.45	19.56	19.56	19.56	14.22	7.45	10.43	14.22
639	7.53	19.76	14.37	7.53	14.37	19.76	14.37	7.53	19.76	19.76	19.76	14.37	7.53	10.54	14.37
637	7.57	19.88	14.45	7.57	14.45	19.88	14.45	7.57	19.88	19.88	19.88	14.45	7.57	10.60	14.45
638	7.53	19.76	14.37	7.53	14.37	19.76	14.37	7.53	19.76	19.76	19.76	14.37	7.53	10.54	14.37
635	7.57	19.88	14.45	7.57	14.45	19.88	14.45	7.57	19.88	19.88	19.88	14.45	7.57	10.60	14.45
636	7.58	19.89	14.47	7.58	14.47	19.89	14.47	7.58	19.89	19.89	19.89	14.47	7.58	10.61	14.47
633	7.54	19.80	14.40	7.54	14.40	19.80	14.40	7.54	19.80	19.80	19.80	14.40	7.54	10.56	14.40
634	7.54	19.78	14.39	7.54	14.39	19.78	14.39	7.54	19.78	19.78	19.78	14.39	7.54	10.55	14.39
631	7.56	19.84	14.43	7.56	14.43	19.84	14.43	7.56	19.84	19.84	19.84	14.43	7.56	10.58	14.43
632	7.49	19.65	14.29	7.49	14.29	19.65	14.29	7.49	19.65	19.65	19.65	14.29	7.49	10.48	14.29
630	7.59	19.93	14.50	7.59	14.50	19.93	14.50	7.59	19.93	19.93	19.93	14.50	7.59	10.63	14.50
668	7.54	19.78	14.39	7.54	14.39	19.78	14.39	7.54	19.78	19.78	19.78	14.39	7.54	10.55	14.39
669	7.62	20.01	14.55	7.62	14.55	20.01	14.55	7.62	20.01	20.01	20.01	14.55	7.62	10.67	14.55
660	7.58	19.89	14.47	7.58	14.47	19.89	14.47	7.58	19.89	19.89	19.89	14.47	7.58	10.61	14.47
661	7.51	19.73	14.35	7.51	14.35	19.73	14.35	7.51	19.73	19.73	19.73	14.35	7.51	10.52	14.35
662	7.44	19.54	14.21	7.44	14.21	19.54	14.21	7.44	19.54	19.54	19.54	14.21	7.44	10.42	14.21
663	7.49	19.67	14.30	7.49	14.30	19.67	14.30	7.49	19.67	19.67	19.67	14.30	7.49	10.49	14.30
664	7.62	20.01	14.55	7.62	14.55	20.01	14.55	7.62	20.01	20.01	20.01	14.55	7.62	10.67	14.55
665	7.54	19.78	14.39	7.54	14.39	19.78	14.39	7.54	19.78	19.78	19.78	14.39	7.54	10.55	14.39
666	7.66	20.12	14.63	7.66	14.63	20.12	14.63	7.66	20.12	20.12	20.12	14.63	7.66	10.73	14.63
667	7.59	19.91	14.48	7.59	14.48	19.91	14.48	7.59	19.91	19.91	19.91	14.48	7.59	10.62	14.48
659	7.57	19.88	14.45	7.57	14.45	19.88	14.45	7.57	19.88	19.88	19.88	14.45	7.57	10.60	14.45
657	7.53	19.76	14.37	7.53	14.37	19.76	14.37	7.53	19.76	19.76	19.76	14.37	7.53	10.54	14.37
658	7.44	19.54	14.21	7.44	14.21	19.54	14.21	7.44	19.54	19.54	19.54	14.21	7.44	10.42	14.21
651	7.64	20.04	14.58	7.64	14.58	20.04	14.58	7.64	20.04	20.04	20.04	14.58	7.64	10.69	14.58
652	7.59	19.93	14.50	7.59	14.50	19.93	14.50	7.59	19.93	19.93	19.93	14.50	7.59	10.63	14.50
650	7.49	19.67	14.30	7.49	14.30	19.67	14.30	7.49	19.67	19.67	19.67	14.30	7.49	10.49	14.30
655	7.47	19.61	14.26	7.47	14.26	19.61	14.26	7.47	19.61	19.61	19.61	14.26	7.47	10.46	14.26
656	7.58	19.89	14.47	7.58	14.47	19.89	14.47	7.58	19.89	19.89	19.89	14.47	7.58	10.61	14.47
653	7.66	20.10	14.62	7.66	14.62	20.10	14.62	7.66	20.10	20.10	20.10	14.62	7.66	10.72	14.62
654	7.56	19.86	14.44	7.56	14.44	19.86	14.44	7.56	19.86	19.86	19.86	14.44	7.56	10.59	14.44
35	9.76	25.63	18.64	9.76	18.64	25.63	18.64	9.76	25.63	25.63	25.63	18.64	9.76	13.67	18.64
36	9.81	25.74	18.72	9.81	18.72	25.74	18.72	9.81	25.74	25.74	25.74	18.72	9.81	13.73	18.72
33	9.61	25.24	18.35	9.61	18.35	25.24	18.35	9.61	25.24	25.24	25.24	18.35	9.61	13.46	18.35
34	9.83	25.80	18.76	9.83	18.76	25.80	18.76	9.83	25.80	25.80	25.80	18.76	9.83	13.76	18.76
39	9.91	26.03	18.93	9.91	18.93	26.03	18.93	9.91	26.03	26.03	26.03	18.93	9.91	13.88	18.93
37	9.66	25.37	18.45	9.66	18.45	25.37	18.45	9.66	25.37	25.37	25.37	18.45	9.66	13.53	18.45
38	9.46	24.84	18.07	9.46	18.07	24.84	18.07	9.46	24.84	24.84	24.84	18.07	9.46	13.25	18.07
43	9.69	25.44	18.50	9.69	18.50	25.44	18.50	9.69	25.44	25.44	25.44	18.50	9.69	13.57	18.50
42	10.06	26.40	19.20	10.06	19.20	26.40	19.20	10.06	26.40	26.40	26.40	19.20	10.06	14.08	19.20
41	9.44	24.79	18.03	9.44	18.03	24.79	18.03	9.44	24.79	24.79	24.79	18.03	9.44	13.22	18.03
40	9.74	25.58	18.60	9.74	18.60	25.58	18.60	9.74	25.58	25.58	25.58	18.60	9.74	13.64	18.60
22	9.68	25.41	18.48	9.68	18.48	25.41	18.48	9.68	25.41	25.41	25.41	18.48	9.68	13.55	18.48
23	9.94	26.10	18.98	9.94	18.98	26.10	18.98	9.94	26.10	26.10	26.10	18.98	9.94	13.92	18.98
24	9.63	25.28	18.38	9.63	18.38	25.28	18.38	9.63	25.28	25.28	25.28	18.38	9.63	13.48	18.38
25	9.86	25.89	18.83	9.86	18.83	25.89	18.83	9.86	25.89	25.89	25.89	18.83	9.86	13.81	18.83
26	9.88	25.93	18.86	9.88	18.86	25.93	18.86	9.88	25.93	25.93	25.93	18.86	9.88	13.83	18.86
27	9.55	25.07	18.23	9.55	18.23	25.07	18.23	9.55	25.07	25.07	25.07	18.23	9.55	13.37	18.23
28	9.58	25.14	18.29	9.58	18.29	25.14	18.29	9.58	25.14	25.14	25.14	18.29	9.58	13.41	18.29
29	9.60	25.20	18.33	9.60	18.33	25.20	18.33	9.60	25.20	25.20	25.20	18.33	9.60	13.44	18.33
30	10.02	26.31	19.13	10.02	19.13	26.31	19.13	10.02	26.31	26.31	26.31	19.13	10.02	14.03	19.13
32	9.71	25.50	18.55	9.71	18.55	25.50	18.55	9.71	25.50	25.50	25.50	18.55	9.71	13.60	18.55
31	9.51	24.96	18.15	9.51	18.15	24.96	18.15	9.51	24.96	24.96	24.96	18.15	9.51	13.31	18.15
19	9.66	25.35	18.44	9.66	18.44	25.35	18.44	9.66	25.35	25.35	25.35	18.44	9.66	13.52	18.44
17	9.63	25.28	18.38	9.63	18.38	25.28	18.38	9.63	25.28	25.28	25.28	18.38	9.63	13.48	18.38
18	9.64	25.29	18.40	9.64	18.40	25.29	18.40	9.64	25.29	25.29	25.29	18.40	9.64	13.49	18.40
15	9.77	25.65	18.65	9.77	18.65	25.65	18.65	9.77	25.65	25.65	25.65	18.65	9.77	13.68	18.65
16	9.61	25.24	18.35	9.61	18.35	25.24	18.35	9.61	25.24	25.24	25.24	18.35	9.61	13.46	18.35
13	9.79	25.71	18.70	9.79	18.70	25.71	18.70	9.79	25.71	25.71	25.71	18.70	9.79	13.71	18.70
14	9.55	25.07	18.23	9.55	18.23	25.07	18.23	9.55	25.07	25.07	25.07	18.23	9.55	13.37	18.23
11	9.42	24.73	17.99	9.42	17.99	24.73	17.99	9.42	24.73	24.73	24.73	17.99	9.42	13.19	17.99
12	9.74	25.56	18.59	9.74	18.59	25.56	18.59	9.74	25.56	25.56	25.56	18.59	9.74	13.63	18.59
21	9.84	25.84	18.79	9.84	18.79	25.84	18.79	9.84	25.84	25.84	25.84	18.79	9.84	13.78	18.79
20	9.83	25.80	18.76	9.83	18.76	25.80	18.76	9.83	25.80	25.80	25.80	18.76	9.83	13.76	18.76
10	9.84	25.84	18.79	9.84	18.79	25.84	18.79	9.84	25.84	25.84	25.84	18.79	9.84	13.78	18.79
79	9.86	25.88	18.82	9.86	18.82	25.88	18.82	9.86	25.88	25.88	25.88	18.82	9.86	13.80	18.82
78	9.89	25.95	18.87	9.89	18.87	25.95	18.87	9.89	25.95	25.95	25.95	18.87	9.89	13.84	18.87
77	9.73	25.54	18.57	9.73	18.57	25.54	18.57	9.73	25.54	25.54	25.54	18.57	9.73	13.62	18.57
82	9.83	25.80	18.76	9.83	18.76	25.80	18.76	9.83	25.80	25.80	25.80	18.76	9.83	13.76	18.76
83	9.88	25.93	18.86	9.88	18.86	25.93	18.86	9.88	25.93	25.93	25.93	18.86	9.88	13.83	18.86
80	9.32	24.47	17.80	9.32	17.80	24.47	17.80	9.32	24.47	24.47	24.47	17.80	9.32	13.05	17.80
81	9.39	24.64	17.92	9.39	17.92	24.64	17.92	9.39	24.64	24.64	24.64	17.92	9.39	13.14	17.92
86	9.86	25.89	18.83	9.86	18.83	25.89	18.83	9.86	25.89	25.89	25.89	18.83	9.86	13.81	18.83
87	9.48	24.88	18.10	9.48	18.10	24.88	18.10	9.48	24.88	24.88	24.88	18.10	9.48	13.27	18.10
84	9.41	24.71	17.97	9.41	17.97	24.71	17.97	9.41	24.71	24.71	24.71	17.97	9.41	13.18	17.97
85	9.68	25.41	18.48	9.68	18.48	25.41	18.48	9.68	25.41	25.41	25.41	18.48	9.68	13.55	18.48
67	9.72	25.52	18.56	9.72	18.56	25.52	18.56	9.72	25.52	25.52	25.52	18.56	9.72	13.61	18.56
66	9.77	25.65	18.65	9.77	18.65	25.65	18.65	9.77	25.65	25.65	25.65	18.65	9.77	13.68	18.65
69	10.11	26.55	19.31	10.11	19.31	26.55	19.31	10.11	26.55	26.55	26.55	19.31	10.11	14.16	19.31
68	9.41	24.69	17.96	9.41	17.96	24.69	17.96	9.41	24.69	24.69	24.69	17.96	9.41	13.17	17.96
70	9.89	25.97	18.89	9.89	18.89	25.97	18.89	9.89	25.97	25.97	25.97	18.89	9.89	13.85	18.89
71	9.72	25.52	18.56	9.72	18.56	25.52	18.56	9.72	25.52	25.52	25.52	18.56	9.72	13.61	18.56
72	9.89	25.95	18.87	9.89	18.87	25.95	18.87	9.89	25.95	25.95	25.95	18.87	9.89	13.84	18.87
73	9.94	26.10	18.98	9.94	18.98	26.10	18.98	9.94	26.10	26.10	26.10	18.98	9.94	13.92	18.98
74	9.83	25.80	18.76	9.83	18.76	25.80	18.76	9.83	25.80	25.80	25.80	18.76	9.83	13.76	18.76
75	9.64	25.31	18.41	9.64	18.41	25.31	18.41	9.64	25.31	25.31	25.31	18.41	9.64	13.50	18.41
76	9.74	25.58	18.60	9.74	18.60	25.58	18.60	9.74	25.58	25.58	25.58	18.60	9.74	13.64	18.60
59	9.71	25.48	18.53	9.71	18.53	25.48	18.53	9.71	25.48	25.48	25.48	18.53	9.71	13.59	18.53
58	9.61	25.24	18.35	9.61	18.35	25.24	18.35	9.61	25.24	25.24	25.24	18.35	9.61	13.46	18.35
57	9.41	24.71	17.97	9.41	17.97	24.71	17.97	9.41	24.71	24.71	24.71	17.97	9.41	13.18	17.97
56	10.09	26.48	19.25	10.09	19.25	26.48	19.25	10.09	26.48	26.48	26.48	19.25	10.09	14.12	19.25
55	9.62	25.26	18.37	9.62	18.37	25.26	18.37	9.62	25.26	25.26	25.26	18.37	9.62	13.47	18.37
64	9.82	25.78	18.75	9.82	18.75	25.78	18.75	9.82	25.78	25.78	25.78	18.75	9.82	13.75	18.75
65	9.66	25.35	18.44	9.66	18.44	25.35	18.44	9.66	25.35	25.35	25.35	18.44	9.66	13.52	18.44
62	9.61	25.22	18.34	9.61	18.34	25.22	18.34	9.61	25.22	25.22	25.22	18.34	9.61	13.45	18.34
63	9.39	24.64	17.92	9.39	17.92	24.64	17.92	9.39	24.64	24.64	24.64	17.92	9.39	13.14	17.92
60	9.83	25.80	18.76	9.83	18.76	25.80	18.76	9.83	25.80	25.80	25.80	18.76	9.83	13.76	18.76
61	9.74	25.58	18.60	9.74	18.60	25.58	18.60	9.74	25.58	25.58	25.58	18.60	9.74	13.64	18.60
49	9.86	25.89	18.83	9.86	18.83	25.89	18.83	9.86	25.89	25.89	25.89	18.83	9.86	13.81	18.83
48	9.78	25.67	18.67	9.78	18.67	25.67	18.67	9.78	25.67	25.67	25.67	18.67	9.78	13.69	18.67
45	9.64	25.29	18.40	9.64	18.40	25.29	18.40	9.64	25.29	25.29	25.29	18.40	9.64	13.49	18.40
44	9.59	25.16	18.30	9.59	18.30	25.16	18.30	9.59	25.16	25.16	25.16	18.30	9.59	13.42	18.30
47	9.96	26.16	19.02	9.96	19.02	26.16	19.02	9.96	26.16	26.16	26.16	19.02	9.96	13.95	19.02
46	9.63	25.28	18.38	9.63	18.38	25.28	18.38	9.63	25.28	25.28	25.28	18.38	9.63	13.48	18.38
51	9.34	24.53	17.84	9.34	17.84	24.53	17.84	9.34	24.53	24.53	24.53	17.84	9.34	13.08	17.84
52	9.81	25.74	18.72	9.81	18.72	25.74	18.72	9.81	25.74	25.74	25.74	18.72	9.81	13.73	18.72
53	9.78	25.67	18.67	9.78	18.67	25.67	18.67	9.78	25.67	25.67	25.67	18.67	9.78	13.69	18.67
54	9.70	25.46	18.52	9.70	18.52	25.46	18.52	9.70	25.46	25.46	25.46	18.52	9.70	13.58	18.52
50	9.39	24.64	17.92	9.39	17.92	24.64	17.92	9.39	24.64	24.64	24.64	17.92	9.39	13.14	17.92
1001	0.00	0.00	0.00	0.00	0.00	0.00	0.00	0.00	0.00	0.00	0.00	0.00	0.00	0.00	0.00
281	7.68	20.16	14.66	7.68	14.66	20.16	14.66	7.68	20.16	20.16	20.16	14.66	7.68	10.75	14.66
487	7.72	20.27	14.74	7.72	14.74	20.27	14.74	7.72	20.27	20.27	20.27	14.74	7.72	10.81	14.74
280	7.51	19.71	14.33	7.51	14.33	19.71	14.33	7.51	19.71	19.71	19.71	14.33	7.51	10.51	14.33
486	7.78	20.42	14.85	7.78	14.85	20.42	14.85	7.78	20.42	20.42	20.42	14.85	7.78	10.89	14.85
485	7.55	19.82	14.41	7.55	14.41	19.82	14.41	7.55	19.82	19.82	19.82	14.41	7.55	10.57	14.41
484	7.59	19.91	14.48	7.59	14.48	19.91	14.48	7.59	19.91	19.91	19.91	14.48	7.59	10.62	14.48
285	7.59	19.91	14.48	7.59	14.48	19.91	14.48	7.59	19.91	19.91	19.91	14.48	7.59	10.62	14.48
284	7.57	19.88	14.45	7.57	14.45	19.88	14.45	7.57	19.88	19.88	19.88	14.45	7.57	10.60	14.45
283	7.52	19.74	14.36	7.52	14.36	19.74	14.36	7.52	19.74	19.74	19.74	14.36	7.52	10.53	14.36
489	7.63	20.03	14.56	7.63	14.56	20.03	14.56	7.63	20.03	20.03	20.03	14.56	7.63	10.68	14.56
282	7.67	20.14	14.65	7.67	14.65	20.14	14.65	7.67	20.14	20.14	20.14	14.65	7.67	10.74	14.65
488	7.48	19.63	14.28	7.48	14.28	19.63	14.28	7.48	19.63	19.63	19.63	14.28	7.48	10.47	14.28
288	7.53	19.76	14.37	7.53	14.37	19.76	14.37	7.53	19.76	19.76	19.76	14.37	7.53	10.54	14.37
289	7.59	19.91	14.48	7.59	14.48	19.91	14.48	7.59	19.91	19.91	19.91	14.48	7.59	10.62	14.48
286	7.44	19.54	14.21	7.44	14.21	19.54	14.21	7.44	19.54	19.54	19.54	14.21	7.44	10.42	14.21
287	7.64	20.04	14.58	7.64	14.58	20.04	14.58	7.64	20.04	20.04	20.04	14.58	7.64	10.69	14.58
482	7.56	19.86	14.44	7.56	14.44	19.86	14.44	7.56	19.86	19.86	19.86	14.44	7.56	10.59	14.44
483	7.55	19.82	14.41	7.55	14.41	19.82	14.41	7.55	19.82	19.82	19.82	14.41	7.55	10.57	14.41
480	7.49	19.65	14.29	7.49	14.29	19.65	14.29	7.49	19.65	19.65	19.65	14.29	7.49	10.48	14.29
481	7.44	19.54	14.21	7.44	14.21	19.54	14.21	7.44	19.54	19.54	19.54	14.21	7.44	10.42	14.21
474	7.56	19.84	14.43	7.56	14.43	19.84	14.43	7.56	19.84	19.84	19.84	14.43	7.56	10.58	14.43
473	7.62	20.01	14.55	7.62	14.55	20.01	14.55	7.62	20.01	20.01	20.01	14.55	7.62	10.67	14.55
270	7.59	19.91	14.48	7.59	14.48	19.91	14.48	7.59	19.91	19.91	19.91	14.48	7.59	10.62	14.48
476	7.66	20.12	14.63	7.66	14.63	20.12	14.63	7.66	20.12	20.12	20.12	14.63	7.66	10.73	14.63
475	7.51	19.73	14.35	7.51	14.35	19.73	14.35	7.51	19.73	19.73	19.73	14.35	7.51	10.52	14.35
272	7.51	19.71	14.33	7.51	14.33	19.71	14.33	7.51	19.71	19.71	19.71	14.33	7.51	10.51	14.33
478	7.57	19.88	14.45	7.57	14.45	19.88	14.45	7.57	19.88	19.88	19.88	14.45	7.57	10.60	14.45
271	7.65	20.08	14.60	7.65	14.60	20.08	14.60	7.65	20.08	20.08	20.08	14.60	7.65	10.71	14.60
477	7.56	19.86	14.44	7.56	14.44	19.86	14.44	7.56	19.86	19.86	19.86	14.44	7.56	10.59	14.44
274	7.56	19.86	14.44	7.56	14.44	19.86	14.44	7.56	19.86	19.86	19.86	14.44	7.56	10.59	14.44
273	7.46	19.58	14.24	7.46	14.24	19.58	14.24	7.46	19.58	19.58	19.58	14.24	7.46	10.44	14.24
479	7.68	20.16	14.66	7.68	14.66	20.16	14.66	7.68	20.16	20.16	20.16	14.66	7.68	10.75	14.66
275	7.52	19.74	14.36	7.52	14.36	19.74	14.36	7.52	19.74	19.74	19.74	14.36	7.52	10.53	14.36
276	7.46	19.59	14.25	7.46	14.25	19.59	14.25	7.46	19.59	19.59	19.59	14.25	7.46	10.45	14.25
277	7.44	19.52	14.20	7.44	14.20	19.52	14.20	7.44	19.52	19.52	19.52	14.20	7.44	10.41	14.20
278	7.62	20.01	14.55	7.62	14.55	20.01	14.55	7.62	20.01	20.01	20.01	14.55	7.62	10.67	14.55
279	7.51	19.71	14.33	7.51	14.33	19.71	14.33	7.51	19.71	19.71	19.71	14.33	7.51	10.51	14.33
470	7.49	19.65	14.29	7.49	14.29	19.65	14.29	7.49	19.65	19.65	19.65	14.29	7.49	10.48	14.29
471	7.68	20.16	14.66	7.68	14.66	20.16	14.66	7.68	20.16	20.16	20.16	14.66	7.68	10.75	14.66
472	7.59	19.91	14.48	7.59	14.48	19.91	14.48	7.59	19.91	19.91	19.91	14.48	7.59	10.62	14.48
1000	1.80	4.73	3.44	1.80	3.44	4.73	3.44	1.80	4.73	4.73	4.73	3.44	1.80	2.52	3.44
109	9.69	25.43	18.49	9.69	18.49	25.43	18.49	9.69	25.43	25.43	25.43	18.49	9.69	13.56	18.49
108	9.63	25.28	18.38	9.63	18.38	25.28	18.38	9.63	25.28	25.28	25.28	18.38	9.63	13.48	18.38
107	9.79	25.69	18.68	9.79	18.68	25.69	18.68	9.79	25.69	25.69	25.69	18.68	9.79	13.70	18.68
106	9.91	26.01	18.91	9.91	18.91	26.01	18.91	9.91	26.01	26.01	26.01	18.91	9.91	13.87	18.91
105	9.64	25.31	18.41	9.64	18.41	25.31	18.41	9.64	25.31	25.31	25.31	18.41	9.64	13.50	18.41
104	9.81	25.76	18.74	9.81	18.74	25.76	18.74	9.81	25.76	25.76	25.76	18.74	9.81	13.74	18.74
103	9.80	25.73	18.71	9.80	18.71	25.73	18.71	9.80	25.73	25.73	25.73	18.71	9.80	13.72	18.71
99	9.54	25.05	18.22	9.54	18.22	25.05	18.22	9.54	25.05	25.05	25.05	18.22	9.54	13.36	18.22
102	9.77	25.65	18.65	9.77	18.65	25.65	18.65	9.77	25.65	25.65	25.65	18.65	9.77	13.68	18.65
101	9.78	25.67	18.67	9.78	18.67	25.67	18.67	9.78	25.67	25.67	25.67	18.67	9.78	13.69	18.67
100	9.61	25.24	18.35	9.61	18.35	25.24	18.35	9.61	25.24	25.24	25.24	18.35	9.61	13.46	18.35
98	9.86	25.89	18.83	9.86	18.83	25.89	18.83	9.86	25.89	25.89	25.89	18.83	9.86	13.81	18.83
97	9.64	25.29	18.40	9.64	18.40	25.29	18.40	9.64	25.29	25.29	25.29	18.40	9.64	13.49	18.40
96	9.69	25.43	18.49	9.69	18.49	25.43	18.49	9.69	25.43	25.43	25.43	18.49	9.69	13.56	18.49
95	9.76	25.61	18.63	9.76	18.63	25.61	18.63	9.76	25.61	25.61	25.61	18.63	9.76	13.66	18.63
94	9.49	24.92	18.12	9.49	18.12	24.92	18.12	9.49	24.92	24.92	24.92	18.12	9.49	13.29	18.12
93	9.69	25.43	18.49	9.69	18.49	25.43	18.49	9.69	25.43	25.43	25.43	18.49	9.69	13.56	18.49
92	9.82	25.78	18.75	9.82	18.75	25.78	18.75	9.82	25.78	25.78	25.78	18.75	9.82	13.75	18.75
91	9.55	25.07	18.23	9.55	18.23	25.07	18.23	9.55	25.07	25.07	25.07	18.23	9.55	13.37	18.23
294	7.59	19.91	14.48	7.59	14.48	19.91	14.48	7.59	19.91	19.91	19.91	14.48	7.59	10.62	14.48
90	9.79	25.71	18.70	9.79	18.70	25.71	18.70	9.79	25.71	25.71	25.71	18.70	9.79	13.71	18.70
293	7.52	19.74	14.36	7.52	14.36	19.74	14.36	7.52	19.74	19.74	19.74	14.36	7.52	10.53	14.36
499	7.59	19.91	14.48	7.59	14.48	19.91	14.48	7.59	19.91	19.91	19.91	14.48	7.59	10.62	14.48
296	7.61	19.99	14.54	7.61	14.54	19.99	14.54	7.61	19.99	19.99	19.99	14.54	7.61	10.66	14.54
295	7.56	19.86	14.44	7.56	14.44	19.86	14.44	7.56	19.86	19.86	19.86	14.44	7.56	10.59	14.44
290	7.60	19.95	14.51	7.60	14.51	19.95	14.51	7.60	19.95	19.95	19.95	14.51	7.60	10.64	14.51
496	7.49	19.67	14.30	7.49	14.30	19.67	14.30	7.49	19.67	19.67	19.67	14.30	7.49	10.49	14.30
495	7.61	19.99	14.54	7.61	14.54	19.99	14.54	7.61	19.99	19.99	19.99	14.54	7.61	10.66	14.54
292	7.64	20.06	14.59	7.64	14.59	20.06	14.59	7.64	20.06	20.06	20.06	14.59	7.64	10.70	14.59
498	7.47	19.61	14.26	7.47	14.26	19.61	14.26	7.47	19.61	19.61	19.61	14.26	7.47	10.46	14.26
291	7.45	19.56	14.22	7.45	14.22	19.56	14.22	7.45	19.56	19.56	19.56	14.22	7.45	10.43	14.22
497	7.53	19.76	14.37	7.53	14.37	19.76	14.37	7.53	19.76	19.76	19.76	14.37	7.53	10.54	14.37
491	7.63	20.03	14.56	7.63	14.56	20.03	14.56	7.63	20.03	20.03	20.03	14.56	7.63	10.68	14.56
492	7.55	19.82	14.41	7.55	14.41	19.82	14.41	7.55	19.82	19.82	19.82	14.41	7.55	10.57	14.41
493	7.56	19.84	14.43	7.56	14.43	19.84	14.43	7.56	19.84	19.84	19.84	14.43	7.56	10.58	14.43
494	7.56	19.86	14.44	7.56	14.44	19.86	14.44	7.56	19.86	19.86	19.86	14.44	7.56	10.59	14.44
297	7.51	19.71	14.33	7.51	14.33	19.71	14.33	7.51	19.71	19.71	19.71	14.33	7.51	10.51	14.33
298	7.44	19.52	14.20	7.44	14.20	19.52	14.20	7.44	19.52	19.52	19.52	14.20	7.44	10.41	14.20
299	7.47	19.61	14.26	7.47	14.26	19.61	14.26	7.47	19.61	19.61	19.61	14.26	7.47	10.46	14.26
490	7.64	20.04	14.58	7.64	14.58	20.04	14.58	7.64	20.04	20.04	20.04	14.58	7.64	10.69	14.58
88	9.44	24.79	18.03	9.44	18.03	24.79	18.03	9.44	24.79	24.79	24.79	18.03	9.44	13.22	18.03
89	9.85	25.86	18.80	9.85	18.80	25.86	18.80	9.85	25.86	25.86	25.86	18.80	9.85	13.79	18.80
240	7.56	19.84	14.43	7.56	14.43	19.84	14.43	7.56	19.84	19.84	19.84	14.43	7.56	10.58	14.43
241	7.51	19.71	14.33	7.51	14.33	19.71	14.33	7.51	19.71	19.71	19.71	14.33	7.51	10.51	14.33
245	7.56	19.84	14.43	7.56	14.43	19.84	14.43	7.56	19.84	19.84	19.84	14.43	7.56	10.58	14.43
244	7.44	19.54	14.21	7.44	14.21	19.54	14.21	7.44	19.54	19.54	19.54	14.21	7.44	10.42	14.21
243	7.59	19.91	14.48	7.59	14.48	19.91	14.48	7.59	19.91	19.91	19.91	14.48	7.59	10.62	14.48
242	7.54	19.80	14.40	7.54	14.40	19.80	14.40	7.54	19.80	19.80	19.80	14.40	7.54	10.56	14.40
249	7.59	19.91	14.48	7.59	14.48	19.91	14.48	7.59	19.91	19.91	19.91	14.48	7.59	10.62	14.48
248	7.59	19.91	14.48	7.59	14.48	19.91	14.48	7.59	19.91	19.91	19.91	14.48	7.59	10.62	14.48
247	7.70	20.21	14.70	7.70	14.70	20.21	14.70	7.70	20.21	20.21	20.21	14.70	7.70	10.78	14.70
246	7.59	19.91	14.48	7.59	14.48	19.91	14.48	7.59	19.91	19.91	19.91	14.48	7.59	10.62	14.48
230	7.44	19.54	14.21	7.44	14.21	19.54	14.21	7.44	19.54	19.54	19.54	14.21	7.44	10.42	14.21
239	7.51	19.73	14.35	7.51	14.35	19.73	14.35	7.51	19.73	19.73	19.73	14.35	7.51	10.52	14.35
232	7.49	19.67	14.30	7.49	14.30	19.67	14.30	7.49	19.67	19.67	19.67	14.30	7.49	10.49	14.30
231	7.49	19.65	14.29	7.49	14.29	19.65	14.29	7.49	19.65	19.65	19.65	14.29	7.49	10.48	14.29
234	7.63	20.03	14.56	7.63	14.56	20.03	14.56	7.63	20.03	20.03	20.03	14.56	7.63	10.68	14.56
233	7.48	19.63	14.28	7.48	14.28	19.63	14.28	7.48	19.63	19.63	19.63	14.28	7.48	10.47	14.28
236	7.51	19.73	14.35	7.51	14.35	19.73	14.35	7.51	19.73	19.73	19.73	14.35	7.51	10.52	14.35
235	7.64	20.04	14.58	7.64	14.58	20.04	14.58	7.64	20.04	20.04	20.04	14.58	7.64	10.69	14.58
238	7.59	19.93	14.50	7.59	14.50	19.93	14.50	7.59	19.93	19.93	19.93	14.50	7.59	10.63	14.50
237	7.79	20.44	14.86	7.79	14.86	20.44	14.86	7.79	20.44	20.44	20.44	14.86	7.79	10.90	14.86
262	7.49	19.65	14.29	7.49	14.29	19.65	14.29	7.49	19.65	19.65	19.65	14.29	7.49	10.48	14.29
263	7.44	19.54	14.21	7.44	14.21	19.54	14.21	7.44	19.54	19.54	19.54	14.21	7.44	10.42	14.21
260	7.64	20.04	14.58	7.64	14.58	20.04	14.58	7.64	20.04	20.04	20.04	14.58	7.64	10.69	14.58
261	7.59	19.91	14.48	7.59	14.48	19.91	14.48	7.59	19.91	19.91	19.91	14.48	7.59	10.62	14.48
269	7.54	19.80	14.40	7.54	14.40	19.80	14.40	7.54	19.80	19.80	19.80	14.40	7.54	10.56	14.40
268	7.50	19.69	14.32	7.50	14.32	19.69	14.32	7.50	19.69	19.69	19.69	14.32	7.50	10.50	14.32
267	7.60	19.95	14.51	7.60	14.51	19.95	14.51	7.60	19.95	19.95	19.95	14.51	7.60	10.64	14.51
266	7.56	19.86	14.44	7.56	14.44	19.86	14.44	7.56	19.86	19.86	19.86	14.44	7.56	10.59	14.44
265	7.58	19.89	14.47	7.58	14.47	19.89	14.47	7.58	19.89	19.89	19.89	14.47	7.58	10.61	14.47
264	7.64	20.06	14.59	7.64	14.59	20.06	14.59	7.64	20.06	20.06	20.06	14.59	7.64	10.70	14.59
250	7.60	19.95	14.51	7.60	14.51	19.95	14.51	7.60	19.95	19.95	19.95	14.51	7.60	10.64	14.51
251	7.56	19.86	14.44	7.56	14.44	19.86	14.44	7.56	19.86	19.86	19.86	14.44	7.56	10.59	14.44
252	7.54	19.80	14.40	7.54	14.40	19.80	14.40	7.54	19.80	19.80	19.80	14.40	7.54	10.56	14.40
904	7.65	20.08	14.60	7.65	14.60	20.08	14.60	7.65	20.08	20.08	20.08	14.60	7.65	10.71	14.60
258	7.64	20.04	14.58	7.64	14.58	20.04	14.58	7.64	20.04	20.04	20.04	14.58	7.64	10.69	14.58
903	7.54	19.80	14.40	7.54	14.40	19.80	14.40	7.54	19.80	19.80	19.80	14.40	7.54	10.56	14.40
257	7.58	19.89	14.47	7.58	14.47	19.89	14.47	7.58	19.89	19.89	19.89	14.47	7.58	10.61	14.47
906	7.71	20.25	14.73	7.71	14.73	20.25	14.73	7.71	20.25	20.25	20.25	14.73	7.71	10.80	14.73
905	7.57	19.88	14.45	7.57	14.45	19.88	14.45	7.57	19.88	19.88	19.88	14.45	7.57	10.60	14.45
259	7.59	19.93	14.50	7.59	14.50	19.93	14.50	7.59	19.93	19.93	19.93	14.50	7.59	10.63	14.50
900	7.94	20.85	15.16	7.94	15.16	20.85	15.16	7.94	20.85	20.85	20.85	15.16	7.94	11.12	15.16
254	7.69	20.19	14.69	7.69	14.69	20.19	14.69	7.69	20.19	20.19	20.19	14.69	7.69	10.77	14.69
253	7.49	19.67	14.30	7.49	14.30	19.67	14.30	7.49	19.67	19.67	19.67	14.30	7.49	10.49	14.30
902	7.59	19.91	14.48	7.59	14.48	19.91	14.48	7.59	19.91	19.91	19.91	14.48	7.59	10.62	14.48
256	7.66	20.12	14.63	7.66	14.63	20.12	14.63	7.66	20.12	20.12	20.12	14.63	7.66	10.73	14.63
901	7.81	20.51	14.92	7.81	14.92	20.51	14.92	7.81	20.51	20.51	20.51	14.92	7.81	10.94	14.92
255	7.64	20.04	14.58	7.64	14.58	20.04	14.58	7.64	20.04	20.04	20.04	14.58	7.64	10.69	14.58
