1	18.14
2	18.27
3	18.06
4	18.56
5	17.97
6	17.96
7	18.02
8	18.39
9	17.44
10	18.95
11	17.91
12	17.92
13	18.61
14	18.62
15	17.97
16	17.81
17	18.56
18	18.22
19	18.14
20	18.30
21	18.78
22	17.93
23	17.95
24	18.16
25	17.93
26	18.33
27	17.82
28	18.33
29	18.57
30	18.55
31	18.66
32	18.65
33	17.87
34	18.90
35	18.43
36	18.29
37	17.14
38	17.48
39	18.64
40	18.23
41	18.46
42	17.66
43	18.73
44	17.92
45	17.41
46	18.10
47	18.17
48	18.25
49	18.53
50	18.03
51	17.92
52	17.77
53	18.59
54	18.40
55	18.46
56	17.81
57	18.39
58	17.54
59	18.91
60	18.06
61	18.32
62	18.14
63	18.43
64	17.89
65	17.80
66	18.35
67	18.11
68	18.03
69	18.63
70	17.99
71	18.10
72	18.92
73	18.60
74	18.37
75	17.91
76	17.91
77	18.12
78	17.32
79	17.16
80	18.50
81	18.20
82	18.07
83	17.70
84	18.20
85	19.08
86	17.71
87	17.36
88	17.23
89	17.61
90	18.25
91	18.30
92	18.30
93	18.35
94	18.32
95	18.12
96	18.08
97	18.10
98	18.14
99	18.62
100	18.37
101	17.72
102	17.05
103	17.99
104	17.64
105	18.74
106	18.13
107	18.08
108	18.39
109	17.90
110	18.32
111	18.65
112	18.23
113	18.12
114	17.86
115	17.92
116	18.01
117	17.42
118	18.06
119	18.28
120	18.22
121	17.75
122	17.77
123	17.93
124	17.86
125	17.76
126	18.79
127	18.31
128	18.43
129	18.47
130	17.80
131	19.15
132	17.50
133	19.07
134	17.70
135	18.64
136	16.95
137	17.72
138	18.50
139	18.61
140	17.93
141	18.23
142	18.28
143	18.13
144	17.61
145	18.40
146	18.84
147	18.24
148	17.90
149	18.12
150	18.64
151	18.42
152	18.15
153	18.50
154	17.60
155	17.61
156	18.13
157	18.01
158	17.71
159	18.45
160	17.43
161	18.40
162	18.04
163	18.06
164	18.24
165	18.72
166	18.62
167	18.64
168	17.89
169	18.55
170	18.04
171	18.23
172	18.33
173	17.58
174	18.32
175	17.74
176	18.14
177	17.80
178	17.94
179	18.72
180	18.07
181	18.30
182	18.40
183	18.60
184	17.98
185	17.82
186	17.85
187	18.64
188	16.95
189	18.16
190	17.80
191	17.54
192	17.90
193	18.06
194	18.18
195	18.35
196	18.49
197	17.38
198	17.68
199	17.86
200	17.28
201	18.20
202	18.45
203	18.89
204	18.12
205	17.88
206	17.86
207	17.11
208	18.29
209	18.25
210	18.05
211	18.34
212	18.87
213	18.17
214	19.02
215	19.15
216	18.25
217	18.27
218	17.54
219	18.48
220	18.07
221	18.17
222	17.41
223	18.78
224	17.66
225	18.61
226	18.43
227	17.99
228	17.66
229	18.13
230	477.16
231	663.25
232	546.57
233	603.00
234	651.44
235	522.00
236	475.23
237	489.63
238	665.10
239	639.86
240	350.10
241	544.95
242	233.22
243	568.62
244	398.90
245	246.44
246	301.98
247	307.72
248	557.99
249	623.50
250	387.68
251	301.70
252	490.30
253	253.19
254	584.24
255	387.96
256	538.29
257	665.50
258	613.68
259	315.30
260	516.06
261	472.21
262	689.55
263	688.69
264	576.01
265	493.25
266	459.68
267	499.64
268	535.50
269	523.94
270	617.03
271	242.84
272	367.63
273	287.24
274	298.61
275	651.37
276	339.01
277	561.47
278	562.38
279	560.32
280	273.07
281	615.57
282	299.81
283	446.18
284	233.69
285	461.68
286	645.73
287	520.88
288	633.43
289	444.30
290	262.54
291	335.69
292	533.92
293	652.07
294	463.44
295	459.73
296	557.68
297	667.70
298	376.94
299	425.21
300	474.93
301	541.66
302	513.51
303	273.07
304	368.62
305	655.67
306	330.92
307	540.90
308	331.77
309	300.43
310	421.71
311	322.60
312	401.49
313	308.80
314	393.22
315	292.68
316	514.98
317	623.26
318	371.37
319	665.49
320	675.74
321	401.17
322	499.56
323	271.75
324	288.97
325	614.65
326	420.23
327	483.77
328	333.90
329	544.29
330	241.12
331	363.08
332	306.12
333	262.82
334	479.56
335	503.24
336	486.32
337	665.60
338	419.92
339	634.12
340	646.91
341	499.56
342	577.61
343	436.66
344	293.71
345	303.02
346	294.03
347	542.41
348	288.75
349	462.16
350	635.63
351	404.66
352	461.86
353	417.25
354	678.93
355	556.24
356	436.22
357	556.55
358	273.18
359	487.53
360	506.07
361	504.67
362	356.35
363	446.92
364	373.72
365	539.40
366	587.25
367	668.35
368	375.60
369	500.12
370	488.82
371	339.34
372	576.39
373	271.02
374	463.03
375	332.56
376	476.82
377	478.77
378	679.64
379	484.97
380	253.21
381	349.21
382	547.52
383	452.15
384	351.23
385	333.41
386	413.01
387	613.41
388	508.46
389	549.58
390	407.89
391	531.56
392	460.93
393	658.14
394	457.75
395	262.11
396	641.75
397	372.09
398	377.36
399	528.16
400	323.64
401	588.06
402	518.87
403	550.38
404	613.28
405	381.16
406	591.12
407	599.45
408	321.40
409	615.87
410	545.11
411	478.52
412	355.93
413	384.66
414	240.12
415	497.39
416	549.75
417	331.59
418	395.42
419	636.51
420	337.37
421	608.35
422	625.82
423	311.95
424	590.99
425	511.72
426	241.44
427	251.79
428	392.78
429	523.78
430	509.34
431	579.26
432	350.99
433	421.10
434	431.99
435	317.28
436	547.95
437	370.08
438	366.77
439	576.60
440	310.40
441	458.72
442	540.52
443	684.22
444	661.16
445	334.92
446	279.43
447	437.73
448	332.92
449	301.12
450	641.26
451	644.53
452	581.34
453	565.43
454	295.06
455	256.97
456	461.65
457	343.36
458	452.43
459	5.16
460	5.31
461	5.20
462	5.17
463	5.68
464	5.10
465	5.57
466	5.27
467	5.22
468	5.50
469	4.95
470	5.30
471	5.26
472	5.25
473	4.82
474	5.17
475	5.67
476	5.44
477	5.33
478	5.34
479	5.07
480	4.88
481	4.98
482	5.25
483	5.53
484	5.31
485	5.37
486	5.19
487	5.44
488	4.90
489	5.37
490	5.39
491	5.04
492	5.13
493	4.91
494	4.89
495	5.37
496	5.19
497	5.06
498	5.40
499	5.38
500	4.28
501	5.35
502	5.48
503	4.73
504	5.12
505	5.64
506	4.64
507	5.23
508	4.79
509	5.16
510	4.71
511	4.69
512	4.70
513	5.45
514	5.22
515	5.09
516	5.29
517	4.78
518	5.25
519	5.37
520	4.72
521	5.75
522	5.22
523	4.51
524	4.90
525	5.40
526	5.10
527	5.29
528	4.58
529	5.14
530	5.24
531	5.43
532	5.48
533	4.72
534	5.12
535	4.91
536	4.69
537	5.02
538	5.40
539	4.65
540	5.56
541	4.98
542	5.11
543	4.54
544	4.55
545	4.94
546	5.30
547	5.11
548	5.17
549	4.92
550	5.39
551	5.38
552	5.16
553	4.97
554	5.32
555	5.23
556	5.29
557	4.99
558	5.32
559	5.21
560	4.82
561	5.37
562	4.63
563	5.33
564	4.97
565	4.77
566	4.93
567	5.67
568	5.25
569	4.41
570	5.28
571	5.67
572	4.87
573	5.00
574	4.94
575	5.12
576	5.18
577	5.32
578	5.46
579	4.74
580	4.86
581	5.14
582	4.90
583	4.48
584	5.45
585	4.65
586	4.74
587	5.10
588	5.89
589	5.27
590	5.23
591	5.22
592	4.60
593	5.12
594	4.71
595	4.77
596	5.64
597	5.34
598	5.37
599	4.86
600	5.11
601	5.30
602	4.93
603	4.88
604	5.16
605	5.11
606	4.91
607	5.43
608	5.21
609	5.92
610	5.53
611	5.19
612	4.79
613	5.46
614	5.20
615	5.56
616	5.48
617	5.01
618	5.36
619	5.12
620	4.64
621	5.44
622	5.26
623	4.87
624	5.06
625	5.02
626	5.58
627	5.36
628	5.14
629	5.38
630	4.36
631	5.02
632	4.62
633	5.53
634	5.15
635	5.31
636	5.19
637	5.46
638	5.10
639	5.08
640	5.13
641	5.07
642	4.56
643	5.26
644	4.89
645	5.41
646	5.27
647	5.52
648	5.02
649	5.22
650	5.02
651	5.55
652	4.64
653	4.92
654	4.78
655	5.29
656	5.11
657	5.33
658	5.16
659	5.19
660	5.13
661	5.49
662	4.99
663	4.52
664	5.34
665	5.13
666	4.90
667	5.11
668	5.01
669	4.94
670	5.65
671	5.40
672	4.94
673	5.08
674	4.82
675	4.97
676	4.42
677	5.25
678	4.79
679	5.46
680	5.41
681	5.32
682	5.76
683	5.16
684	4.94
685	5.60
686	5.57
687	6.32
688	5.44
689	5.07
690	5.20
691	4.95
692	5.02
693	4.77
694	5.14
695	5.39
696	5.36
697	4.23
698	5.13
699	5.39
700	4.85
701	5.81
702	5.77
703	5.33
704	5.09
705	5.21
706	5.20
707	5.52
708	5.02
709	4.75
710	5.00
711	5.36
712	5.26
713	4.25
714	4.68
715	4.86
716	4.97
717	4.69
718	5.45
719	5.27
720	5.01
721	5.10
722	5.36
723	5.32
724	5.15
725	4.96
726	4.85
727	4.55
728	4.88
729	4.56
730	528.35
731	408.08
732	355.91
733	360.95
734	372.07
735	443.09
736	237.88
737	563.82
738	677.33
739	507.37
740	355.40
741	490.96
742	561.18
743	334.96
744	252.86
745	506.85
746	609.16
747	577.85
748	407.07
749	319.36
750	326.46
751	443.13
752	433.59
753	534.17
754	325.41
755	689.97
756	378.80
757	626.23
758	482.94
759	324.70
760	676.09
761	514.28
762	582.52
763	285.09
764	368.84
765	682.17
766	517.89
767	640.29
768	461.81
769	472.82
770	589.24
771	562.80
772	481.25
773	249.50
774	257.27
775	566.24
776	262.39
777	503.89
778	680.20
779	448.55
780	587.88
781	448.70
782	555.81
783	613.61
784	387.17
785	503.92
786	261.66
787	578.69
788	322.27
789	318.59
790	518.21
791	649.97
792	492.55
793	513.86
794	395.19
795	546.07
796	461.36
797	648.50
798	234.70
799	614.96
800	239.94
801	472.84
802	340.60
803	351.22
804	566.80
805	514.54
806	395.35
807	560.49
808	662.32
809	357.29
810	639.81
811	567.83
812	606.77
813	280.05
814	332.84
815	462.36
816	231.32
817	504.31
818	321.87
819	337.10
820	242.45
821	372.57
822	614.03
823	410.17
824	532.79
825	637.50
826	381.57
827	416.88
828	367.12
829	688.47
830	571.24
831	673.44
832	495.03
833	364.37
834	334.97
835	519.17
836	506.54
837	521.00
838	631.41
839	473.57
840	684.43
841	564.43
842	503.29
843	560.37
844	389.72
845	381.01
846	360.99
847	274.51
848	405.02
849	599.01
850	451.26
851	498.83
852	434.46
853	363.82
854	490.10
855	455.95
856	610.13
857	362.08
858	375.98
859	337.14
860	676.98
861	266.77
862	391.11
863	680.47
864	472.90
865	679.61
866	658.65
867	489.92
868	347.66
869	434.30
870	618.03
871	603.59
872	341.78
873	487.89
874	387.30
875	263.14
876	501.08
877	551.52
878	319.53
879	489.32
880	324.77
881	526.12
882	368.51
883	429.84
884	272.41
885	579.46
886	240.36
887	382.39
888	420.35
889	304.02
890	537.19
891	662.63
892	414.00
893	262.97
894	652.45
895	374.36
896	680.50
897	571.56
898	547.84
899	262.89
900	481.61
901	576.59
902	664.71
903	622.54
904	311.72
905	409.91
906	335.64
907	641.90
908	233.73
909	422.03
910	448.51
911	359.65
912	526.18
913	602.56
914	394.43
915	492.77
916	663.67
917	298.04
918	299.95
919	262.39
920	677.84
921	310.45
922	329.22
923	413.73
924	453.21
925	564.31
926	467.70
927	500.95
928	231.07
929	411.31
930	443.46
931	568.23
932	432.62
933	280.86
934	526.09
935	665.83
936	590.84
937	282.78
938	348.27
939	384.84
940	364.00
941	621.94
942	442.05
943	673.65
944	595.10
945	513.54
946	334.17
947	555.29
948	302.58
949	505.12
950	331.15
951	300.77
952	370.83
953	496.40
954	451.62
955	582.34
956	423.09
957	593.06
958	596.96
959	475.92
960	393.26
961	660.20
962	572.31
963	611.43
964	445.53
965	456.91
966	448.08
967	478.67
968	305.20
969	559.90
970	634.32
971	462.16
972	231.74
973	289.30
974	295.61
975	665.83
976	344.22
977	301.84
978	665.72
979	253.32
980	601.87
981	5.55
982	5.55
983	5.55
984	5.21
985	5.72
986	5.34
987	5.51
988	5.21
989	5.44
990	5.14
991	5.39
992	5.77
993	5.50
994	5.36
995	5.34
996	5.08
997	5.61
998	5.49
999	5.28
1000	5.44
0	0
1001	0
