tcount: 	 cost:
1	105992.46517516495
2	105992.46517516495
3	105992.46517516495
4	105992.46517516495
5	105992.46517516495
6	105992.46517516495
7	105992.46517516495
8	105992.46517516495
9	105992.46517516495
10	105992.46517516495
11	105992.46517516495
12	105992.46517516495
13	105992.46517516495
14	105992.46517516495
15	105992.46517516495
16	105992.46517516495
17	105992.46517516495
18	105992.46517516495
19	105992.46517516495
20	105992.46517516495
21	105992.46517516495
22	105992.46517516495
23	105992.46517516495
24	105992.46517516495
25	105992.46517516495
26	105992.46517516495
27	105992.46517516495
28	105992.46517516495
29	105992.46517516495
30	105992.46517516495
31	105992.46517516495
32	105992.46517516495
33	105992.46517516495
34	105992.46517516495
35	105992.46517516495
36	105992.46517516495
37	105992.46517516495
38	105992.46517516495
39	105992.46517516495
40	105992.46517516495
41	105992.46517516495
42	105992.46517516495
43	105992.46517516495
44	105992.46517516495
45	105992.46517516495
46	105992.46517516495
47	105992.46517516495
48	105992.46517516495
49	105992.46517516495
50	105992.46517516495
51	105992.46517516495
52	105992.46517516495
53	105992.46517516495
54	105992.46517516495
55	105992.46517516495
56	105992.46517516495
57	105992.46517516495
58	105992.46517516495
59	105992.46517516495
60	105992.46517516495
61	105992.46517516495
62	105992.46517516495
63	105992.46517516495
64	105992.46517516495
65	105992.46517516495
66	105992.46517516495
67	105992.46517516495
68	105992.46517516495
69	105992.46517516495
70	105992.46517516495
71	105992.46517516495
72	105992.46517516495
73	105992.46517516495
74	105992.46517516495
75	105992.46517516495
76	105992.46517516495
77	105992.46517516495
78	105992.46517516495
79	105992.46517516495
80	105992.46517516495
81	105992.46517516495
82	105992.46517516495
83	105992.46517516495
84	105992.46517516495
85	105992.46517516495
86	105992.46517516495
87	105992.46517516495
88	105992.46517516495
89	105992.46517516495
90	105992.46517516495
91	105992.46517516495
92	105992.46517516495
93	105992.46517516495
94	105992.46517516495
95	105992.46517516495
96	105992.46517516495
97	105992.46517516495
98	105992.46517516495
99	105992.46517516495
100	105992.46517516495
101	105992.46517516495
102	105992.46517516495
103	105992.46517516495
104	105992.46517516495
105	105992.46517516495
106	105992.46517516495
107	105992.46517516495
108	105992.46517516495
109	105992.46517516495
110	105992.46517516495
111	105992.46517516495
112	105992.46517516495
113	105992.46517516495
114	105992.46517516495
115	105992.46517516495
116	105992.46517516495
117	105992.46517516495
118	105992.46517516495
119	105992.46517516495
120	105992.46517516495
121	105992.46517516495
122	105992.46517516495
123	105992.46517516495
124	105992.46517516495
125	105992.46517516495
126	105992.46517516495
127	105992.46517516495
128	105992.46517516495
129	105992.46517516495
130	105992.46517516495
131	105992.46517516495
132	105992.46517516495
133	105992.46517516495
134	105992.46517516495
135	105992.46517516495
136	105992.46517516495
137	105992.46517516495
138	105992.46517516495
139	105992.46517516495
140	105992.46517516495
141	105992.46517516495
142	105992.46517516495
143	105992.46517516495
144	105992.46517516495
145	105992.46517516495
146	105992.46517516495
147	105992.46517516495
148	105992.46517516495
149	105992.46517516495
150	105992.46517516495
151	105992.46517516495
152	105992.46517516495
153	105992.46517516495
154	105992.46517516495
155	105992.46517516495
156	105992.46517516495
157	105992.46517516495
158	105992.46517516495
159	105992.46517516495
160	105992.46517516495
161	105992.46517516495
162	105992.46517516495
163	105992.46517516495
164	105992.46517516495
165	105992.46517516495
166	105992.46517516495
167	105992.46517516495
168	105992.46517516495
169	105992.46517516495
170	105992.46517516495
171	105992.46517516495
172	105992.46517516495
173	105992.46517516495
174	105992.46517516495
175	105992.46517516495
176	105992.46517516495
177	105992.46517516495
178	105992.46517516495
179	105992.46517516495
180	105992.46517516495
181	105992.46517516495
182	105992.46517516495
183	105992.46517516495
184	105992.46517516495
185	105992.46517516495
186	105992.46517516495
187	105992.46517516495
188	105992.46517516495
189	105992.46517516495
190	105992.46517516495
191	105992.46517516495
192	105992.46517516495
193	105992.46517516495
194	105992.46517516495
195	105992.46517516495
196	105992.46517516495
197	105992.46517516495
198	105992.46517516495
199	105992.46517516495
200	105992.46517516495
201	105992.46517516495
202	105992.46517516495
203	105992.46517516495
204	105992.46517516495
205	105992.46517516495
206	105992.46517516495
207	105992.46517516495
208	105992.46517516495
209	105992.46517516495
210	105992.46517516495
211	105992.46517516495
212	105992.46517516495
213	105992.46517516495
214	105992.46517516495
215	105992.46517516495
216	105992.46517516495
217	105992.46517516495
218	105992.46517516495
219	105992.46517516495
220	105992.46517516495
221	105992.46517516495
222	105992.46517516495
223	105992.46517516495
224	105992.46517516495
225	105992.46517516495
226	105992.46517516495
227	105992.46517516495
228	105992.46517516495
229	105992.46517516495
230	105992.46517516495
231	105992.46517516495
232	105992.46517516495
233	105992.46517516495
234	105992.46517516495
235	105992.46517516495
236	105992.46517516495
237	105992.46517516495
238	105992.46517516495
239	105992.46517516495
240	105992.46517516495
241	105992.46517516495
242	105992.46517516495
243	105992.46517516495
244	105992.46517516495
245	105992.46517516495
246	105992.46517516495
247	105992.46517516495
248	105992.46517516495
249	105992.46517516495
250	105992.46517516495
251	105992.46517516495
252	105992.46517516495
253	105992.46517516495
254	105992.46517516495
255	105992.46517516495
256	105992.46517516495
257	105992.46517516495
258	105992.46517516495
259	105992.46517516495
260	105992.46517516495
261	105992.46517516495
262	105992.46517516495
263	105992.46517516495
264	105992.46517516495
265	105992.46517516495
266	105992.46517516495
267	105992.46517516495
268	105992.46517516495
269	105992.46517516495
270	105992.46517516495
271	105992.46517516495
272	105992.46517516495
273	105992.46517516495
274	105992.46517516495
275	105992.46517516495
276	105992.46517516495
277	105992.46517516495
278	105992.46517516495
279	105992.46517516495
280	105992.46517516495
281	105992.46517516495
282	105992.46517516495
283	105992.46517516495
284	105992.46517516495
285	105992.46517516495
286	105992.46517516495
287	105992.46517516495
288	105992.46517516495
289	105992.46517516495
290	105992.46517516495
291	105992.46517516495
292	105992.46517516495
293	105992.46517516495
294	105992.46517516495
295	105992.46517516495
296	105992.46517516495
297	105992.46517516495
298	105992.46517516495
299	105992.46517516495
300	105992.46517516495
301	105992.46517516495
302	105992.46517516495
303	105992.46517516495
304	105992.46517516495
305	105992.46517516495
306	105992.46517516495
307	105992.46517516495
308	105992.46517516495
309	105992.46517516495
310	105992.46517516495
311	105992.46517516495
312	105992.46517516495
313	105992.46517516495
314	105992.46517516495
315	105992.46517516495
316	105992.46517516495
317	105992.46517516495
318	105992.46517516495
319	105992.46517516495
320	105992.46517516495
321	105992.46517516495
322	105992.46517516495
323	105992.46517516495
324	105992.46517516495
325	105992.46517516495
326	105992.46517516495
327	105992.46517516495
328	105992.46517516495
329	105992.46517516495
330	105992.46517516495
331	105992.46517516495
332	105992.46517516495
333	105992.46517516495
334	105992.46517516495
335	105992.46517516495
336	105992.46517516495
337	105992.46517516495
338	105992.46517516495
339	105992.46517516495
340	105992.46517516495
341	105992.46517516495
342	105992.46517516495
343	105992.46517516495
344	105992.46517516495
345	105992.46517516495
346	105992.46517516495
347	105992.46517516495
348	105992.46517516495
349	105992.46517516495
350	105992.46517516495
351	105992.46517516495
352	105992.46517516495
353	105992.46517516495
354	105992.46517516495
355	105992.46517516495
356	105992.46517516495
357	105992.46517516495
358	105992.46517516495
359	105992.46517516495
360	105992.46517516495
361	105992.46517516495
362	105992.46517516495
363	105992.46517516495
364	105992.46517516495
365	105992.46517516495
366	105992.46517516495
367	105992.46517516495
368	105992.46517516495
369	105992.46517516495
370	105992.46517516495
371	105992.46517516495
372	105992.46517516495
373	105992.46517516495
374	105992.46517516495
375	105992.46517516495
376	105992.46517516495
377	105992.46517516495
378	105992.46517516495
379	105992.46517516495
380	105992.46517516495
381	105992.46517516495
382	105992.46517516495
383	105992.46517516495
384	105992.46517516495
385	105992.46517516495
386	105992.46517516495
387	105992.46517516495
388	105992.46517516495
389	105992.46517516495
390	105992.46517516495
391	105992.46517516495
392	105992.46517516495
393	105992.46517516495
