tcount: 	 cost:
1	89412.3965691735
2	89412.3965691735
3	89412.3965691735
4	89412.3965691735
5	89412.3965691735
6	89412.3965691735
7	89412.3965691735
8	89412.3965691735
9	89412.3965691735
10	89412.3965691735
11	89412.3965691735
12	89412.3965691735
13	89412.3965691735
14	89412.3965691735
15	89412.3965691735
16	89412.3965691735
17	89412.3965691735
18	89412.3965691735
19	89412.3965691735
20	89412.3965691735
21	89412.3965691735
22	89412.3965691735
23	89412.3965691735
24	89412.3965691735
25	89412.3965691735
26	89412.3965691735
27	89412.3965691735
28	89412.3965691735
29	89412.3965691735
30	89412.3965691735
31	89412.3965691735
32	89412.3965691735
33	89412.3965691735
34	89412.3965691735
35	89412.3965691735
36	89412.3965691735
37	89412.3965691735
38	89412.3965691735
39	89412.3965691735
40	89412.3965691735
41	89412.3965691735
42	89412.3965691735
43	89412.3965691735
44	89412.3965691735
45	89412.3965691735
46	89412.3965691735
47	89412.3965691735
48	89412.3965691735
49	89412.3965691735
50	89412.3965691735
51	89412.3965691735
52	89412.3965691735
53	89412.3965691735
54	89412.3965691735
55	89412.3965691735
56	89412.3965691735
57	89412.3965691735
58	89412.3965691735
59	89412.3965691735
60	89412.3965691735
61	89412.3965691735
62	89412.3965691735
63	89412.3965691735
64	89412.3965691735
65	89412.3965691735
66	89412.3965691735
67	89412.3965691735
68	89412.3965691735
69	89412.3965691735
70	89412.3965691735
71	89412.3965691735
72	89412.3965691735
73	89412.3965691735
74	89412.3965691735
75	89412.3965691735
76	89412.3965691735
77	89412.3965691735
78	89412.3965691735
79	89412.3965691735
80	89412.3965691735
81	89412.3965691735
82	89412.3965691735
83	89412.3965691735
84	89412.3965691735
85	89412.3965691735
86	89412.3965691735
87	89412.3965691735
88	89412.3965691735
89	89412.3965691735
90	89412.3965691735
91	89412.3965691735
92	89412.3965691735
93	89412.3965691735
94	89412.3965691735
95	89412.3965691735
96	89412.3965691735
97	89412.3965691735
98	89412.3965691735
99	89412.3965691735
100	89412.3965691735
101	89412.3965691735
102	89412.3965691735
103	89412.3965691735
104	89412.3965691735
105	89412.3965691735
106	89412.3965691735
107	89412.3965691735
108	89412.3965691735
109	89412.3965691735
110	89412.3965691735
111	89412.3965691735
112	89412.3965691735
113	89412.3965691735
114	89412.3965691735
115	89412.3965691735
116	89412.3965691735
117	89412.3965691735
118	89412.3965691735
119	89412.3965691735
120	89412.3965691735
121	89412.3965691735
122	89412.3965691735
123	89412.3965691735
124	89412.3965691735
125	89412.3965691735
126	89412.3965691735
127	89412.3965691735
128	89412.3965691735
129	89412.3965691735
130	89412.3965691735
131	89412.3965691735
132	89412.3965691735
133	89412.3965691735
134	89412.3965691735
135	89412.3965691735
136	89412.3965691735
137	89412.3965691735
138	89412.3965691735
139	89412.3965691735
140	89412.3965691735
141	89412.3965691735
142	89412.3965691735
143	89412.3965691735
144	89412.3965691735
145	89412.3965691735
146	89412.3965691735
147	89412.3965691735
148	89412.3965691735
149	89412.3965691735
150	89412.3965691735
151	89412.3965691735
152	89412.3965691735
153	89412.3965691735
154	89412.3965691735
155	89412.3965691735
156	89412.3965691735
157	89412.3965691735
158	89412.3965691735
159	89412.3965691735
160	89412.3965691735
161	89412.3965691735
162	89412.3965691735
163	89412.3965691735
164	89412.3965691735
165	89412.3965691735
166	89412.3965691735
167	89412.3965691735
168	89412.3965691735
169	89412.3965691735
170	89412.3965691735
171	89412.3965691735
172	89412.3965691735
173	89412.3965691735
174	89412.3965691735
175	89412.3965691735
176	89412.3965691735
177	89412.3965691735
178	89412.3965691735
179	89412.3965691735
180	89412.3965691735
181	89412.3965691735
182	89412.3965691735
183	89412.3965691735
184	89412.3965691735
185	89412.3965691735
186	89412.3965691735
187	89412.3965691735
188	89412.3965691735
189	89412.3965691735
190	89412.3965691735
191	89412.3965691735
192	89412.3965691735
193	89412.3965691735
194	89412.3965691735
195	89412.3965691735
196	89412.3965691735
197	89412.3965691735
198	89412.3965691735
199	89412.3965691735
200	89412.3965691735
201	89412.3965691735
202	89412.3965691735
203	89412.3965691735
204	89412.3965691735
205	89412.3965691735
206	89412.3965691735
207	89412.3965691735
208	89412.3965691735
209	89412.3965691735
210	89412.3965691735
211	89412.3965691735
212	89412.3965691735
213	89412.3965691735
214	89412.3965691735
215	89412.3965691735
216	89412.3965691735
217	89412.3965691735
218	89412.3965691735
219	89412.3965691735
220	89412.3965691735
221	89412.3965691735
222	89412.3965691735
223	89412.3965691735
224	89412.3965691735
225	89412.3965691735
226	89412.3965691735
227	89412.3965691735
228	89412.3965691735
229	89412.3965691735
230	89412.3965691735
231	89412.3965691735
232	89412.3965691735
233	89412.3965691735
234	89412.3965691735
235	89412.3965691735
236	89412.3965691735
237	89412.3965691735
238	89412.3965691735
239	89412.3965691735
240	89412.3965691735
241	89412.3965691735
242	89412.3965691735
243	89412.3965691735
244	89412.3965691735
245	89412.3965691735
246	89412.3965691735
247	89412.3965691735
248	89412.3965691735
249	89412.3965691735
250	89412.3965691735
251	89412.3965691735
252	89412.3965691735
253	89412.3965691735
254	89412.3965691735
255	89412.3965691735
256	89412.3965691735
257	89412.3965691735
258	89412.3965691735
259	89412.3965691735
260	89412.3965691735
261	89412.3965691735
262	89412.3965691735
263	89412.3965691735
264	89412.3965691735
265	89412.3965691735
266	89412.3965691735
267	89412.3965691735
268	89412.3965691735
269	89412.3965691735
270	89412.3965691735
271	89412.3965691735
272	89412.3965691735
273	89412.3965691735
274	89412.3965691735
275	89412.3965691735
276	89412.3965691735
277	89412.3965691735
278	89412.3965691735
279	89412.3965691735
280	89412.3965691735
281	89412.3965691735
282	89412.3965691735
283	89412.3965691735
284	89412.3965691735
285	89412.3965691735
286	89412.3965691735
287	89412.3965691735
288	89412.3965691735
289	89412.3965691735
290	89412.3965691735
291	89412.3965691735
292	89412.3965691735
293	89412.3965691735
294	89412.3965691735
295	89412.3965691735
296	89412.3965691735
297	89412.3965691735
298	89412.3965691735
299	89412.3965691735
300	89412.3965691735
301	89412.3965691735
302	89412.3965691735
303	89412.3965691735
304	89412.3965691735
305	89412.3965691735
306	89412.3965691735
307	89412.3965691735
308	89412.3965691735
309	89412.3965691735
310	89412.3965691735
311	89412.3965691735
312	89412.3965691735
313	89412.3965691735
314	89412.3965691735
315	89412.3965691735
316	89412.3965691735
317	89412.3965691735
318	89412.3965691735
319	89412.3965691735
320	89412.3965691735
321	89412.3965691735
322	89412.3965691735
323	89412.3965691735
324	89412.3965691735
325	89412.3965691735
326	89412.3965691735
327	89412.3965691735
328	89412.3965691735
329	89412.3965691735
330	89412.3965691735
331	89412.3965691735
332	89412.3965691735
333	89412.3965691735
334	89412.3965691735
335	89412.3965691735
336	89412.3965691735
337	89412.3965691735
338	89412.3965691735
339	89412.3965691735
340	89412.3965691735
341	89412.3965691735
342	89412.3965691735
343	89412.3965691735
344	89412.3965691735
345	89412.3965691735
346	89412.3965691735
347	89412.3965691735
348	89412.3965691735
349	89412.3965691735
350	89412.3965691735
351	89412.3965691735
352	89412.3965691735
353	89412.3965691735
354	89412.3965691735
355	89412.3965691735
356	89412.3965691735
357	89412.3965691735
358	89412.3965691735
359	89412.3965691735
360	89412.3965691735
361	89412.3965691735
362	89412.3965691735
363	89412.3965691735
364	89412.3965691735
365	89412.3965691735
366	89412.3965691735
367	89412.3965691735
368	89412.3965691735
369	89412.3965691735
370	89412.3965691735
371	89412.3965691735
372	89412.3965691735
373	89412.3965691735
374	89412.3965691735
375	89412.3965691735
376	89412.3965691735
377	89412.3965691735
378	89412.3965691735
379	89412.3965691735
380	89412.3965691735
381	89412.3965691735
382	89412.3965691735
383	89412.3965691735
384	89412.3965691735
385	89412.3965691735
386	89412.3965691735
387	89412.3965691735
388	89412.3965691735
389	89412.3965691735
390	89412.3965691735
391	89412.3965691735
392	89412.3965691735
393	89412.3965691735
394	89412.3965691735
395	89412.3965691735
396	89412.3965691735
397	89412.3965691735
398	89412.3965691735
399	89412.3965691735
400	89412.3965691735
401	89412.3965691735
402	89412.3965691735
403	89412.3965691735
404	89412.3965691735
405	89412.3965691735
406	89412.3965691735
407	89412.3965691735
408	89412.3965691735
409	89412.3965691735
410	89412.3965691735
411	89412.3965691735
412	89412.3965691735
413	89412.3965691735
414	89412.3965691735
415	89412.3965691735
416	89412.3965691735
417	89412.3965691735
418	89412.3965691735
419	89412.3965691735
420	89412.3965691735
421	89412.3965691735
422	89412.3965691735
423	89412.3965691735
424	89412.3965691735
425	89412.3965691735
426	89412.3965691735
427	89412.3965691735
428	89412.3965691735
429	89412.3965691735
430	89412.3965691735
431	89412.3965691735
432	89412.3965691735
433	89412.3965691735
434	89412.3965691735
435	89412.3965691735
436	89412.3965691735
437	89412.3965691735
438	89412.3965691735
439	89412.3965691735
440	89412.3965691735
441	89412.3965691735
442	89412.3965691735
443	89412.3965691735
444	89412.3965691735
445	89412.3965691735
446	89412.3965691735
447	89412.3965691735
448	89412.3965691735
449	89412.3965691735
450	89412.3965691735
451	89412.3965691735
452	89412.3965691735
453	89412.3965691735
454	89412.3965691735
455	89412.3965691735
456	89412.3965691735
457	89412.3965691735
458	89412.3965691735
459	89412.3965691735
460	89412.3965691735
461	89412.3965691735
462	89412.3965691735
463	89412.3965691735
464	89412.3965691735
465	89412.3965691735
466	89412.3965691735
467	89412.3965691735
468	89412.3965691735
469	89412.3965691735
470	89412.3965691735
471	89412.3965691735
472	89412.3965691735
473	89412.3965691735
474	89412.3965691735
475	89412.3965691735
476	89412.3965691735
477	89412.3965691735
478	89412.3965691735
479	89412.3965691735
480	89412.3965691735
481	89412.3965691735
482	89412.3965691735
483	89412.3965691735
484	89412.3965691735
485	89412.3965691735
486	89412.3965691735
487	89412.3965691735
488	89412.3965691735
489	89412.3965691735
490	89412.3965691735
491	89412.3965691735
492	89412.3965691735
493	89412.3965691735
494	89412.3965691735
495	89412.3965691735
496	89412.3965691735
497	89412.3965691735
498	89412.3965691735
499	89412.3965691735
500	89412.3965691735
501	89412.3965691735
502	89412.3965691735
503	89412.3965691735
504	89412.3965691735
505	89412.3965691735
506	89412.3965691735
507	89412.3965691735
508	89412.3965691735
509	89412.3965691735
510	89412.3965691735
511	89412.3965691735
512	89412.3965691735
513	89412.3965691735
514	89412.3965691735
515	89412.3965691735
516	89412.3965691735
517	89412.3965691735
518	89412.3965691735
519	89412.3965691735
520	89412.3965691735
521	89412.3965691735
522	89412.3965691735
523	89412.3965691735
524	89412.3965691735
525	89412.3965691735
526	89412.3965691735
527	89412.3965691735
528	89412.3965691735
529	89412.3965691735
530	89412.3965691735
531	89412.3965691735
532	89412.3965691735
533	89412.3965691735
534	89412.3965691735
535	89412.3965691735
536	89412.3965691735
537	89412.3965691735
538	89412.3965691735
539	89412.3965691735
540	89412.3965691735
541	89412.3965691735
542	89412.3965691735
543	89412.3965691735
544	89412.3965691735
545	89412.3965691735
546	89412.3965691735
547	89412.3965691735
548	89412.3965691735
549	89412.3965691735
550	89412.3965691735
551	89412.3965691735
552	89412.3965691735
553	89412.3965691735
554	89412.3965691735
555	89412.3965691735
556	89412.3965691735
557	89412.3965691735
558	89412.3965691735
559	89412.3965691735
560	89412.3965691735
561	89412.3965691735
562	89412.3965691735
563	89412.3965691735
564	89412.3965691735
565	89412.3965691735
566	89412.3965691735
567	89412.3965691735
568	89412.3965691735
569	89412.3965691735
570	89412.3965691735
571	89412.3965691735
572	89412.3965691735
573	89412.3965691735
574	89412.3965691735
575	89412.3965691735
576	89412.3965691735
577	89412.3965691735
578	89412.3965691735
579	89412.3965691735
580	89412.3965691735
581	89412.3965691735
582	89412.3965691735
583	89412.3965691735
584	89412.3965691735
585	89412.3965691735
586	89412.3965691735
587	89412.3965691735
588	89412.3965691735
589	89412.3965691735
590	89412.3965691735
591	89412.3965691735
592	89412.3965691735
593	89412.3965691735
594	89412.3965691735
595	89412.3965691735
596	89412.3965691735
597	89412.3965691735
598	89412.3965691735
599	89412.3965691735
600	89412.3965691735
601	89412.3965691735
602	89412.3965691735
603	89412.3965691735
604	89412.3965691735
605	89412.3965691735
606	89412.3965691735
607	89412.3965691735
608	89412.3965691735
609	89412.3965691735
610	89412.3965691735
611	89412.3965691735
612	89412.3965691735
613	89412.3965691735
614	89412.3965691735
615	89412.3965691735
616	89412.3965691735
617	89412.3965691735
618	89412.3965691735
619	89412.3965691735
620	89412.3965691735
621	89412.3965691735
622	89412.3965691735
623	89412.3965691735
624	89412.3965691735
625	89412.3965691735
626	89412.3965691735
627	89412.3965691735
628	89412.3965691735
629	89412.3965691735
630	89412.3965691735
631	89412.3965691735
632	89412.3965691735
633	89412.3965691735
634	89412.3965691735
635	89412.3965691735
636	89412.3965691735
637	89412.3965691735
638	89412.3965691735
639	89412.3965691735
640	89412.3965691735
641	89412.3965691735
642	89412.3965691735
643	89412.3965691735
644	89412.3965691735
645	89412.3965691735
646	89412.3965691735
647	89412.3965691735
648	89412.3965691735
649	89412.3965691735
650	89412.3965691735
651	89412.3965691735
652	89412.3965691735
653	89412.3965691735
654	89412.3965691735
655	89412.3965691735
656	89412.3965691735
657	89412.3965691735
658	89412.3965691735
659	89412.3965691735
660	89412.3965691735
661	89412.3965691735
662	89412.3965691735
663	89412.3965691735
664	89412.3965691735
665	89412.3965691735
666	89412.3965691735
667	89412.3965691735
668	89412.3965691735
669	89412.3965691735
670	89412.3965691735
671	89412.3965691735
672	89412.3965691735
673	89412.3965691735
674	89412.3965691735
675	89412.3965691735
676	89412.3965691735
677	89412.3965691735
678	89412.3965691735
679	89412.3965691735
680	89412.3965691735
681	89412.3965691735
682	89412.3965691735
683	89412.3965691735
684	89412.3965691735
685	89412.3965691735
686	89412.3965691735
687	89412.3965691735
688	89412.3965691735
689	89412.3965691735
690	89412.3965691735
691	89412.3965691735
692	89412.3965691735
693	89412.3965691735
694	89412.3965691735
695	89412.3965691735
696	89412.3965691735
697	89412.3965691735
698	89412.3965691735
699	89412.3965691735
700	89412.3965691735
701	89412.3965691735
702	89412.3965691735
703	89412.3965691735
704	89412.3965691735
705	89412.3965691735
706	89412.3965691735
707	89412.3965691735
708	89412.3965691735
709	89412.3965691735
710	89412.3965691735
711	89412.3965691735
712	89412.3965691735
713	89412.3965691735
714	89412.3965691735
715	89412.3965691735
716	89412.3965691735
717	89412.3965691735
718	89412.3965691735
719	89412.3965691735
720	89412.3965691735
721	89412.3965691735
722	89412.3965691735
723	89412.3965691735
724	89412.3965691735
725	89412.3965691735
726	89412.3965691735
727	89412.3965691735
728	89412.3965691735
729	89412.3965691735
730	89412.3965691735
731	89412.3965691735
732	89412.3965691735
733	89412.3965691735
734	89412.3965691735
735	89412.3965691735
736	89412.3965691735
737	89412.3965691735
738	89412.3965691735
739	89412.3965691735
740	89412.3965691735
741	89412.3965691735
742	89412.3965691735
743	89412.3965691735
744	89412.3965691735
745	89412.3965691735
746	89412.3965691735
747	89412.3965691735
748	89412.3965691735
749	89412.3965691735
750	89412.3965691735
751	89412.3965691735
752	89412.3965691735
753	89412.3965691735
754	89412.3965691735
755	89412.3965691735
756	89412.3965691735
757	89412.3965691735
758	89412.3965691735
759	89412.3965691735
760	89412.3965691735
761	89412.3965691735
762	89412.3965691735
763	89412.3965691735
764	89412.3965691735
765	89412.3965691735
766	89412.3965691735
767	89412.3965691735
768	89412.3965691735
769	89412.3965691735
770	89412.3965691735
771	89412.3965691735
772	89412.3965691735
773	89412.3965691735
774	89412.3965691735
775	89412.3965691735
776	89412.3965691735
777	89412.3965691735
778	89412.3965691735
779	89412.3965691735
780	89412.3965691735
781	89412.3965691735
782	89412.3965691735
783	89412.3965691735
784	89412.3965691735
785	89412.3965691735
786	89412.3965691735
787	89412.3965691735
788	89412.3965691735
789	89412.3965691735
790	89412.3965691735
791	89412.3965691735
792	89412.3965691735
793	89412.3965691735
794	89412.3965691735
795	89412.3965691735
796	89412.3965691735
797	89412.3965691735
798	89412.3965691735
799	89412.3965691735
800	89412.3965691735
801	89412.3965691735
802	89412.3965691735
803	89412.3965691735
804	89412.3965691735
805	89412.3965691735
806	89412.3965691735
807	89412.3965691735
