HEFTmakespan:	HEFTsumcost:	maxTime:	DMtestmakespan:	DMsumcost:	MaxTimeParameter:	
817.72	104915.13	1226.58	817.72	104915.13	1.5
817.72	104915.13	1635.44	1632.82	104251.88	2.0
817.72	104915.13	2862.02	2706.33	103601.40	3.5
817.72	104915.13	3270.88	3093.25	103587.47	4.0
817.72	104915.13	3679.74	3525.69	102938.14	4.5
817.72	104915.13	4088.60	3912.61	102924.65	5.0
817.72	104915.13	4906.32	4731.97	102262.06	6.0
817.72	104915.13	6541.76	6416.21	100474.93	8.0
817.72	104915.13	8177.20	7861.47	99906.18	10.0
