338	299.94	787.35	572.62	299.94	572.62	787.35	572.62	299.94	787.35	787.35	787.35	572.62	299.94	419.92	572.62
339	452.94	1188.98	864.71	452.94	864.71	1188.98	864.71	452.94	1188.98	1188.98	1188.98	864.71	452.94	634.12	864.71
941	444.24	1166.14	848.10	444.24	848.10	1166.14	848.10	444.24	1166.14	1166.14	1166.14	848.10	444.24	621.94	848.10
942	315.75	828.84	602.80	315.75	602.80	828.84	602.80	315.75	828.84	828.84	828.84	602.80	315.75	442.05	602.80
940	260.00	682.50	496.36	260.00	496.36	682.50	496.36	260.00	682.50	682.50	682.50	496.36	260.00	364.00	496.36
945	366.81	962.89	700.28	366.81	700.28	962.89	700.28	366.81	962.89	962.89	962.89	700.28	366.81	513.54	700.28
332	218.66	573.98	417.44	218.66	417.44	573.98	417.44	218.66	573.98	573.98	573.98	417.44	218.66	306.12	417.44
946	238.69	626.57	455.69	238.69	455.69	626.57	455.69	238.69	626.57	626.57	626.57	455.69	238.69	334.17	455.69
333	187.73	492.79	358.39	187.73	358.39	492.79	358.39	187.73	492.79	492.79	492.79	358.39	187.73	262.82	358.39
943	481.18	1263.09	918.61	481.18	918.61	1263.09	918.61	481.18	1263.09	1263.09	1263.09	918.61	481.18	673.65	918.61
330	172.23	452.10	328.80	172.23	328.80	452.10	328.80	172.23	452.10	452.10	452.10	328.80	172.23	241.12	328.80
944	425.07	1115.81	811.50	425.07	811.50	1115.81	811.50	425.07	1115.81	1115.81	1115.81	811.50	425.07	595.10	811.50
331	259.34	680.78	495.11	259.34	495.11	680.78	495.11	259.34	680.78	680.78	680.78	495.11	259.34	363.08	495.11
949	360.80	947.10	688.80	360.80	688.80	947.10	688.80	360.80	947.10	947.10	947.10	688.80	360.80	505.12	688.80
336	347.37	911.85	663.16	347.37	663.16	911.85	663.16	347.37	911.85	911.85	911.85	663.16	347.37	486.32	663.16
337	475.43	1248.00	907.64	475.43	907.64	1248.00	907.64	475.43	1248.00	1248.00	1248.00	907.64	475.43	665.60	907.64
947	396.64	1041.17	757.21	396.64	757.21	1041.17	757.21	396.64	1041.17	1041.17	1041.17	757.21	396.64	555.29	757.21
334	342.54	899.18	653.95	342.54	653.95	899.18	653.95	342.54	899.18	899.18	899.18	653.95	342.54	479.56	653.95
948	216.13	567.34	412.61	216.13	412.61	567.34	412.61	216.13	567.34	567.34	567.34	412.61	216.13	302.58	412.61
335	359.46	943.58	686.24	359.46	686.24	943.58	686.24	359.46	943.58	943.58	943.58	686.24	359.46	503.24	686.24
531	3.88	10.18	7.40	3.88	7.40	10.18	7.40	3.88	10.18	10.18	10.18	7.40	3.88	5.43	7.40
748	290.76	763.26	555.10	290.76	555.10	763.26	555.10	290.76	763.26	763.26	763.26	555.10	290.76	407.07	555.10
530	3.74	9.83	7.15	3.74	7.15	9.83	7.15	3.74	9.83	9.83	9.83	7.15	3.74	5.24	7.15
747	412.75	1083.47	787.98	412.75	787.98	1083.47	787.98	412.75	1083.47	1083.47	1083.47	787.98	412.75	577.85	787.98
746	435.11	1142.18	830.67	435.11	830.67	1142.18	830.67	435.11	1142.18	1142.18	1142.18	830.67	435.11	609.16	830.67
745	362.04	950.34	691.16	362.04	691.16	950.34	691.16	362.04	950.34	950.34	950.34	691.16	362.04	506.85	691.16
535	3.51	9.21	6.70	3.51	6.70	9.21	6.70	3.51	9.21	9.21	9.21	6.70	3.51	4.91	6.70
534	3.66	9.60	6.98	3.66	6.98	9.60	6.98	3.66	9.60	9.60	9.60	6.98	3.66	5.12	6.98
533	3.37	8.85	6.44	3.37	6.44	8.85	6.44	3.37	8.85	8.85	8.85	6.44	3.37	4.72	6.44
532	3.91	10.28	7.47	3.91	7.47	10.28	7.47	3.91	10.28	10.28	10.28	7.47	3.91	5.48	7.47
749	228.11	598.80	435.49	228.11	435.49	598.80	435.49	228.11	598.80	598.80	598.80	435.49	228.11	319.36	435.49
539	3.32	8.72	6.34	3.32	6.34	8.72	6.34	3.32	8.72	8.72	8.72	6.34	3.32	4.65	6.34
740	253.86	666.38	484.64	253.86	484.64	666.38	484.64	253.86	666.38	666.38	666.38	484.64	253.86	355.40	484.64
538	3.86	10.13	7.36	3.86	7.36	10.13	7.36	3.86	10.13	10.13	10.13	7.36	3.86	5.40	7.36
537	3.59	9.41	6.85	3.59	6.85	9.41	6.85	3.59	9.41	9.41	9.41	6.85	3.59	5.02	6.85
536	3.35	8.79	6.40	3.35	6.40	8.79	6.40	3.35	8.79	8.79	8.79	6.40	3.35	4.69	6.40
744	180.61	474.11	344.81	180.61	344.81	474.11	344.81	180.61	474.11	474.11	474.11	344.81	180.61	252.86	344.81
743	239.26	628.05	456.76	239.26	456.76	628.05	456.76	239.26	628.05	628.05	628.05	456.76	239.26	334.96	456.76
742	400.84	1052.21	765.25	400.84	765.25	1052.21	765.25	400.84	1052.21	1052.21	1052.21	765.25	400.84	561.18	765.25
741	350.69	920.55	669.49	350.69	669.49	920.55	669.49	350.69	920.55	920.55	920.55	669.49	350.69	490.96	669.49
349	330.11	866.55	630.22	330.11	630.22	866.55	630.22	330.11	866.55	866.55	866.55	630.22	330.11	462.16	630.22
930	316.76	831.49	604.72	316.76	604.72	831.49	604.72	316.76	831.49	831.49	831.49	604.72	316.76	443.46	604.72
931	405.88	1065.43	774.86	405.88	774.86	1065.43	774.86	405.88	1065.43	1065.43	1065.43	774.86	405.88	568.23	774.86
932	309.01	811.16	589.94	309.01	589.94	811.16	589.94	309.01	811.16	811.16	811.16	589.94	309.01	432.62	589.94
341	356.83	936.68	681.22	356.83	681.22	936.68	681.22	356.83	936.68	936.68	936.68	681.22	356.83	499.56	681.22
933	200.61	526.61	382.99	200.61	382.99	526.61	382.99	200.61	526.61	526.61	526.61	382.99	200.61	280.86	382.99
342	412.58	1083.02	787.65	412.58	787.65	1083.02	787.65	412.58	1083.02	1083.02	1083.02	787.65	412.58	577.61	787.65
934	375.78	986.42	717.40	375.78	717.40	986.42	717.40	375.78	986.42	986.42	986.42	717.40	375.78	526.09	717.40
343	311.90	818.74	595.45	311.90	595.45	818.74	595.45	311.90	818.74	818.74	818.74	595.45	311.90	436.66	595.45
935	475.59	1248.43	907.95	475.59	907.95	1248.43	907.95	475.59	1248.43	1248.43	1248.43	907.95	475.59	665.83	907.95
344	209.79	550.71	400.51	209.79	400.51	550.71	400.51	209.79	550.71	550.71	550.71	400.51	209.79	293.71	400.51
936	422.03	1107.83	805.69	422.03	805.69	1107.83	805.69	422.03	1107.83	1107.83	1107.83	805.69	422.03	590.84	805.69
345	216.44	568.16	413.21	216.44	413.21	568.16	413.21	216.44	568.16	568.16	568.16	413.21	216.44	303.02	413.21
937	201.99	530.21	385.61	201.99	385.61	530.21	385.61	201.99	530.21	530.21	530.21	385.61	201.99	282.78	385.61
346	210.02	551.31	400.95	210.02	400.95	551.31	400.95	210.02	551.31	551.31	551.31	400.95	210.02	294.03	400.95
938	248.76	653.01	474.91	248.76	474.91	653.01	474.91	248.76	653.01	653.01	653.01	474.91	248.76	348.27	474.91
347	387.44	1017.02	739.65	387.44	739.65	1017.02	739.65	387.44	1017.02	1017.02	1017.02	739.65	387.44	542.41	739.65
939	274.89	721.58	524.78	274.89	524.78	721.58	524.78	274.89	721.58	721.58	721.58	524.78	274.89	384.84	524.78
348	206.25	541.41	393.75	206.25	393.75	541.41	393.75	206.25	541.41	541.41	541.41	393.75	206.25	288.75	393.75
3	12.90	33.86	24.63	12.90	24.63	33.86	24.63	12.90	33.86	33.86	33.86	24.63	12.90	18.06	24.63
540	3.97	10.43	7.58	3.97	7.58	10.43	7.58	3.97	10.43	10.43	10.43	7.58	3.97	5.56	7.58
735	316.49	830.79	604.21	316.49	604.21	830.79	604.21	316.49	830.79	830.79	830.79	604.21	316.49	443.09	604.21
929	293.79	771.21	560.88	293.79	560.88	771.21	560.88	293.79	771.21	771.21	771.21	560.88	293.79	411.31	560.88
2	13.05	34.26	24.91	13.05	24.91	34.26	24.91	13.05	34.26	34.26	34.26	24.91	13.05	18.27	24.91
734	265.76	697.63	507.37	265.76	507.37	697.63	507.37	265.76	697.63	697.63	697.63	507.37	265.76	372.07	507.37
1	12.96	34.01	24.74	12.96	24.74	34.01	24.74	12.96	34.01	34.01	34.01	24.74	12.96	18.14	24.74
542	3.65	9.58	6.97	3.65	6.97	9.58	6.97	3.65	9.58	9.58	9.58	6.97	3.65	5.11	6.97
737	402.73	1057.16	768.85	402.73	768.85	1057.16	768.85	402.73	1057.16	1057.16	1057.16	768.85	402.73	563.82	768.85
0	0.00	0.00	0.00	0.00	0.00	0.00	0.00	0.00	0.00	0.00	0.00	0.00	0.00	0.00	0.00
541	3.56	9.34	6.79	3.56	6.79	9.34	6.79	3.56	9.34	9.34	9.34	6.79	3.56	4.98	6.79
736	169.91	446.03	324.38	169.91	324.38	446.03	324.38	169.91	446.03	446.03	446.03	324.38	169.91	237.88	324.38
7	12.87	33.79	24.57	12.87	24.57	33.79	24.57	12.87	33.79	33.79	33.79	24.57	12.87	18.02	24.57
544	3.25	8.53	6.20	3.25	6.20	8.53	6.20	3.25	8.53	8.53	8.53	6.20	3.25	4.55	6.20
739	362.41	951.32	691.87	362.41	691.87	951.32	691.87	362.41	951.32	951.32	951.32	691.87	362.41	507.37	691.87
6	12.83	33.68	24.49	12.83	24.49	33.68	24.49	12.83	33.68	33.68	33.68	24.49	12.83	17.96	24.49
543	3.24	8.51	6.19	3.24	6.19	8.51	6.19	3.24	8.51	8.51	8.51	6.19	3.24	4.54	6.19
738	483.81	1269.99	923.63	483.81	923.63	1269.99	923.63	483.81	1269.99	1269.99	1269.99	923.63	483.81	677.33	923.63
340	462.08	1212.96	882.15	462.08	882.15	1212.96	882.15	462.08	1212.96	1212.96	1212.96	882.15	462.08	646.91	882.15
5	12.84	33.69	24.50	12.84	24.50	33.69	24.50	12.84	33.69	33.69	33.69	24.50	12.84	17.97	24.50
546	3.79	9.94	7.23	3.79	7.23	9.94	7.23	3.79	9.94	9.94	9.94	7.23	3.79	5.30	7.23
4	13.26	34.80	25.31	13.26	25.31	34.80	25.31	13.26	34.80	34.80	34.80	25.31	13.26	18.56	25.31
545	3.53	9.26	6.74	3.53	6.74	9.26	6.74	3.53	9.26	9.26	9.26	6.74	3.53	4.94	6.74
548	3.69	9.69	7.05	3.69	7.05	9.69	7.05	3.69	9.69	9.69	9.69	7.05	3.69	5.17	7.05
547	3.65	9.58	6.97	3.65	6.97	9.58	6.97	3.65	9.58	9.58	9.58	6.97	3.65	5.11	6.97
9	12.46	32.70	23.78	12.46	23.78	32.70	23.78	12.46	32.70	32.70	32.70	23.78	12.46	17.44	23.78
8	13.14	34.48	25.08	13.14	25.08	34.48	25.08	13.14	34.48	34.48	34.48	25.08	13.14	18.39	25.08
549	3.51	9.23	6.71	3.51	6.71	9.23	6.71	3.51	9.23	9.23	9.23	6.71	3.51	4.92	6.71
731	291.49	765.15	556.47	291.49	556.47	765.15	556.47	291.49	765.15	765.15	765.15	556.47	291.49	408.08	556.47
730	377.39	990.66	720.48	377.39	720.48	990.66	720.48	377.39	990.66	990.66	990.66	720.48	377.39	528.35	720.48
733	257.82	676.78	492.20	257.82	492.20	676.78	492.20	257.82	676.78	676.78	676.78	492.20	257.82	360.95	492.20
732	254.22	667.33	485.33	254.22	485.33	667.33	485.33	254.22	667.33	667.33	667.33	485.33	254.22	355.91	485.33
920	484.17	1270.95	924.33	484.17	924.33	1270.95	924.33	484.17	1270.95	1270.95	1270.95	924.33	484.17	677.84	924.33
318	265.26	696.32	506.41	265.26	506.41	696.32	506.41	265.26	696.32	696.32	696.32	506.41	265.26	371.37	506.41
319	475.35	1247.79	907.49	475.35	907.49	1247.79	907.49	475.35	1247.79	1247.79	1247.79	907.49	475.35	665.49	907.49
316	367.84	965.59	702.25	367.84	702.25	965.59	702.25	367.84	965.59	965.59	965.59	702.25	367.84	514.98	702.25
317	445.19	1168.61	849.90	445.19	849.90	1168.61	849.90	445.19	1168.61	1168.61	1168.61	849.90	445.19	623.26	849.90
927	357.82	939.28	683.11	357.82	683.11	939.28	683.11	357.82	939.28	939.28	939.28	683.11	357.82	500.95	683.11
314	280.87	737.29	536.21	280.87	536.21	737.29	536.21	280.87	737.29	737.29	737.29	536.21	280.87	393.22	536.21
928	165.05	433.26	315.10	165.05	315.10	433.26	315.10	165.05	433.26	433.26	433.26	315.10	165.05	231.07	315.10
315	209.06	548.78	399.11	209.06	399.11	548.78	399.11	209.06	548.78	548.78	548.78	399.11	209.06	292.68	399.11
925	403.08	1058.08	769.51	403.08	769.51	1058.08	769.51	403.08	1058.08	1058.08	1058.08	769.51	403.08	564.31	769.51
312	286.78	752.79	547.49	286.78	547.49	752.79	547.49	286.78	752.79	752.79	752.79	547.49	286.78	401.49	547.49
926	334.07	876.94	637.77	334.07	637.77	876.94	637.77	334.07	876.94	876.94	876.94	637.77	334.07	467.70	637.77
313	220.57	579.00	421.09	220.57	421.09	579.00	421.09	220.57	579.00	579.00	579.00	421.09	220.57	308.80	421.09
923	295.52	775.74	564.18	295.52	564.18	775.74	564.18	295.52	775.74	775.74	775.74	564.18	295.52	413.73	564.18
310	301.22	790.71	575.06	301.22	575.06	790.71	575.06	301.22	790.71	790.71	790.71	575.06	301.22	421.71	575.06
924	323.72	849.77	618.01	323.72	618.01	849.77	618.01	323.72	849.77	849.77	849.77	618.01	323.72	453.21	618.01
311	230.43	604.88	439.91	230.43	439.91	604.88	439.91	230.43	604.88	604.88	604.88	439.91	230.43	322.60	439.91
921	221.75	582.09	423.34	221.75	423.34	582.09	423.34	221.75	582.09	582.09	582.09	423.34	221.75	310.45	423.34
922	235.16	617.29	448.94	235.16	448.94	617.29	448.94	235.16	617.29	617.29	617.29	448.94	235.16	329.22	448.94
513	3.89	10.22	7.43	3.89	7.43	10.22	7.43	3.89	10.22	10.22	10.22	7.43	3.89	5.45	7.43
512	3.36	8.81	6.41	3.36	6.41	8.81	6.41	3.36	8.81	8.81	8.81	6.41	3.36	4.70	6.41
729	3.26	8.55	6.22	3.26	6.22	8.55	6.22	3.26	8.55	8.55	8.55	6.22	3.26	4.56	6.22
511	3.35	8.79	6.40	3.35	6.40	8.79	6.40	3.35	8.79	8.79	8.79	6.40	3.35	4.69	6.40
728	3.49	9.15	6.65	3.49	6.65	9.15	6.65	3.49	9.15	9.15	9.15	6.65	3.49	4.88	6.65
510	3.36	8.83	6.42	3.36	6.42	8.83	6.42	3.36	8.83	8.83	8.83	6.42	3.36	4.71	6.42
727	3.25	8.53	6.20	3.25	6.20	8.53	6.20	3.25	8.53	8.53	8.53	6.20	3.25	4.55	6.20
726	3.46	9.09	6.61	3.46	6.61	9.09	6.61	3.46	9.09	9.09	9.09	6.61	3.46	4.85	6.61
725	3.54	9.30	6.76	3.54	6.76	9.30	6.76	3.54	9.30	9.30	9.30	6.76	3.54	4.96	6.76
919	187.42	491.98	357.80	187.42	357.80	491.98	357.80	187.42	491.98	491.98	491.98	357.80	187.42	262.39	357.80
724	3.68	9.66	7.02	3.68	7.02	9.66	7.02	3.68	9.66	9.66	9.66	7.02	3.68	5.15	7.02
918	214.25	562.41	409.02	214.25	409.02	562.41	409.02	214.25	562.41	562.41	562.41	409.02	214.25	299.95	409.02
723	3.80	9.98	7.25	3.80	7.25	9.98	7.25	3.80	9.98	9.98	9.98	7.25	3.80	5.32	7.25
722	3.83	10.05	7.31	3.83	7.31	10.05	7.31	3.83	10.05	10.05	10.05	7.31	3.83	5.36	7.31
721	3.64	9.56	6.95	3.64	6.95	9.56	6.95	3.64	9.56	9.56	9.56	6.95	3.64	5.10	6.95
519	3.84	10.07	7.32	3.84	7.32	10.07	7.32	3.84	10.07	10.07	10.07	7.32	3.84	5.37	7.32
720	3.58	9.39	6.83	3.58	6.83	9.39	6.83	3.58	9.39	9.39	9.39	6.83	3.58	5.01	6.83
518	3.75	9.84	7.16	3.75	7.16	9.84	7.16	3.75	9.84	9.84	9.84	7.16	3.75	5.25	7.16
517	3.41	8.96	6.52	3.41	6.52	8.96	6.52	3.41	8.96	8.96	8.96	6.52	3.41	4.78	6.52
516	3.78	9.92	7.21	3.78	7.21	9.92	7.21	3.78	9.92	9.92	9.92	7.21	3.78	5.29	7.21
515	3.64	9.54	6.94	3.64	6.94	9.54	6.94	3.64	9.54	9.54	9.54	6.94	3.64	5.09	6.94
514	3.73	9.79	7.12	3.73	7.12	9.79	7.12	3.73	9.79	9.79	9.79	7.12	3.73	5.22	7.12
327	345.55	907.07	659.69	345.55	659.69	907.07	659.69	345.55	907.07	907.07	907.07	659.69	345.55	483.77	659.69
328	238.50	626.06	455.32	238.50	455.32	626.06	455.32	238.50	626.06	626.06	626.06	455.32	238.50	333.90	455.32
329	388.78	1020.54	742.21	388.78	742.21	1020.54	742.21	388.78	1020.54	1020.54	1020.54	742.21	388.78	544.29	742.21
914	281.74	739.56	537.86	281.74	537.86	739.56	537.86	281.74	739.56	739.56	739.56	537.86	281.74	394.43	537.86
323	194.11	509.53	370.57	194.11	370.57	509.53	370.57	194.11	509.53	509.53	509.53	370.57	194.11	271.75	370.57
915	351.98	923.94	671.96	351.98	671.96	923.94	671.96	351.98	923.94	923.94	923.94	671.96	351.98	492.77	671.96
324	206.41	541.82	394.05	206.41	394.05	541.82	394.05	206.41	541.82	541.82	541.82	394.05	206.41	288.97	394.05
916	474.05	1244.38	905.00	474.05	905.00	1244.38	905.00	474.05	1244.38	1244.38	1244.38	905.00	474.05	663.67	905.00
325	439.04	1152.47	838.16	439.04	838.16	1152.47	838.16	439.04	1152.47	1152.47	1152.47	838.16	439.04	614.65	838.16
917	212.89	558.83	406.42	212.89	406.42	558.83	406.42	212.89	558.83	558.83	558.83	406.42	212.89	298.04	406.42
326	300.16	787.93	573.04	300.16	573.04	787.93	573.04	300.16	787.93	787.93	787.93	573.04	300.16	420.23	573.04
910	320.36	840.96	611.60	320.36	611.60	840.96	611.60	320.36	840.96	840.96	840.96	611.60	320.36	448.51	611.60
709	3.39	8.91	6.48	3.39	6.48	8.91	6.48	3.39	8.91	8.91	8.91	6.48	3.39	4.75	6.48
911	256.89	674.34	490.43	256.89	490.43	674.34	490.43	256.89	674.34	674.34	674.34	490.43	256.89	359.65	490.43
320	482.67	1267.01	921.46	482.67	921.46	1267.01	921.46	482.67	1267.01	1267.01	1267.01	921.46	482.67	675.74	921.46
912	375.84	986.59	717.52	375.84	717.52	986.59	717.52	375.84	986.59	986.59	986.59	717.52	375.84	526.18	717.52
321	286.55	752.19	547.05	286.55	547.05	752.19	547.05	286.55	752.19	752.19	752.19	547.05	286.55	401.17	547.05
913	430.40	1129.80	821.67	430.40	821.67	1129.80	821.67	430.40	1129.80	1129.80	1129.80	821.67	430.40	602.56	821.67
322	356.83	936.68	681.22	356.83	681.22	936.68	681.22	356.83	936.68	936.68	936.68	681.22	356.83	499.56	681.22
522	3.73	9.79	7.12	3.73	7.12	9.79	7.12	3.73	9.79	9.79	9.79	7.12	3.73	5.22	7.12
717	3.35	8.79	6.40	3.35	6.40	8.79	6.40	3.35	8.79	8.79	8.79	6.40	3.35	4.69	6.40
521	4.11	10.78	7.84	4.11	7.84	10.78	7.84	4.11	10.78	10.78	10.78	7.84	4.11	5.75	7.84
716	3.55	9.32	6.78	3.55	6.78	9.32	6.78	3.55	9.32	9.32	9.32	6.78	3.55	4.97	6.78
524	3.50	9.19	6.68	3.50	6.68	9.19	6.68	3.50	9.19	9.19	9.19	6.68	3.50	4.90	6.68
719	3.76	9.88	7.19	3.76	7.19	9.88	7.19	3.76	9.88	9.88	9.88	7.19	3.76	5.27	7.19
523	3.22	8.46	6.15	3.22	6.15	8.46	6.15	3.22	8.46	8.46	8.46	6.15	3.22	4.51	6.15
718	3.89	10.22	7.43	3.89	7.43	10.22	7.43	3.89	10.22	10.22	10.22	7.43	3.89	5.45	7.43
908	166.95	438.24	318.72	166.95	318.72	438.24	318.72	166.95	438.24	438.24	438.24	318.72	166.95	233.73	318.72
713	3.04	7.97	5.80	3.04	5.80	7.97	5.80	3.04	7.97	7.97	7.97	5.80	3.04	4.25	5.80
907	458.50	1203.56	875.32	458.50	875.32	1203.56	875.32	458.50	1203.56	1203.56	1203.56	875.32	458.50	641.90	875.32
712	3.76	9.86	7.17	3.76	7.17	9.86	7.17	3.76	9.86	9.86	9.86	7.17	3.76	5.26	7.17
520	3.37	8.85	6.44	3.37	6.44	8.85	6.44	3.37	8.85	8.85	8.85	6.44	3.37	4.72	6.44
715	3.47	9.11	6.63	3.47	6.63	9.11	6.63	3.47	9.11	9.11	9.11	6.63	3.47	4.86	6.63
909	301.45	791.31	575.50	301.45	575.50	791.31	575.50	301.45	791.31	791.31	791.31	575.50	301.45	422.03	575.50
714	3.34	8.78	6.38	3.34	6.38	8.78	6.38	3.34	8.78	8.78	8.78	6.38	3.34	4.68	6.38
529	3.67	9.64	7.01	3.67	7.01	9.64	7.01	3.67	9.64	9.64	9.64	7.01	3.67	5.14	7.01
711	3.83	10.05	7.31	3.83	7.31	10.05	7.31	3.83	10.05	10.05	10.05	7.31	3.83	5.36	7.31
710	3.57	9.38	6.82	3.57	6.82	9.38	6.82	3.57	9.38	9.38	9.38	6.82	3.57	5.00	6.82
526	3.64	9.56	6.95	3.64	6.95	9.56	6.95	3.64	9.56	9.56	9.56	6.95	3.64	5.10	6.95
525	3.86	10.13	7.36	3.86	7.36	10.13	7.36	3.86	10.13	10.13	10.13	7.36	3.86	5.40	7.36
528	3.27	8.59	6.25	3.27	6.25	8.59	6.25	3.27	8.59	8.59	8.59	6.25	3.27	4.58	6.25
527	3.78	9.92	7.21	3.78	7.21	9.92	7.21	3.78	9.92	9.92	9.92	7.21	3.78	5.29	7.21
989	3.89	10.20	7.42	3.89	7.42	10.20	7.42	3.89	10.20	10.20	10.20	7.42	3.89	5.44	7.42
988	3.72	9.77	7.10	3.72	7.10	9.77	7.10	3.72	9.77	9.77	9.77	7.10	3.72	5.21	7.10
987	3.94	10.33	7.51	3.94	7.51	10.33	7.51	3.94	10.33	10.33	10.33	7.51	3.94	5.51	7.51
571	4.05	10.63	7.73	4.05	7.73	10.63	7.73	4.05	10.63	10.63	10.63	7.73	4.05	5.67	7.73
570	3.77	9.90	7.20	3.77	7.20	9.90	7.20	3.77	9.90	9.90	9.90	7.20	3.77	5.28	7.20
982	3.96	10.41	7.57	3.96	7.57	10.41	7.57	3.96	10.41	10.41	10.41	7.57	3.96	5.55	7.57
981	3.96	10.41	7.57	3.96	7.57	10.41	7.57	3.96	10.41	10.41	10.41	7.57	3.96	5.55	7.57
980	429.91	1128.51	820.73	429.91	820.73	1128.51	820.73	429.91	1128.51	1128.51	1128.51	820.73	429.91	601.87	820.73
986	3.81	10.01	7.28	3.81	7.28	10.01	7.28	3.81	10.01	10.01	10.01	7.28	3.81	5.34	7.28
985	4.09	10.73	7.80	4.09	7.80	10.73	7.80	4.09	10.73	10.73	10.73	7.80	4.09	5.72	7.80
984	3.72	9.77	7.10	3.72	7.10	9.77	7.10	3.72	9.77	9.77	9.77	7.10	3.72	5.21	7.10
983	3.96	10.41	7.57	3.96	7.57	10.41	7.57	3.96	10.41	10.41	10.41	7.57	3.96	5.55	7.57
700	3.46	9.09	6.61	3.46	6.61	9.09	6.61	3.46	9.09	9.09	9.09	6.61	3.46	4.85	6.61
574	3.53	9.26	6.74	3.53	6.74	9.26	6.74	3.53	9.26	9.26	9.26	6.74	3.53	4.94	6.74
703	3.81	9.99	7.27	3.81	7.27	9.99	7.27	3.81	9.99	9.99	9.99	7.27	3.81	5.33	7.27
575	3.66	9.60	6.98	3.66	6.98	9.60	6.98	3.66	9.60	9.60	9.60	6.98	3.66	5.12	6.98
704	3.64	9.54	6.94	3.64	6.94	9.54	6.94	3.64	9.54	9.54	9.54	6.94	3.64	5.09	6.94
572	3.48	9.13	6.64	3.48	6.64	9.13	6.64	3.48	9.13	9.13	9.13	6.64	3.48	4.87	6.64
701	4.15	10.89	7.92	4.15	7.92	10.89	7.92	4.15	10.89	10.89	10.89	7.92	4.15	5.81	7.92
573	3.57	9.38	6.82	3.57	6.82	9.38	6.82	3.57	9.38	9.38	9.38	6.82	3.57	5.00	6.82
702	4.12	10.82	7.87	4.12	7.87	10.82	7.87	4.12	10.82	10.82	10.82	7.87	4.12	5.77	7.87
578	3.90	10.24	7.45	3.90	7.45	10.24	7.45	3.90	10.24	10.24	10.24	7.45	3.90	5.46	7.45
707	3.94	10.35	7.53	3.94	7.53	10.35	7.53	3.94	10.35	10.35	10.35	7.53	3.94	5.52	7.53
579	3.39	8.89	6.46	3.39	6.46	8.89	6.46	3.39	8.89	8.89	8.89	6.46	3.39	4.74	6.46
708	3.59	9.41	6.85	3.59	6.85	9.41	6.85	3.59	9.41	9.41	9.41	6.85	3.59	5.02	6.85
576	3.70	9.71	7.06	3.70	7.06	9.71	7.06	3.70	9.71	9.71	9.71	7.06	3.70	5.18	7.06
705	3.72	9.77	7.10	3.72	7.10	9.77	7.10	3.72	9.77	9.77	9.77	7.10	3.72	5.21	7.10
577	3.80	9.98	7.25	3.80	7.25	9.98	7.25	3.80	9.98	9.98	9.98	7.25	3.80	5.32	7.25
706	3.71	9.75	7.09	3.71	7.09	9.75	7.09	3.71	9.75	9.75	9.75	7.09	3.71	5.20	7.09
977	215.60	565.95	411.60	215.60	411.60	565.95	411.60	215.60	565.95	565.95	565.95	411.60	215.60	301.84	411.60
976	245.87	645.41	469.39	245.87	469.39	645.41	469.39	245.87	645.41	645.41	645.41	469.39	245.87	344.22	469.39
979	180.94	474.98	345.44	180.94	345.44	474.98	345.44	180.94	474.98	474.98	474.98	345.44	180.94	253.32	345.44
300	339.24	890.49	647.63	339.24	647.63	890.49	647.63	339.24	890.49	890.49	890.49	647.63	339.24	474.93	647.63
978	475.51	1248.23	907.80	475.51	907.80	1248.23	907.80	475.51	1248.23	1248.23	1248.23	907.80	475.51	665.72	907.80
302	366.79	962.83	700.24	366.79	700.24	962.83	700.24	366.79	962.83	962.83	962.83	700.24	366.79	513.51	700.24
580	3.47	9.11	6.63	3.47	6.63	9.11	6.63	3.47	9.11	9.11	9.11	6.63	3.47	4.86	6.63
301	386.90	1015.61	738.63	386.90	738.63	1015.61	738.63	386.90	1015.61	1015.61	1015.61	738.63	386.90	541.66	738.63
304	263.30	691.16	502.66	263.30	502.66	691.16	502.66	263.30	691.16	691.16	691.16	502.66	263.30	368.62	502.66
582	3.50	9.19	6.68	3.50	6.68	9.19	6.68	3.50	9.19	9.19	9.19	6.68	3.50	4.90	6.68
303	195.05	512.01	372.37	195.05	372.37	512.01	372.37	195.05	512.01	512.01	512.01	372.37	195.05	273.07	372.37
581	3.67	9.64	7.01	3.67	7.01	9.64	7.01	3.67	9.64	9.64	9.64	7.01	3.67	5.14	7.01
306	236.37	620.48	451.25	236.37	451.25	620.48	451.25	236.37	620.48	620.48	620.48	451.25	236.37	330.92	451.25
305	468.34	1229.38	894.10	468.34	894.10	1229.38	894.10	468.34	1229.38	1229.38	1229.38	894.10	468.34	655.67	894.10
971	330.11	866.55	630.22	330.11	630.22	866.55	630.22	330.11	866.55	866.55	866.55	630.22	330.11	462.16	630.22
308	236.98	622.07	452.41	236.98	452.41	622.07	452.41	236.98	622.07	622.07	622.07	452.41	236.98	331.77	452.41
970	453.09	1189.35	864.98	453.09	864.98	1189.35	864.98	453.09	1189.35	1189.35	1189.35	864.98	453.09	634.32	864.98
307	386.36	1014.19	737.59	386.36	737.59	1014.19	737.59	386.36	1014.19	1014.19	1014.19	737.59	386.36	540.90	737.59
973	206.64	542.44	394.50	206.64	394.50	542.44	394.50	206.64	542.44	542.44	542.44	394.50	206.64	289.30	394.50
972	165.53	434.51	316.01	165.53	316.01	434.51	316.01	165.53	434.51	434.51	434.51	316.01	165.53	231.74	316.01
309	214.59	563.31	409.68	214.59	409.68	563.31	409.68	214.59	563.31	563.31	563.31	409.68	214.59	300.43	409.68
975	475.59	1248.43	907.95	475.59	907.95	1248.43	907.95	475.59	1248.43	1248.43	1248.43	907.95	475.59	665.83	907.95
974	211.15	554.27	403.10	211.15	403.10	554.27	403.10	211.15	554.27	554.27	554.27	403.10	211.15	295.61	403.10
583	3.20	8.40	6.11	3.20	6.11	8.40	6.11	3.20	8.40	8.40	8.40	6.11	3.20	4.48	6.11
584	3.89	10.22	7.43	3.89	7.43	10.22	7.43	3.89	10.22	10.22	10.22	7.43	3.89	5.45	7.43
585	3.32	8.72	6.34	3.32	6.34	8.72	6.34	3.32	8.72	8.72	8.72	6.34	3.32	4.65	6.34
586	3.39	8.89	6.46	3.39	6.46	8.89	6.46	3.39	8.89	8.89	8.89	6.46	3.39	4.74	6.46
587	3.64	9.56	6.95	3.64	6.95	9.56	6.95	3.64	9.56	9.56	9.56	6.95	3.64	5.10	6.95
588	4.21	11.04	8.03	4.21	8.03	11.04	8.03	4.21	11.04	11.04	11.04	8.03	4.21	5.89	8.03
589	3.76	9.88	7.19	3.76	7.19	9.88	7.19	3.76	9.88	9.88	9.88	7.19	3.76	5.27	7.19
969	399.93	1049.81	763.50	399.93	763.50	1049.81	763.50	399.93	1049.81	1049.81	1049.81	763.50	399.93	559.90	763.50
968	218.00	572.25	416.18	218.00	416.18	572.25	416.18	218.00	572.25	572.25	572.25	416.18	218.00	305.20	416.18
967	341.91	897.51	652.73	341.91	652.73	897.51	652.73	341.91	897.51	897.51	897.51	652.73	341.91	478.67	652.73
966	320.06	840.15	611.02	320.06	611.02	840.15	611.02	320.06	840.15	840.15	840.15	611.02	320.06	448.08	611.02
965	326.36	856.71	623.06	326.36	623.06	856.71	623.06	326.36	856.71	856.71	856.71	623.06	326.36	456.91	623.06
964	318.24	835.37	607.54	318.24	607.54	835.37	607.54	318.24	835.37	835.37	835.37	607.54	318.24	445.53	607.54
963	436.74	1146.43	833.77	436.74	833.77	1146.43	833.77	436.74	1146.43	1146.43	1146.43	833.77	436.74	611.43	833.77
962	408.79	1073.08	780.42	408.79	780.42	1073.08	780.42	408.79	1073.08	1073.08	1073.08	780.42	408.79	572.31	780.42
961	471.57	1237.88	900.27	471.57	900.27	1237.88	900.27	471.57	1237.88	1237.88	1237.88	900.27	471.57	660.20	900.27
960	280.90	737.36	536.26	280.90	536.26	737.36	536.26	280.90	737.36	737.36	737.36	536.26	280.90	393.26	536.26
558	3.80	9.98	7.25	3.80	7.25	9.98	7.25	3.80	9.98	9.98	9.98	7.25	3.80	5.32	7.25
559	3.72	9.77	7.10	3.72	7.10	9.77	7.10	3.72	9.77	9.77	9.77	7.10	3.72	5.21	7.10
556	3.78	9.92	7.21	3.78	7.21	9.92	7.21	3.78	9.92	9.92	9.92	7.21	3.78	5.29	7.21
557	3.56	9.36	6.80	3.56	6.80	9.36	6.80	3.56	9.36	9.36	9.36	6.80	3.56	4.99	6.80
554	3.80	9.98	7.25	3.80	7.25	9.98	7.25	3.80	9.98	9.98	9.98	7.25	3.80	5.32	7.25
555	3.74	9.81	7.13	3.74	7.13	9.81	7.13	3.74	9.81	9.81	9.81	7.13	3.74	5.23	7.13
552	3.69	9.68	7.04	3.69	7.04	9.68	7.04	3.69	9.68	9.68	9.68	7.04	3.69	5.16	7.04
553	3.55	9.32	6.78	3.55	6.78	9.32	6.78	3.55	9.32	9.32	9.32	6.78	3.55	4.97	6.78
550	3.85	10.11	7.35	3.85	7.35	10.11	7.35	3.85	10.11	10.11	10.11	7.35	3.85	5.39	7.35
551	3.84	10.09	7.34	3.84	7.34	10.09	7.34	3.84	10.09	10.09	10.09	7.34	3.84	5.38	7.34
959	339.94	892.35	648.98	339.94	648.98	892.35	648.98	339.94	892.35	892.35	892.35	648.98	339.94	475.92	648.98
958	426.40	1119.30	814.04	426.40	814.04	1119.30	814.04	426.40	1119.30	1119.30	1119.30	814.04	426.40	596.96	814.04
560	3.44	9.04	6.57	3.44	6.57	9.04	6.57	3.44	9.04	9.04	9.04	6.57	3.44	4.82	6.57
955	415.96	1091.89	794.10	415.96	794.10	1091.89	794.10	415.96	1091.89	1091.89	1091.89	794.10	415.96	582.34	794.10
954	322.59	846.79	615.85	322.59	615.85	846.79	615.85	322.59	846.79	846.79	846.79	615.85	322.59	451.62	615.85
957	423.61	1111.99	808.72	423.61	808.72	1111.99	808.72	423.61	1111.99	1111.99	1111.99	808.72	423.61	593.06	808.72
956	302.21	793.29	576.94	302.21	576.94	793.29	576.94	302.21	793.29	793.29	793.29	576.94	302.21	423.09	576.94
951	214.84	563.94	410.14	214.84	410.14	563.94	410.14	214.84	563.94	563.94	563.94	410.14	214.84	300.77	410.14
950	236.54	620.91	451.57	236.54	451.57	620.91	451.57	236.54	620.91	620.91	620.91	451.57	236.54	331.15	451.57
953	354.57	930.75	676.91	354.57	676.91	930.75	676.91	354.57	930.75	930.75	930.75	676.91	354.57	496.40	676.91
952	264.88	695.31	505.68	264.88	505.68	695.31	505.68	264.88	695.31	695.31	695.31	505.68	264.88	370.83	505.68
569	3.15	8.27	6.01	3.15	6.01	8.27	6.01	3.15	8.27	8.27	8.27	6.01	3.15	4.41	6.01
565	3.41	8.94	6.50	3.41	6.50	8.94	6.50	3.41	8.94	8.94	8.94	6.50	3.41	4.77	6.50
566	3.52	9.24	6.72	3.52	6.72	9.24	6.72	3.52	9.24	9.24	9.24	6.72	3.52	4.93	6.72
567	4.05	10.63	7.73	4.05	7.73	10.63	7.73	4.05	10.63	10.63	10.63	7.73	4.05	5.67	7.73
568	3.75	9.84	7.16	3.75	7.16	9.84	7.16	3.75	9.84	9.84	9.84	7.16	3.75	5.25	7.16
561	3.84	10.07	7.32	3.84	7.32	10.07	7.32	3.84	10.07	10.07	10.07	7.32	3.84	5.37	7.32
562	3.31	8.68	6.31	3.31	6.31	8.68	6.31	3.31	8.68	8.68	8.68	6.31	3.31	4.63	6.31
563	3.81	9.99	7.27	3.81	7.27	9.99	7.27	3.81	9.99	9.99	9.99	7.27	3.81	5.33	7.27
564	3.55	9.32	6.78	3.55	6.78	9.32	6.78	3.55	9.32	9.32	9.32	6.78	3.55	4.97	6.78
799	439.26	1153.05	838.58	439.26	838.58	1153.05	838.58	439.26	1153.05	1153.05	1153.05	838.58	439.26	614.96	838.58
798	167.64	440.06	320.05	167.64	320.05	440.06	320.05	167.64	440.06	440.06	440.06	320.05	167.64	234.70	320.05
797	463.21	1215.94	884.32	463.21	884.32	1215.94	884.32	463.21	1215.94	1215.94	1215.94	884.32	463.21	648.50	884.32
796	329.54	865.05	629.13	329.54	629.13	865.05	629.13	329.54	865.05	865.05	865.05	629.13	329.54	461.36	629.13
795	390.05	1023.88	744.64	390.05	744.64	1023.88	744.64	390.05	1023.88	1023.88	1023.88	744.64	390.05	546.07	744.64
794	282.28	740.98	538.90	282.28	538.90	740.98	538.90	282.28	740.98	740.98	740.98	538.90	282.28	395.19	538.90
793	367.04	963.49	700.72	367.04	700.72	963.49	700.72	367.04	963.49	963.49	963.49	700.72	367.04	513.86	700.72
792	351.82	923.53	671.66	351.82	671.66	923.53	671.66	351.82	923.53	923.53	923.53	671.66	351.82	492.55	671.66
996	3.63	9.53	6.93	3.63	6.93	9.53	6.93	3.63	9.53	9.53	9.53	6.93	3.63	5.08	6.93
790	370.15	971.64	706.65	370.15	706.65	971.64	706.65	370.15	971.64	971.64	971.64	706.65	370.15	518.21	706.65
997	4.01	10.52	7.65	4.01	7.65	10.52	7.65	4.01	10.52	10.52	10.52	7.65	4.01	5.61	7.65
791	464.26	1218.69	886.32	464.26	886.32	1218.69	886.32	464.26	1218.69	1218.69	1218.69	886.32	464.26	649.97	886.32
994	3.83	10.05	7.31	3.83	7.31	10.05	7.31	3.83	10.05	10.05	10.05	7.31	3.83	5.36	7.31
995	3.81	10.01	7.28	3.81	7.28	10.01	7.28	3.81	10.01	10.01	10.01	7.28	3.81	5.34	7.28
992	4.12	10.82	7.87	4.12	7.87	10.82	7.87	4.12	10.82	10.82	10.82	7.87	4.12	5.77	7.87
993	3.93	10.31	7.50	3.93	7.50	10.31	7.50	3.93	10.31	10.31	10.31	7.50	3.93	5.50	7.50
990	3.67	9.64	7.01	3.67	7.01	9.64	7.01	3.67	9.64	9.64	9.64	7.01	3.67	5.14	7.01
991	3.85	10.11	7.35	3.85	7.35	10.11	7.35	3.85	10.11	10.11	10.11	7.35	3.85	5.39	7.35
998	3.92	10.29	7.49	3.92	7.49	10.29	7.49	3.92	10.29	10.29	10.29	7.49	3.92	5.49	7.49
999	3.77	9.90	7.20	3.77	7.20	9.90	7.20	3.77	9.90	9.90	9.90	7.20	3.77	5.28	7.20
781	320.50	841.31	611.86	320.50	611.86	841.31	611.86	320.50	841.31	841.31	841.31	611.86	320.50	448.70	611.86
782	397.01	1042.14	757.92	397.01	757.92	1042.14	757.92	397.01	1042.14	1042.14	1042.14	757.92	397.01	555.81	757.92
783	438.29	1150.52	836.74	438.29	836.74	1150.52	836.74	438.29	1150.52	1150.52	1150.52	836.74	438.29	613.61	836.74
784	276.55	725.94	527.96	276.55	527.96	725.94	527.96	276.55	725.94	725.94	725.94	527.96	276.55	387.17	527.96
785	359.94	944.85	687.16	359.94	687.16	944.85	687.16	359.94	944.85	944.85	944.85	687.16	359.94	503.92	687.16
786	186.90	490.61	356.81	186.90	356.81	490.61	356.81	186.90	490.61	490.61	490.61	356.81	186.90	261.66	356.81
787	413.35	1085.04	789.12	413.35	789.12	1085.04	789.12	413.35	1085.04	1085.04	1085.04	789.12	413.35	578.69	789.12
788	230.19	604.26	439.46	230.19	439.46	604.26	439.46	230.19	604.26	604.26	604.26	439.46	230.19	322.27	439.46
789	227.56	597.36	434.44	227.56	434.44	597.36	434.44	227.56	597.36	597.36	597.36	434.44	227.56	318.59	434.44
780	419.91	1102.28	801.65	419.91	801.65	1102.28	801.65	419.91	1102.28	1102.28	1102.28	801.65	419.91	587.88	801.65
772	343.75	902.34	656.25	343.75	656.25	902.34	656.25	343.75	902.34	902.34	902.34	656.25	343.75	481.25	656.25
505	4.03	10.58	7.69	4.03	7.69	10.58	7.69	4.03	10.58	10.58	10.58	7.69	4.03	5.64	7.69
773	178.21	467.81	340.23	178.21	340.23	467.81	340.23	178.21	467.81	467.81	467.81	340.23	178.21	249.50	340.23
506	3.31	8.70	6.33	3.31	6.33	8.70	6.33	3.31	8.70	8.70	8.70	6.33	3.31	4.64	6.33
770	420.89	1104.83	803.51	420.89	803.51	1104.83	803.51	420.89	1104.83	1104.83	1104.83	803.51	420.89	589.24	803.51
503	3.38	8.87	6.45	3.38	6.45	8.87	6.45	3.38	8.87	8.87	8.87	6.45	3.38	4.73	6.45
771	402.00	1055.25	767.45	402.00	767.45	1055.25	767.45	402.00	1055.25	1055.25	1055.25	767.45	402.00	562.80	767.45
504	3.66	9.60	6.98	3.66	6.98	9.60	6.98	3.66	9.60	9.60	9.60	6.98	3.66	5.12	6.98
776	187.42	491.98	357.80	187.42	357.80	491.98	357.80	187.42	491.98	491.98	491.98	357.80	187.42	262.39	357.80
509	3.69	9.68	7.04	3.69	7.04	9.68	7.04	3.69	9.68	9.68	9.68	7.04	3.69	5.16	7.04
777	359.92	944.79	687.12	359.92	687.12	944.79	687.12	359.92	944.79	944.79	944.79	687.12	359.92	503.89	687.12
774	183.76	482.38	350.82	183.76	350.82	482.38	350.82	183.76	482.38	482.38	482.38	350.82	183.76	257.27	350.82
507	3.74	9.81	7.13	3.74	7.13	9.81	7.13	3.74	9.81	9.81	9.81	7.13	3.74	5.23	7.13
775	404.46	1061.70	772.15	404.46	772.15	1061.70	772.15	404.46	1061.70	1061.70	1061.70	772.15	404.46	566.24	772.15
508	3.42	8.98	6.53	3.42	6.53	8.98	6.53	3.42	8.98	8.98	8.98	6.53	3.42	4.79	6.53
778	485.86	1275.38	927.55	485.86	927.55	1275.38	927.55	485.86	1275.38	1275.38	1275.38	927.55	485.86	680.20	927.55
779	320.39	841.03	611.66	320.39	611.66	841.03	611.66	320.39	841.03	841.03	841.03	611.66	320.39	448.55	611.66
501	3.82	10.03	7.30	3.82	7.30	10.03	7.30	3.82	10.03	10.03	10.03	7.30	3.82	5.35	7.30
502	3.91	10.28	7.47	3.91	7.47	10.28	7.47	3.91	10.28	10.28	10.28	7.47	3.91	5.48	7.47
500	3.06	8.03	5.84	3.06	5.84	8.03	5.84	3.06	8.03	8.03	8.03	5.84	3.06	4.28	5.84
763	203.64	534.54	388.76	203.64	388.76	534.54	388.76	203.64	534.54	534.54	534.54	388.76	203.64	285.09	388.76
764	263.46	691.58	502.96	263.46	502.96	691.58	502.96	263.46	691.58	691.58	691.58	502.96	263.46	368.84	502.96
765	487.26	1279.07	930.23	487.26	930.23	1279.07	930.23	487.26	1279.07	1279.07	1279.07	930.23	487.26	682.17	930.23
766	369.92	971.04	706.21	369.92	706.21	971.04	706.21	369.92	971.04	971.04	971.04	706.21	369.92	517.89	706.21
760	482.92	1267.67	921.94	482.92	921.94	1267.67	921.94	482.92	1267.67	1267.67	1267.67	921.94	482.92	676.09	921.94
761	367.34	964.28	701.29	367.34	701.29	964.28	701.29	367.34	964.28	964.28	964.28	701.29	367.34	514.28	701.29
762	416.09	1092.23	794.35	416.09	794.35	1092.23	794.35	416.09	1092.23	1092.23	1092.23	794.35	416.09	582.52	794.35
767	457.35	1200.54	873.12	457.35	873.12	1200.54	873.12	457.35	1200.54	1200.54	1200.54	873.12	457.35	640.29	873.12
768	329.86	865.89	629.74	329.86	629.74	865.89	629.74	329.86	865.89	865.89	865.89	629.74	329.86	461.81	629.74
769	337.73	886.54	644.75	337.73	644.75	886.54	644.75	337.73	886.54	886.54	886.54	644.75	337.73	472.82	644.75
754	232.44	610.14	443.74	232.44	443.74	610.14	443.74	232.44	610.14	610.14	610.14	443.74	232.44	325.41	443.74
755	492.84	1293.69	940.87	492.84	940.87	1293.69	940.87	492.84	1293.69	1293.69	1293.69	940.87	492.84	689.97	940.87
752	309.71	812.98	591.26	309.71	591.26	812.98	591.26	309.71	812.98	812.98	812.98	591.26	309.71	433.59	591.26
753	381.55	1001.57	728.41	381.55	728.41	1001.57	728.41	381.55	1001.57	1001.57	1001.57	728.41	381.55	534.17	728.41
750	233.19	612.11	445.17	233.19	445.17	612.11	445.17	233.19	612.11	612.11	612.11	445.17	233.19	326.46	445.17
751	316.52	830.87	604.27	316.52	604.27	830.87	604.27	316.52	830.87	830.87	830.87	604.27	316.52	443.13	604.27
758	344.96	905.51	658.55	344.96	658.55	905.51	658.55	344.96	905.51	905.51	905.51	658.55	344.96	482.94	658.55
759	231.93	608.81	442.77	231.93	442.77	608.81	442.77	231.93	608.81	608.81	608.81	442.77	231.93	324.70	442.77
756	270.57	710.25	516.55	270.57	516.55	710.25	516.55	270.57	710.25	710.25	710.25	516.55	270.57	378.80	516.55
757	447.31	1174.18	853.95	447.31	853.95	1174.18	853.95	447.31	1174.18	1174.18	1174.18	853.95	447.31	626.23	853.95
595	3.41	8.94	6.50	3.41	6.50	8.94	6.50	3.41	8.94	8.94	8.94	6.50	3.41	4.77	6.50
594	3.36	8.83	6.42	3.36	6.42	8.83	6.42	3.36	8.83	8.83	8.83	6.42	3.36	4.71	6.42
391	379.69	996.67	724.85	379.69	724.85	996.67	724.85	379.69	996.67	996.67	996.67	724.85	379.69	531.56	724.85
597	3.81	10.01	7.28	3.81	7.28	10.01	7.28	3.81	10.01	10.01	10.01	7.28	3.81	5.34	7.28
390	291.35	764.79	556.21	291.35	556.21	764.79	556.21	291.35	764.79	764.79	764.79	556.21	291.35	407.89	556.21
596	4.03	10.58	7.69	4.03	7.69	10.58	7.69	4.03	10.58	10.58	10.58	7.69	4.03	5.64	7.69
393	470.10	1234.01	897.46	470.10	897.46	1234.01	897.46	470.10	1234.01	1234.01	1234.01	897.46	470.10	658.14	897.46
599	3.47	9.11	6.63	3.47	6.63	9.11	6.63	3.47	9.11	9.11	9.11	6.63	3.47	4.86	6.63
392	329.24	864.24	628.54	329.24	628.54	864.24	628.54	329.24	864.24	864.24	864.24	628.54	329.24	460.93	628.54
598	3.84	10.07	7.32	3.84	7.32	10.07	7.32	3.84	10.07	10.07	10.07	7.32	3.84	5.37	7.32
395	187.22	491.46	357.42	187.22	357.42	491.46	357.42	187.22	491.46	491.46	491.46	357.42	187.22	262.11	357.42
394	326.96	858.28	624.20	326.96	624.20	858.28	624.20	326.96	858.28	858.28	858.28	624.20	326.96	457.75	624.20
396	458.39	1203.28	875.11	458.39	875.11	1203.28	875.11	458.39	1203.28	1203.28	1203.28	875.11	458.39	641.75	875.11
397	265.78	697.67	507.40	265.78	507.40	697.67	507.40	265.78	697.67	697.67	697.67	507.40	265.78	372.09	507.40
398	269.54	707.55	514.58	269.54	514.58	707.55	514.58	269.54	707.55	707.55	707.55	514.58	269.54	377.36	514.58
399	377.26	990.30	720.22	377.26	720.22	990.30	720.22	377.26	990.30	990.30	990.30	720.22	377.26	528.16	720.22
590	3.74	9.81	7.13	3.74	7.13	9.81	7.13	3.74	9.81	9.81	9.81	7.13	3.74	5.23	7.13
591	3.73	9.79	7.12	3.73	7.12	9.79	7.12	3.73	9.79	9.79	9.79	7.12	3.73	5.22	7.12
592	3.29	8.62	6.27	3.29	6.27	8.62	6.27	3.29	8.62	8.62	8.62	6.27	3.29	4.60	6.27
593	3.66	9.60	6.98	3.66	6.98	9.60	6.98	3.66	9.60	9.60	9.60	6.98	3.66	5.12	6.98
383	322.96	847.78	616.57	322.96	616.57	847.78	616.57	322.96	847.78	847.78	847.78	616.57	322.96	452.15	616.57
384	250.88	658.56	478.95	250.88	478.95	658.56	478.95	250.88	658.56	658.56	658.56	478.95	250.88	351.23	478.95
381	249.44	654.77	476.20	249.44	476.20	654.77	476.20	249.44	654.77	654.77	654.77	476.20	249.44	349.21	476.20
382	391.09	1026.60	746.62	391.09	746.62	1026.60	746.62	391.09	1026.60	1026.60	1026.60	746.62	391.09	547.52	746.62
380	180.86	474.77	345.29	180.86	345.29	474.77	345.29	180.86	474.77	474.77	474.77	345.29	180.86	253.21	345.29
389	392.56	1030.46	749.43	392.56	749.43	1030.46	749.43	392.56	1030.46	1030.46	1030.46	749.43	392.56	549.58	749.43
388	363.19	953.36	693.35	363.19	693.35	953.36	693.35	363.19	953.36	953.36	953.36	693.35	363.19	508.46	693.35
387	438.15	1150.14	836.47	438.15	836.47	1150.14	836.47	438.15	1150.14	1150.14	1150.14	836.47	438.15	613.41	836.47
386	295.01	774.39	563.20	295.01	563.20	774.39	563.20	295.01	774.39	774.39	774.39	563.20	295.01	413.01	563.20
385	238.15	625.14	454.65	238.15	454.65	625.14	454.65	238.15	625.14	625.14	625.14	454.65	238.15	333.41	454.65
370	349.16	916.54	666.57	349.16	666.57	916.54	666.57	349.16	916.54	916.54	916.54	666.57	349.16	488.82	666.57
371	242.39	636.26	462.74	242.39	462.74	636.26	462.74	242.39	636.26	636.26	636.26	462.74	242.39	339.34	462.74
372	411.71	1080.73	785.99	411.71	785.99	1080.73	785.99	411.71	1080.73	1080.73	1080.73	785.99	411.71	576.39	785.99
373	193.59	508.16	369.57	193.59	369.57	508.16	369.57	193.59	508.16	508.16	508.16	369.57	193.59	271.02	369.57
379	346.41	909.32	661.32	346.41	661.32	909.32	661.32	346.41	909.32	909.32	909.32	661.32	346.41	484.97	661.32
378	485.46	1274.33	926.78	485.46	926.78	1274.33	926.78	485.46	1274.33	1274.33	1274.33	926.78	485.46	679.64	926.78
375	237.54	623.55	453.49	237.54	453.49	623.55	453.49	237.54	623.55	623.55	623.55	453.49	237.54	332.56	453.49
374	330.74	868.18	631.40	330.74	631.40	868.18	631.40	330.74	868.18	868.18	868.18	631.40	330.74	463.03	631.40
377	341.98	897.69	652.87	341.98	652.87	897.69	652.87	341.98	897.69	897.69	897.69	652.87	341.98	478.77	652.87
376	340.59	894.04	650.21	340.59	650.21	894.04	650.21	340.59	894.04	894.04	894.04	650.21	340.59	476.82	650.21
361	360.48	946.26	688.19	360.48	688.19	946.26	688.19	360.48	946.26	946.26	946.26	688.19	360.48	504.67	688.19
362	254.54	668.16	485.93	254.54	485.93	668.16	485.93	254.54	668.16	668.16	668.16	485.93	254.54	356.35	485.93
360	361.48	948.88	690.10	361.48	690.10	948.88	690.10	361.48	948.88	948.88	948.88	690.10	361.48	506.07	690.10
366	419.46	1101.09	800.80	419.46	800.80	1101.09	800.80	419.46	1101.09	1101.09	1101.09	800.80	419.46	587.25	800.80
365	385.29	1011.38	735.55	385.29	735.55	1011.38	735.55	385.29	1011.38	1011.38	1011.38	735.55	385.29	539.40	735.55
364	266.94	700.73	509.62	266.94	509.62	700.73	509.62	266.94	700.73	700.73	700.73	509.62	266.94	373.72	509.62
363	319.23	837.98	609.44	319.23	609.44	837.98	609.44	319.23	837.98	837.98	837.98	609.44	319.23	446.92	609.44
369	357.23	937.73	681.98	357.23	681.98	937.73	681.98	357.23	937.73	937.73	937.73	681.98	357.23	500.12	681.98
368	268.29	704.25	512.18	268.29	512.18	704.25	512.18	268.29	704.25	704.25	704.25	512.18	268.29	375.60	512.18
367	477.39	1253.16	911.39	477.39	911.39	1253.16	911.39	477.39	1253.16	1253.16	1253.16	911.39	477.39	668.35	911.39
350	454.02	1191.81	866.77	454.02	866.77	1191.81	866.77	454.02	1191.81	1191.81	1191.81	866.77	454.02	635.63	866.77
351	289.04	758.74	551.81	289.04	551.81	758.74	551.81	289.04	758.74	758.74	758.74	551.81	289.04	404.66	551.81
353	298.04	782.34	568.98	298.04	568.98	782.34	568.98	298.04	782.34	782.34	782.34	568.98	298.04	417.25	568.98
352	329.90	865.99	629.81	329.90	629.81	865.99	629.81	329.90	865.99	865.99	865.99	629.81	329.90	461.86	629.81
355	397.31	1042.95	758.51	397.31	758.51	1042.95	758.51	397.31	1042.95	1042.95	1042.95	758.51	397.31	556.24	758.51
354	484.95	1272.99	925.81	484.95	925.81	1272.99	925.81	484.95	1272.99	1272.99	1272.99	925.81	484.95	678.93	925.81
357	397.54	1043.53	758.93	397.54	758.93	1043.53	758.93	397.54	1043.53	1043.53	1043.53	758.93	397.54	556.55	758.93
356	311.59	817.91	594.85	311.59	594.85	817.91	594.85	311.59	817.91	817.91	817.91	594.85	311.59	436.22	594.85
359	348.24	914.12	664.81	348.24	664.81	914.12	664.81	348.24	914.12	914.12	914.12	664.81	348.24	487.53	664.81
358	195.13	512.21	372.52	195.13	372.52	512.21	372.52	195.13	512.21	512.21	512.21	372.52	195.13	273.18	372.52
806	282.39	741.28	539.11	282.39	539.11	741.28	539.11	282.39	741.28	741.28	741.28	539.11	282.39	395.35	539.11
807	400.35	1050.92	764.30	400.35	764.30	1050.92	764.30	400.35	1050.92	1050.92	1050.92	764.30	400.35	560.49	764.30
804	404.86	1062.75	772.91	404.86	772.91	1062.75	772.91	404.86	1062.75	1062.75	1062.75	772.91	404.86	566.80	772.91
805	367.53	964.76	701.65	367.53	701.65	964.76	701.65	367.53	964.76	964.76	964.76	701.65	367.53	514.54	701.65
802	243.29	638.63	464.45	243.29	464.45	638.63	464.45	243.29	638.63	638.63	638.63	464.45	243.29	340.60	464.45
803	250.87	658.54	478.94	250.87	478.94	658.54	478.94	250.87	658.54	658.54	658.54	478.94	250.87	351.22	478.94
800	171.39	449.89	327.19	171.39	327.19	449.89	327.19	171.39	449.89	449.89	449.89	327.19	171.39	239.94	327.19
801	337.74	886.58	644.78	337.74	644.78	886.58	644.78	337.74	886.58	886.58	886.58	644.78	337.74	472.84	644.78
159	13.18	34.59	25.16	13.18	25.16	34.59	25.16	13.18	34.59	34.59	34.59	25.16	13.18	18.45	25.16
158	12.65	33.21	24.15	12.65	24.15	33.21	24.15	12.65	33.21	33.21	33.21	24.15	12.65	17.71	24.15
157	12.86	33.77	24.56	12.86	24.56	33.77	24.56	12.86	33.77	33.77	33.77	24.56	12.86	18.01	24.56
156	12.95	33.99	24.72	12.95	24.72	33.99	24.72	12.95	33.99	33.99	33.99	24.72	12.95	18.13	24.72
155	12.58	33.02	24.01	12.58	24.01	33.02	24.01	12.58	33.02	33.02	33.02	24.01	12.58	17.61	24.01
154	12.57	33.00	24.00	12.57	24.00	33.00	24.00	12.57	33.00	33.00	33.00	24.00	12.57	17.60	24.00
152	12.96	34.03	24.75	12.96	24.75	34.03	24.75	12.96	34.03	34.03	34.03	24.75	12.96	18.15	24.75
601	3.79	9.94	7.23	3.79	7.23	9.94	7.23	3.79	9.94	9.94	9.94	7.23	3.79	5.30	7.23
153	13.21	34.69	25.23	13.21	25.23	34.69	25.23	13.21	34.69	34.69	34.69	25.23	13.21	18.50	25.23
600	3.65	9.58	6.97	3.65	6.97	9.58	6.97	3.65	9.58	9.58	9.58	6.97	3.65	5.11	6.97
150	13.31	34.95	25.42	13.31	25.42	34.95	25.42	13.31	34.95	34.95	34.95	25.42	13.31	18.64	25.42
151	13.16	34.54	25.12	13.16	25.12	34.54	25.12	13.16	34.54	34.54	34.54	25.12	13.16	18.42	25.12
609	4.23	11.10	8.07	4.23	8.07	11.10	8.07	4.23	11.10	11.10	11.10	8.07	4.23	5.92	8.07
608	3.72	9.77	7.10	3.72	7.10	9.77	7.10	3.72	9.77	9.77	9.77	7.10	3.72	5.21	7.10
607	3.88	10.18	7.40	3.88	7.40	10.18	7.40	3.88	10.18	10.18	10.18	7.40	3.88	5.43	7.40
606	3.51	9.21	6.70	3.51	6.70	9.21	6.70	3.51	9.21	9.21	9.21	6.70	3.51	4.91	6.70
605	3.65	9.58	6.97	3.65	6.97	9.58	6.97	3.65	9.58	9.58	9.58	6.97	3.65	5.11	6.97
604	3.69	9.68	7.04	3.69	7.04	9.68	7.04	3.69	9.68	9.68	9.68	7.04	3.69	5.16	7.04
603	3.49	9.15	6.65	3.49	6.65	9.15	6.65	3.49	9.15	9.15	9.15	6.65	3.49	4.88	6.65
602	3.52	9.24	6.72	3.52	6.72	9.24	6.72	3.52	9.24	9.24	9.24	6.72	3.52	4.93	6.72
202	13.18	34.59	25.16	13.18	25.16	34.59	25.16	13.18	34.59	34.59	34.59	25.16	13.18	18.45	25.16
203	13.49	35.42	25.76	13.49	25.76	35.42	25.76	13.49	35.42	35.42	35.42	25.76	13.49	18.89	25.76
204	12.94	33.98	24.71	12.94	24.71	33.98	24.71	12.94	33.98	33.98	33.98	24.71	12.94	18.12	24.71
205	12.77	33.53	24.38	12.77	24.38	33.53	24.38	12.77	33.53	33.53	33.53	24.38	12.77	17.88	24.38
200	12.34	32.40	23.56	12.34	23.56	32.40	23.56	12.34	32.40	32.40	32.40	23.56	12.34	17.28	23.56
201	13.00	34.13	24.82	13.00	24.82	34.13	24.82	13.00	34.13	34.13	34.13	24.82	13.00	18.20	24.82
169	13.25	34.78	25.30	13.25	25.30	34.78	25.30	13.25	34.78	34.78	34.78	25.30	13.25	18.55	25.30
206	12.76	33.49	24.35	12.76	24.35	33.49	24.35	12.76	33.49	33.49	33.49	24.35	12.76	17.86	24.35
166	13.30	34.91	25.39	13.30	25.39	34.91	25.39	13.30	34.91	34.91	34.91	25.39	13.30	18.62	25.39
207	12.22	32.08	23.33	12.22	23.33	32.08	23.33	12.22	32.08	32.08	32.08	23.33	12.22	17.11	23.33
165	13.37	35.10	25.53	13.37	25.53	35.10	25.53	13.37	35.10	35.10	35.10	25.53	13.37	18.72	25.53
208	13.06	34.29	24.94	13.06	24.94	34.29	24.94	13.06	34.29	34.29	34.29	24.94	13.06	18.29	24.94
168	12.78	33.54	24.40	12.78	24.40	33.54	24.40	12.78	33.54	33.54	33.54	24.40	12.78	17.89	24.40
209	13.04	34.22	24.89	13.04	24.89	34.22	24.89	13.04	34.22	34.22	34.22	24.89	13.04	18.25	24.89
167	13.31	34.95	25.42	13.31	25.42	34.95	25.42	13.31	34.95	34.95	34.95	25.42	13.31	18.64	25.42
161	13.14	34.50	25.09	13.14	25.09	34.50	25.09	13.14	34.50	34.50	34.50	25.09	13.14	18.40	25.09
409	439.91	1154.76	839.82	439.91	839.82	1154.76	839.82	439.91	1154.76	1154.76	1154.76	839.82	439.91	615.87	839.82
162	12.89	33.83	24.60	12.89	24.60	33.83	24.60	12.89	33.83	33.83	33.83	24.60	12.89	18.04	24.60
408	229.57	602.62	438.27	229.57	438.27	602.62	438.27	229.57	602.62	602.62	602.62	438.27	229.57	321.40	438.27
163	12.90	33.86	24.63	12.90	24.63	33.86	24.63	12.90	33.86	33.86	33.86	24.63	12.90	18.06	24.63
164	13.03	34.20	24.87	13.03	24.87	34.20	24.87	13.03	34.20	34.20	34.20	24.87	13.03	18.24	24.87
405	272.26	714.68	519.76	272.26	519.76	714.68	519.76	272.26	714.68	714.68	714.68	519.76	272.26	381.16	519.76
404	438.06	1149.90	836.29	438.06	836.29	1149.90	836.29	438.06	1149.90	1149.90	1149.90	836.29	438.06	613.28	836.29
407	428.18	1123.97	817.43	428.18	817.43	1123.97	817.43	428.18	1123.97	1123.97	1123.97	817.43	428.18	599.45	817.43
160	12.45	32.68	23.77	12.45	23.77	32.68	23.77	12.45	32.68	32.68	32.68	23.77	12.45	17.43	23.77
406	422.23	1108.35	806.07	422.23	806.07	1108.35	806.07	422.23	1108.35	1108.35	1108.35	806.07	422.23	591.12	806.07
401	420.04	1102.61	801.90	420.04	801.90	1102.61	801.90	420.04	1102.61	1102.61	1102.61	801.90	420.04	588.06	801.90
400	231.17	606.83	441.33	231.17	441.33	606.83	441.33	231.17	606.83	606.83	606.83	441.33	231.17	323.64	441.33
403	393.13	1031.96	750.52	393.13	750.52	1031.96	750.52	393.13	1031.96	1031.96	1031.96	750.52	393.13	550.38	750.52
402	370.62	972.88	707.55	370.62	707.55	972.88	707.55	370.62	972.88	972.88	972.88	707.55	370.62	518.87	707.55
824	380.56	998.98	726.53	380.56	726.53	998.98	726.53	380.56	998.98	998.98	998.98	726.53	380.56	532.79	726.53
211	13.10	34.39	25.01	13.10	25.01	34.39	25.01	13.10	34.39	34.39	34.39	25.01	13.10	18.34	25.01
825	455.36	1195.31	869.32	455.36	869.32	1195.31	869.32	455.36	1195.31	1195.31	1195.31	869.32	455.36	637.50	869.32
212	13.48	35.38	25.73	13.48	25.73	35.38	25.73	13.48	35.38	35.38	35.38	25.73	13.48	18.87	25.73
822	438.59	1151.31	837.31	438.59	837.31	1151.31	837.31	438.59	1151.31	1151.31	1151.31	837.31	438.59	614.03	837.31
823	292.98	769.07	559.32	292.98	559.32	769.07	559.32	292.98	769.07	769.07	769.07	559.32	292.98	410.17	559.32
210	12.89	33.84	24.61	12.89	24.61	33.84	24.61	12.89	33.84	33.84	33.84	24.61	12.89	18.05	24.61
828	262.23	688.35	500.62	262.23	500.62	688.35	500.62	262.23	688.35	688.35	688.35	500.62	262.23	367.12	500.62
215	13.68	35.91	26.11	13.68	26.11	35.91	26.11	13.68	35.91	35.91	35.91	26.11	13.68	19.15	26.11
829	491.76	1290.88	938.82	491.76	938.82	1290.88	938.82	491.76	1290.88	1290.88	1290.88	938.82	491.76	688.47	938.82
216	13.04	34.22	24.89	13.04	24.89	34.22	24.89	13.04	34.22	34.22	34.22	24.89	13.04	18.25	24.89
826	272.55	715.44	520.32	272.55	520.32	715.44	520.32	272.55	715.44	715.44	715.44	520.32	272.55	381.57	520.32
213	12.98	34.07	24.78	12.98	24.78	34.07	24.78	12.98	34.07	34.07	34.07	24.78	12.98	18.17	24.78
827	297.77	781.65	568.47	297.77	568.47	781.65	568.47	297.77	781.65	781.65	781.65	568.47	297.77	416.88	568.47
214	13.59	35.66	25.94	13.59	25.94	35.66	25.94	13.59	35.66	35.66	35.66	25.94	13.59	19.02	25.94
219	13.20	34.65	25.20	13.20	25.20	34.65	25.20	13.20	34.65	34.65	34.65	25.20	13.20	18.48	25.20
179	13.37	35.10	25.53	13.37	25.53	35.10	25.53	13.37	35.10	35.10	35.10	25.53	13.37	18.72	25.53
178	12.81	33.64	24.46	12.81	24.46	33.64	24.46	12.81	33.64	33.64	33.64	24.46	12.81	17.94	24.46
217	13.05	34.26	24.91	13.05	24.91	34.26	24.91	13.05	34.26	34.26	34.26	24.91	13.05	18.27	24.91
177	12.71	33.38	24.27	12.71	24.27	33.38	24.27	12.71	33.38	33.38	33.38	24.27	12.71	17.80	24.27
218	12.53	32.89	23.92	12.53	23.92	32.89	23.92	12.53	32.89	32.89	32.89	23.92	12.53	17.54	23.92
176	12.96	34.01	24.74	12.96	24.74	34.01	24.74	12.96	34.01	34.01	34.01	24.74	12.96	18.14	24.74
820	173.18	454.59	330.61	173.18	330.61	454.59	330.61	173.18	454.59	454.59	454.59	330.61	173.18	242.45	330.61
821	266.12	698.57	508.05	266.12	508.05	698.57	508.05	266.12	698.57	698.57	698.57	508.05	266.12	372.57	508.05
170	12.89	33.83	24.60	12.89	24.60	33.83	24.60	12.89	33.83	33.83	33.83	24.60	12.89	18.04	24.60
418	282.44	741.41	539.21	282.44	539.21	741.41	539.21	282.44	741.41	741.41	741.41	539.21	282.44	395.42	539.21
171	13.02	34.18	24.86	13.02	24.86	34.18	24.86	13.02	34.18	34.18	34.18	24.86	13.02	18.23	24.86
417	236.85	621.73	452.17	236.85	452.17	621.73	452.17	236.85	621.73	621.73	621.73	452.17	236.85	331.59	452.17
416	392.68	1030.78	749.66	392.68	749.66	1030.78	749.66	392.68	1030.78	1030.78	1030.78	749.66	392.68	549.75	749.66
415	355.28	932.61	678.26	355.28	678.26	932.61	678.26	355.28	932.61	932.61	932.61	678.26	355.28	497.39	678.26
174	13.09	34.35	24.98	13.09	24.98	34.35	24.98	13.09	34.35	34.35	34.35	24.98	13.09	18.32	24.98
623	3.48	9.13	6.64	3.48	6.64	9.13	6.64	3.48	9.13	9.13	9.13	6.64	3.48	4.87	6.64
175	12.67	33.26	24.19	12.67	24.19	33.26	24.19	12.67	33.26	33.26	33.26	24.19	12.67	17.74	24.19
622	3.76	9.86	7.17	3.76	7.17	9.86	7.17	3.76	9.86	9.86	9.86	7.17	3.76	5.26	7.17
172	13.09	34.37	25.00	13.09	25.00	34.37	25.00	13.09	34.37	34.37	34.37	25.00	13.09	18.33	25.00
621	3.89	10.20	7.42	3.89	7.42	10.20	7.42	3.89	10.20	10.20	10.20	7.42	3.89	5.44	7.42
173	12.56	32.96	23.97	12.56	23.97	32.96	23.97	12.56	32.96	32.96	32.96	23.97	12.56	17.58	23.97
419	454.65	1193.46	867.97	454.65	867.97	1193.46	867.97	454.65	1193.46	1193.46	1193.46	867.97	454.65	636.51	867.97
620	3.31	8.70	6.33	3.31	6.33	8.70	6.33	3.31	8.70	8.70	8.70	6.33	3.31	4.64	6.33
410	389.36	1022.08	743.33	389.36	743.33	1022.08	743.33	389.36	1022.08	1022.08	1022.08	743.33	389.36	545.11	743.33
627	3.83	10.05	7.31	3.83	7.31	10.05	7.31	3.83	10.05	10.05	10.05	7.31	3.83	5.36	7.31
626	3.99	10.46	7.61	3.99	7.61	10.46	7.61	3.99	10.46	10.46	10.46	7.61	3.99	5.58	7.61
625	3.59	9.41	6.85	3.59	6.85	9.41	6.85	3.59	9.41	9.41	9.41	6.85	3.59	5.02	6.85
819	240.79	632.06	459.68	240.79	459.68	632.06	459.68	240.79	632.06	632.06	632.06	459.68	240.79	337.10	459.68
624	3.61	9.49	6.90	3.61	6.90	9.49	6.90	3.61	9.49	9.49	9.49	6.90	3.61	5.06	6.90
414	171.51	450.23	327.44	171.51	327.44	450.23	327.44	171.51	450.23	450.23	450.23	327.44	171.51	240.12	327.44
413	274.76	721.24	524.54	274.76	524.54	721.24	524.54	274.76	721.24	721.24	721.24	524.54	274.76	384.66	524.54
412	254.24	667.37	485.36	254.24	485.36	667.37	485.36	254.24	667.37	667.37	667.37	485.36	254.24	355.93	485.36
629	3.84	10.09	7.34	3.84	7.34	10.09	7.34	3.84	10.09	10.09	10.09	7.34	3.84	5.38	7.34
411	341.80	897.23	652.53	341.80	652.53	897.23	652.53	341.80	897.23	897.23	897.23	652.53	341.80	478.52	652.53
628	3.67	9.64	7.01	3.67	7.01	9.64	7.01	3.67	9.64	9.64	9.64	7.01	3.67	5.14	7.01
811	405.59	1064.68	774.31	405.59	774.31	1064.68	774.31	405.59	1064.68	1064.68	1064.68	774.31	405.59	567.83	774.31
220	12.91	33.88	24.64	12.91	24.64	33.88	24.64	12.91	33.88	33.88	33.88	24.64	12.91	18.07	24.64
812	433.41	1137.69	827.41	433.41	827.41	1137.69	827.41	433.41	1137.69	1137.69	1137.69	827.41	433.41	606.77	827.41
221	12.98	34.07	24.78	12.98	24.78	34.07	24.78	12.98	34.07	34.07	34.07	24.78	12.98	18.17	24.78
813	200.04	525.09	381.89	200.04	381.89	525.09	381.89	200.04	525.09	525.09	525.09	381.89	200.04	280.05	381.89
222	12.44	32.64	23.74	12.44	23.74	32.64	23.74	12.44	32.64	32.64	32.64	23.74	12.44	17.41	23.74
814	237.74	624.07	453.87	237.74	453.87	624.07	453.87	237.74	624.07	624.07	624.07	453.87	237.74	332.84	453.87
223	13.41	35.21	25.61	13.41	25.61	35.21	25.61	13.41	35.21	35.21	35.21	25.61	13.41	18.78	25.61
815	330.26	866.93	630.49	330.26	630.49	866.93	630.49	330.26	866.93	866.93	866.93	630.49	330.26	462.36	630.49
224	12.61	33.11	24.08	12.61	24.08	33.11	24.08	12.61	33.11	33.11	33.11	24.08	12.61	17.66	24.08
816	165.23	433.73	315.44	165.23	315.44	433.73	315.44	165.23	433.73	433.73	433.73	315.44	165.23	231.32	315.44
225	13.29	34.89	25.38	13.29	25.38	34.89	25.38	13.29	34.89	34.89	34.89	25.38	13.29	18.61	25.38
817	360.22	945.58	687.70	360.22	687.70	945.58	687.70	360.22	945.58	945.58	945.58	687.70	360.22	504.31	687.70
226	13.16	34.56	25.13	13.16	25.13	34.56	25.13	13.16	34.56	34.56	34.56	25.13	13.16	18.43	25.13
818	229.91	603.51	438.91	229.91	438.91	603.51	438.91	229.91	603.51	603.51	603.51	438.91	229.91	321.87	438.91
227	12.85	33.73	24.53	12.85	24.53	33.73	24.53	12.85	33.73	33.73	33.73	24.53	12.85	17.99	24.53
228	12.61	33.11	24.08	12.61	24.08	33.11	24.08	12.61	33.11	33.11	33.11	24.08	12.61	17.66	24.08
188	12.11	31.78	23.11	12.11	23.11	31.78	23.11	12.11	31.78	31.78	31.78	23.11	12.11	16.95	23.11
229	12.95	33.99	24.72	12.95	24.72	33.99	24.72	12.95	33.99	33.99	33.99	24.72	12.95	18.13	24.72
187	13.31	34.95	25.42	13.31	25.42	34.95	25.42	13.31	34.95	34.95	34.95	25.42	13.31	18.64	25.42
189	12.97	34.05	24.76	12.97	24.76	34.05	24.76	12.97	34.05	34.05	34.05	24.76	12.97	18.16	24.76
810	457.01	1199.64	872.47	457.01	872.47	1199.64	872.47	457.01	1199.64	1199.64	1199.64	872.47	457.01	639.81	872.47
427	179.85	472.11	343.35	179.85	343.35	472.11	343.35	179.85	472.11	472.11	472.11	343.35	179.85	251.79	343.35
180	12.91	33.88	24.64	12.91	24.64	33.88	24.64	12.91	33.88	33.88	33.88	24.64	12.91	18.07	24.64
426	172.46	452.70	329.24	172.46	329.24	452.70	329.24	172.46	452.70	452.70	452.70	329.24	172.46	241.44	329.24
181	13.07	34.31	24.95	13.07	24.95	34.31	24.95	13.07	34.31	34.31	34.31	24.95	13.07	18.30	24.95
429	374.13	982.09	714.25	374.13	714.25	982.09	714.25	374.13	982.09	982.09	982.09	714.25	374.13	523.78	714.25
182	13.14	34.50	25.09	13.14	25.09	34.50	25.09	13.14	34.50	34.50	34.50	25.09	13.14	18.40	25.09
428	280.56	736.46	535.61	280.56	535.61	736.46	535.61	280.56	736.46	736.46	736.46	535.61	280.56	392.78	535.61
183	13.29	34.88	25.36	13.29	25.36	34.88	25.36	13.29	34.88	34.88	34.88	25.36	13.29	18.60	25.36
610	3.95	10.37	7.54	3.95	7.54	10.37	7.54	3.95	10.37	10.37	10.37	7.54	3.95	5.53	7.54
184	12.84	33.71	24.52	12.84	24.52	33.71	24.52	12.84	33.71	33.71	33.71	24.52	12.84	17.98	24.52
185	12.73	33.41	24.30	12.73	24.30	33.41	24.30	12.73	33.41	33.41	33.41	24.30	12.73	17.82	24.30
612	3.42	8.98	6.53	3.42	6.53	8.98	6.53	3.42	8.98	8.98	8.98	6.53	3.42	4.79	6.53
186	12.75	33.47	24.34	12.75	24.34	33.47	24.34	12.75	33.47	33.47	33.47	24.34	12.75	17.85	24.34
611	3.71	9.73	7.08	3.71	7.08	9.73	7.08	3.71	9.73	9.73	9.73	7.08	3.71	5.19	7.08
809	255.21	669.92	487.21	255.21	487.21	669.92	487.21	255.21	669.92	669.92	669.92	487.21	255.21	357.29	487.21
614	3.71	9.75	7.09	3.71	7.09	9.75	7.09	3.71	9.75	9.75	9.75	7.09	3.71	5.20	7.09
808	473.09	1241.85	903.16	473.09	903.16	1241.85	903.16	473.09	1241.85	1241.85	1241.85	903.16	473.09	662.32	903.16
613	3.90	10.24	7.45	3.90	7.45	10.24	7.45	3.90	10.24	10.24	10.24	7.45	3.90	5.46	7.45
421	434.54	1140.66	829.57	434.54	829.57	1140.66	829.57	434.54	1140.66	1140.66	1140.66	829.57	434.54	608.35	829.57
616	3.91	10.28	7.47	3.91	7.47	10.28	7.47	3.91	10.28	10.28	10.28	7.47	3.91	5.48	7.47
420	240.98	632.57	460.05	240.98	460.05	632.57	460.05	240.98	632.57	632.57	632.57	460.05	240.98	337.37	460.05
615	3.97	10.43	7.58	3.97	7.58	10.43	7.58	3.97	10.43	10.43	10.43	7.58	3.97	5.56	7.58
423	222.82	584.91	425.39	222.82	425.39	584.91	425.39	222.82	584.91	584.91	584.91	425.39	222.82	311.95	425.39
618	3.83	10.05	7.31	3.83	7.31	10.05	7.31	3.83	10.05	10.05	10.05	7.31	3.83	5.36	7.31
422	447.01	1173.41	853.39	447.01	853.39	1173.41	853.39	447.01	1173.41	1173.41	1173.41	853.39	447.01	625.82	853.39
617	3.58	9.39	6.83	3.58	6.83	9.39	6.83	3.58	9.39	9.39	9.39	6.83	3.58	5.01	6.83
425	365.51	959.48	697.80	365.51	697.80	959.48	697.80	365.51	959.48	959.48	959.48	697.80	365.51	511.72	697.80
424	422.14	1108.11	805.90	422.14	805.90	1108.11	805.90	422.14	1108.11	1108.11	1108.11	805.90	422.14	590.99	805.90
619	3.66	9.60	6.98	3.66	6.98	9.60	6.98	3.66	9.60	9.60	9.60	6.98	3.66	5.12	6.98
843	400.26	1050.69	764.14	400.26	764.14	1050.69	764.14	400.26	1050.69	1050.69	1050.69	764.14	400.26	560.37	764.14
116	12.86	33.77	24.56	12.86	24.56	33.77	24.56	12.86	33.77	33.77	33.77	24.56	12.86	18.01	24.56
842	359.49	943.67	686.30	359.49	686.30	943.67	686.30	359.49	943.67	943.67	943.67	686.30	359.49	503.29	686.30
117	12.44	32.66	23.75	12.44	23.75	32.66	23.75	12.44	32.66	32.66	32.66	23.75	12.44	17.42	23.75
841	403.16	1058.31	769.68	403.16	769.68	1058.31	769.68	403.16	1058.31	1058.31	1058.31	769.68	403.16	564.43	769.68
114	12.76	33.49	24.35	12.76	24.35	33.49	24.35	12.76	33.49	33.49	33.49	24.35	12.76	17.86	24.35
840	488.88	1283.31	933.31	488.88	933.31	1283.31	933.31	488.88	1283.31	1283.31	1283.31	933.31	488.88	684.43	933.31
115	12.80	33.60	24.44	12.80	24.44	33.60	24.44	12.80	33.60	33.60	33.60	24.44	12.80	17.92	24.44
112	13.02	34.18	24.86	13.02	24.86	34.18	24.86	13.02	34.18	34.18	34.18	24.86	13.02	18.23	24.86
113	12.94	33.98	24.71	12.94	24.71	33.98	24.71	12.94	33.98	33.98	33.98	24.71	12.94	18.12	24.71
110	13.09	34.35	24.98	13.09	24.98	34.35	24.98	13.09	34.35	34.35	34.35	24.98	13.09	18.32	24.98
111	13.32	34.97	25.43	13.32	25.43	34.97	25.43	13.32	34.97	34.97	34.97	25.43	13.32	18.65	25.43
849	427.86	1123.14	816.83	427.86	816.83	1123.14	816.83	427.86	1123.14	1123.14	1123.14	816.83	427.86	599.01	816.83
848	289.30	759.41	552.30	289.30	552.30	759.41	552.30	289.30	759.41	759.41	759.41	552.30	289.30	405.02	552.30
847	196.08	514.71	374.33	196.08	374.33	514.71	374.33	196.08	514.71	514.71	514.71	374.33	196.08	274.51	374.33
846	257.85	676.86	492.26	257.85	492.26	676.86	492.26	257.85	676.86	676.86	676.86	492.26	257.85	360.99	492.26
845	272.15	714.39	519.56	272.15	519.56	714.39	519.56	272.15	714.39	714.39	714.39	519.56	272.15	381.01	519.56
118	12.90	33.86	24.63	12.90	24.63	33.86	24.63	12.90	33.86	33.86	33.86	24.63	12.90	18.06	24.63
844	278.37	730.73	531.44	278.37	531.44	730.73	531.44	278.37	730.73	730.73	730.73	531.44	278.37	389.72	531.44
119	13.06	34.28	24.93	13.06	24.93	34.28	24.93	13.06	34.28	34.28	34.28	24.93	13.06	18.28	24.93
435	226.63	594.90	432.65	226.63	432.65	594.90	432.65	226.63	594.90	594.90	594.90	432.65	226.63	317.28	432.65
436	391.39	1027.41	747.20	391.39	747.20	1027.41	747.20	391.39	1027.41	1027.41	1027.41	747.20	391.39	547.95	747.20
433	300.79	789.56	574.23	300.79	574.23	789.56	574.23	300.79	789.56	789.56	789.56	574.23	300.79	421.10	574.23
434	308.56	809.98	589.08	308.56	589.08	809.98	589.08	308.56	809.98	809.98	809.98	589.08	308.56	431.99	589.08
431	413.76	1086.11	789.90	413.76	789.90	1086.11	789.90	413.76	1086.11	1086.11	1086.11	789.90	413.76	579.26	789.90
432	250.71	658.11	478.62	250.71	478.62	658.11	478.62	250.71	658.11	658.11	658.11	478.62	250.71	350.99	478.62
430	363.81	955.01	694.55	363.81	694.55	955.01	694.55	363.81	955.01	955.01	955.01	694.55	363.81	509.34	694.55
439	411.86	1081.13	786.27	411.86	786.27	1081.13	786.27	411.86	1081.13	1081.13	1081.13	786.27	411.86	576.60	786.27
437	264.34	693.90	504.65	264.34	504.65	693.90	504.65	264.34	693.90	693.90	693.90	504.65	264.34	370.08	504.65
438	261.98	687.69	500.14	261.98	500.14	687.69	500.14	261.98	687.69	687.69	687.69	500.14	261.98	366.77	500.14
830	408.03	1071.08	778.96	408.03	778.96	1071.08	778.96	408.03	1071.08	1071.08	1071.08	778.96	408.03	571.24	778.96
125	12.69	33.30	24.22	12.69	24.22	33.30	24.22	12.69	33.30	33.30	33.30	24.22	12.69	17.76	24.22
126	13.42	35.23	25.62	13.42	25.62	35.23	25.62	13.42	35.23	35.23	35.23	25.62	13.42	18.79	25.62
832	353.59	928.18	675.04	353.59	675.04	928.18	675.04	353.59	928.18	928.18	928.18	675.04	353.59	495.03	675.04
127	13.08	34.33	24.97	13.08	24.97	34.33	24.97	13.08	34.33	34.33	34.33	24.97	13.08	18.31	24.97
831	481.03	1262.70	918.33	481.03	918.33	1262.70	918.33	481.03	1262.70	1262.70	1262.70	918.33	481.03	673.44	918.33
128	13.16	34.56	25.13	13.16	25.13	34.56	25.13	13.16	34.56	34.56	34.56	25.13	13.16	18.43	25.13
121	12.68	33.28	24.20	12.68	24.20	33.28	24.20	12.68	33.28	33.28	33.28	24.20	12.68	17.75	24.20
122	12.69	33.32	24.23	12.69	24.23	33.32	24.23	12.69	33.32	33.32	33.32	24.23	12.69	17.77	24.23
123	12.81	33.62	24.45	12.81	24.45	33.62	24.45	12.81	33.62	33.62	33.62	24.45	12.81	17.93	24.45
124	12.76	33.49	24.35	12.76	24.35	33.49	24.35	12.76	33.49	33.49	33.49	24.35	12.76	17.86	24.35
838	451.01	1183.89	861.01	451.01	861.01	1183.89	861.01	451.01	1183.89	1183.89	1183.89	861.01	451.01	631.41	861.01
837	372.14	976.88	710.45	372.14	710.45	976.88	710.45	372.14	976.88	976.88	976.88	710.45	372.14	521.00	710.45
839	338.26	887.94	645.78	338.26	645.78	887.94	645.78	338.26	887.94	887.94	887.94	645.78	338.26	473.57	645.78
834	239.26	628.07	456.78	239.26	456.78	628.07	456.78	239.26	628.07	628.07	628.07	456.78	239.26	334.97	456.78
129	13.19	34.63	25.19	13.19	25.19	34.63	25.19	13.19	34.63	34.63	34.63	25.19	13.19	18.47	25.19
833	260.26	683.19	496.87	260.26	496.87	683.19	496.87	260.26	683.19	683.19	683.19	496.87	260.26	364.37	496.87
836	361.81	949.76	690.74	361.81	690.74	949.76	690.74	361.81	949.76	949.76	949.76	690.74	361.81	506.54	690.74
835	370.84	973.44	707.96	370.84	707.96	973.44	707.96	370.84	973.44	973.44	973.44	707.96	370.84	519.17	707.96
444	472.26	1239.68	901.58	472.26	901.58	1239.68	901.58	472.26	1239.68	1239.68	1239.68	901.58	472.26	661.16	901.58
445	239.23	627.98	456.71	239.23	456.71	627.98	456.71	239.23	627.98	627.98	627.98	456.71	239.23	334.92	456.71
446	199.59	523.93	381.04	199.59	381.04	523.93	381.04	199.59	523.93	523.93	523.93	381.04	199.59	279.43	381.04
447	312.66	820.74	596.90	312.66	596.90	820.74	596.90	312.66	820.74	820.74	820.74	596.90	312.66	437.73	596.90
440	221.71	582.00	423.27	221.71	423.27	582.00	423.27	221.71	582.00	582.00	582.00	423.27	221.71	310.40	423.27
441	327.66	860.10	625.53	327.66	625.53	860.10	625.53	327.66	860.10	860.10	860.10	625.53	327.66	458.72	625.53
442	386.09	1013.48	737.07	386.09	737.07	1013.48	737.07	386.09	1013.48	1013.48	1013.48	737.07	386.09	540.52	737.07
443	488.73	1282.91	933.03	488.73	933.03	1282.91	933.03	488.73	1282.91	1282.91	1282.91	933.03	488.73	684.22	933.03
120	13.01	34.16	24.85	13.01	24.85	34.16	24.85	13.01	34.16	34.16	34.16	24.85	13.01	18.22	24.85
448	237.80	624.23	453.98	237.80	453.98	624.23	453.98	237.80	624.23	624.23	624.23	453.98	237.80	332.92	453.98
449	215.09	564.60	410.62	215.09	410.62	564.60	410.62	215.09	564.60	564.60	564.60	410.62	215.09	301.12	410.62
861	190.55	500.19	363.78	190.55	363.78	500.19	363.78	190.55	500.19	500.19	500.19	363.78	190.55	266.77	363.78
134	12.64	33.19	24.14	12.64	24.14	33.19	24.14	12.64	33.19	33.19	33.19	24.14	12.64	17.70	24.14
860	483.56	1269.34	923.15	483.56	923.15	1269.34	923.15	483.56	1269.34	1269.34	1269.34	923.15	483.56	676.98	923.15
135	13.31	34.95	25.42	13.31	25.42	34.95	25.42	13.31	34.95	34.95	34.95	25.42	13.31	18.64	25.42
132	12.50	32.81	23.86	12.50	23.86	32.81	23.86	12.50	32.81	32.81	32.81	23.86	12.50	17.50	23.86
133	13.62	35.76	26.00	13.62	26.00	35.76	26.00	13.62	35.76	35.76	35.76	26.00	13.62	19.07	26.00
865	485.44	1274.27	926.74	485.44	926.74	1274.27	926.74	485.44	1274.27	1274.27	1274.27	926.74	485.44	679.61	926.74
138	13.21	34.69	25.23	13.21	25.23	34.69	25.23	13.21	34.69	34.69	34.69	25.23	13.21	18.50	25.23
864	337.79	886.69	644.86	337.79	644.86	886.69	644.86	337.79	886.69	886.69	886.69	644.86	337.79	472.90	644.86
139	13.29	34.89	25.38	13.29	25.38	34.89	25.38	13.29	34.89	34.89	34.89	25.38	13.29	18.61	25.38
863	486.05	1275.88	927.91	486.05	927.91	1275.88	927.91	486.05	1275.88	1275.88	1275.88	927.91	486.05	680.47	927.91
136	12.11	31.78	23.11	12.11	23.11	31.78	23.11	12.11	31.78	31.78	31.78	23.11	12.11	16.95	23.11
862	279.36	733.33	533.33	279.36	533.33	733.33	533.33	279.36	733.33	733.33	733.33	533.33	279.36	391.11	533.33
137	12.66	33.23	24.16	12.66	24.16	33.23	24.16	12.66	33.23	33.23	33.23	24.16	12.66	17.72	24.16
869	310.21	814.31	592.23	310.21	592.23	814.31	592.23	310.21	814.31	814.31	814.31	592.23	310.21	434.30	592.23
868	248.33	651.86	474.08	248.33	474.08	651.86	474.08	248.33	651.86	651.86	651.86	474.08	248.33	347.66	474.08
867	349.94	918.60	668.07	349.94	668.07	918.60	668.07	349.94	918.60	918.60	918.60	668.07	349.94	489.92	668.07
866	470.46	1234.97	898.16	470.46	898.16	1234.97	898.16	470.46	1234.97	1234.97	1234.97	898.16	470.46	658.65	898.16
450	458.04	1202.36	874.45	458.04	874.45	1202.36	874.45	458.04	1202.36	1202.36	1202.36	874.45	458.04	641.26	874.45
453	403.88	1060.18	771.04	403.88	771.04	1060.18	771.04	403.88	1060.18	1060.18	1060.18	771.04	403.88	565.43	771.04
454	210.76	553.24	402.35	210.76	402.35	553.24	402.35	210.76	553.24	553.24	553.24	402.35	210.76	295.06	402.35
451	460.38	1208.49	878.90	460.38	878.90	1208.49	878.90	460.38	1208.49	1208.49	1208.49	878.90	460.38	644.53	878.90
452	415.24	1090.01	792.74	415.24	792.74	1090.01	792.74	415.24	1090.01	1090.01	1090.01	792.74	415.24	581.34	792.74
457	245.26	643.80	468.22	245.26	468.22	643.80	468.22	245.26	643.80	643.80	643.80	468.22	245.26	343.36	468.22
458	323.16	848.31	616.95	323.16	616.95	848.31	616.95	323.16	848.31	848.31	848.31	616.95	323.16	452.43	616.95
455	183.55	481.82	350.41	183.55	350.41	481.82	350.41	183.55	481.82	481.82	481.82	350.41	183.55	256.97	350.41
456	329.75	865.59	629.52	329.75	629.52	865.59	629.52	329.75	865.59	865.59	865.59	629.52	329.75	461.65	629.52
459	3.69	9.68	7.04	3.69	7.04	9.68	7.04	3.69	9.68	9.68	9.68	7.04	3.69	5.16	7.04
131	13.68	35.91	26.11	13.68	26.11	35.91	26.11	13.68	35.91	35.91	35.91	26.11	13.68	19.15	26.11
130	12.71	33.38	24.27	12.71	24.27	33.38	24.27	12.71	33.38	33.38	33.38	24.27	12.71	17.80	24.27
143	12.95	33.99	24.72	12.95	24.72	33.99	24.72	12.95	33.99	33.99	33.99	24.72	12.95	18.13	24.72
144	12.58	33.02	24.01	12.58	24.01	33.02	24.01	12.58	33.02	33.02	33.02	24.01	12.58	17.61	24.01
850	322.33	846.11	615.35	322.33	615.35	846.11	615.35	322.33	846.11	846.11	846.11	615.35	322.33	451.26	615.35
145	13.14	34.50	25.09	13.14	25.09	34.50	25.09	13.14	34.50	34.50	34.50	25.09	13.14	18.40	25.09
146	13.46	35.33	25.69	13.46	25.69	35.33	25.69	13.46	35.33	35.33	35.33	25.69	13.46	18.84	25.69
852	310.33	814.61	592.45	310.33	592.45	814.61	592.45	310.33	814.61	814.61	814.61	592.45	310.33	434.46	592.45
147	13.03	34.20	24.87	13.03	24.87	34.20	24.87	13.03	34.20	34.20	34.20	24.87	13.03	18.24	24.87
851	356.31	935.31	680.22	356.31	680.22	935.31	680.22	356.31	935.31	935.31	935.31	680.22	356.31	498.83	680.22
148	12.79	33.56	24.41	12.79	24.41	33.56	24.41	12.79	33.56	33.56	33.56	24.41	12.79	17.90	24.41
854	350.07	918.94	668.32	350.07	668.32	918.94	668.32	350.07	918.94	918.94	918.94	668.32	350.07	490.10	668.32
149	12.94	33.98	24.71	12.94	24.71	33.98	24.71	12.94	33.98	33.98	33.98	24.71	12.94	18.12	24.71
853	259.87	682.16	496.12	259.87	496.12	682.16	496.12	259.87	682.16	682.16	682.16	496.12	259.87	363.82	496.12
856	435.81	1143.99	832.00	435.81	832.00	1143.99	832.00	435.81	1143.99	1143.99	1143.99	832.00	435.81	610.13	832.00
855	325.68	854.91	621.75	325.68	621.75	854.91	621.75	325.68	854.91	854.91	854.91	621.75	325.68	455.95	621.75
858	268.56	704.96	512.70	268.56	512.70	704.96	512.70	268.56	704.96	704.96	704.96	512.70	268.56	375.98	512.70
857	258.63	678.90	493.75	258.63	493.75	678.90	493.75	258.63	678.90	678.90	678.90	493.75	258.63	362.08	493.75
859	240.81	632.14	459.74	240.81	459.74	632.14	459.74	240.81	632.14	632.14	632.14	459.74	240.81	337.14	459.74
461	3.71	9.75	7.09	3.71	7.09	9.75	7.09	3.71	9.75	9.75	9.75	7.09	3.71	5.20	7.09
460	3.79	9.96	7.24	3.79	7.24	9.96	7.24	3.79	9.96	9.96	9.96	7.24	3.79	5.31	7.24
462	3.69	9.69	7.05	3.69	7.05	9.69	7.05	3.69	9.69	9.69	9.69	7.05	3.69	5.17	7.05
463	4.06	10.65	7.75	4.06	7.75	10.65	7.75	4.06	10.65	10.65	10.65	7.75	4.06	5.68	7.75
464	3.64	9.56	6.95	3.64	6.95	9.56	6.95	3.64	9.56	9.56	9.56	6.95	3.64	5.10	6.95
465	3.98	10.44	7.60	3.98	7.60	10.44	7.60	3.98	10.44	10.44	10.44	7.60	3.98	5.57	7.60
466	3.76	9.88	7.19	3.76	7.19	9.88	7.19	3.76	9.88	9.88	9.88	7.19	3.76	5.27	7.19
467	3.73	9.79	7.12	3.73	7.12	9.79	7.12	3.73	9.79	9.79	9.79	7.12	3.73	5.22	7.12
468	3.93	10.31	7.50	3.93	7.50	10.31	7.50	3.93	10.31	10.31	10.31	7.50	3.93	5.50	7.50
469	3.54	9.28	6.75	3.54	6.75	9.28	6.75	3.54	9.28	9.28	9.28	6.75	3.54	4.95	6.75
140	12.81	33.62	24.45	12.81	24.45	33.62	24.45	12.81	33.62	33.62	33.62	24.45	12.81	17.93	24.45
142	13.06	34.28	24.93	13.06	24.93	34.28	24.93	13.06	34.28	34.28	34.28	24.93	13.06	18.28	24.93
141	13.02	34.18	24.86	13.02	24.86	34.18	24.86	13.02	34.18	34.18	34.18	24.86	13.02	18.23	24.86
687	4.51	11.85	8.62	4.51	8.62	11.85	8.62	4.51	11.85	11.85	11.85	8.62	4.51	6.32	8.62
686	3.98	10.44	7.60	3.98	7.60	10.44	7.60	3.98	10.44	10.44	10.44	7.60	3.98	5.57	7.60
689	3.62	9.51	6.91	3.62	6.91	9.51	6.91	3.62	9.51	9.51	9.51	6.91	3.62	5.07	6.91
688	3.89	10.20	7.42	3.89	7.42	10.20	7.42	3.89	10.20	10.20	10.20	7.42	3.89	5.44	7.42
683	3.69	9.68	7.04	3.69	7.04	9.68	7.04	3.69	9.68	9.68	9.68	7.04	3.69	5.16	7.04
682	4.11	10.80	7.85	4.11	7.85	10.80	7.85	4.11	10.80	10.80	10.80	7.85	4.11	5.76	7.85
685	4.00	10.50	7.64	4.00	7.64	10.50	7.64	4.00	10.50	10.50	10.50	7.64	4.00	5.60	7.64
684	3.53	9.26	6.74	3.53	6.74	9.26	6.74	3.53	9.26	9.26	9.26	6.74	3.53	4.94	6.74
888	300.25	788.16	573.20	300.25	573.20	788.16	573.20	300.25	788.16	788.16	788.16	573.20	300.25	420.35	573.20
889	217.16	570.04	414.57	217.16	414.57	570.04	414.57	217.16	570.04	570.04	570.04	414.57	217.16	304.02	414.57
884	194.58	510.77	371.47	194.58	371.47	510.77	371.47	194.58	510.77	510.77	510.77	371.47	194.58	272.41	371.47
885	413.90	1086.49	790.17	413.90	790.17	1086.49	790.17	413.90	1086.49	1086.49	1086.49	790.17	413.90	579.46	790.17
886	171.69	450.68	327.76	171.69	327.76	450.68	327.76	171.69	450.68	450.68	450.68	327.76	171.69	240.36	327.76
680	3.86	10.14	7.38	3.86	7.38	10.14	7.38	3.86	10.14	10.14	10.14	7.38	3.86	5.41	7.38
887	273.14	716.98	521.44	273.14	521.44	716.98	521.44	273.14	716.98	716.98	716.98	521.44	273.14	382.39	521.44
681	3.80	9.98	7.25	3.80	7.25	9.98	7.25	3.80	9.98	9.98	9.98	7.25	3.80	5.32	7.25
880	231.98	608.94	442.87	231.98	442.87	608.94	442.87	231.98	608.94	608.94	608.94	442.87	231.98	324.77	442.87
881	375.80	986.48	717.44	375.80	717.44	986.48	717.44	375.80	986.48	986.48	986.48	717.44	375.80	526.12	717.44
882	263.22	690.96	502.51	263.22	502.51	690.96	502.51	263.22	690.96	690.96	690.96	502.51	263.22	368.51	502.51
883	307.03	805.95	586.15	307.03	586.15	805.95	586.15	307.03	805.95	805.95	805.95	586.15	307.03	429.84	586.15
678	3.42	8.98	6.53	3.42	6.53	8.98	6.53	3.42	8.98	8.98	8.98	6.53	3.42	4.79	6.53
677	3.75	9.84	7.16	3.75	7.16	9.84	7.16	3.75	9.84	9.84	9.84	7.16	3.75	5.25	7.16
676	3.16	8.29	6.03	3.16	6.03	8.29	6.03	3.16	8.29	8.29	8.29	6.03	3.16	4.42	6.03
675	3.55	9.32	6.78	3.55	6.78	9.32	6.78	3.55	9.32	9.32	9.32	6.78	3.55	4.97	6.78
674	3.44	9.04	6.57	3.44	6.57	9.04	6.57	3.44	9.04	9.04	9.04	6.57	3.44	4.82	6.57
673	3.63	9.53	6.93	3.63	6.93	9.53	6.93	3.63	9.53	9.53	9.53	6.93	3.63	5.08	6.93
672	3.53	9.26	6.74	3.53	6.74	9.26	6.74	3.53	9.26	9.26	9.26	6.74	3.53	4.94	6.74
671	3.86	10.13	7.36	3.86	7.36	10.13	7.36	3.86	10.13	10.13	10.13	7.36	3.86	5.40	7.36
679	3.90	10.24	7.45	3.90	7.45	10.24	7.45	3.90	10.24	10.24	10.24	7.45	3.90	5.46	7.45
879	349.51	917.48	667.25	349.51	667.25	917.48	667.25	349.51	917.48	917.48	917.48	667.25	349.51	489.32	667.25
877	393.94	1034.10	752.07	393.94	752.07	1034.10	752.07	393.94	1034.10	1034.10	1034.10	752.07	393.94	551.52	752.07
878	228.24	599.12	435.72	228.24	435.72	599.12	435.72	228.24	599.12	599.12	599.12	435.72	228.24	319.53	435.72
875	187.96	493.39	358.83	187.96	358.83	493.39	358.83	187.96	493.39	493.39	493.39	358.83	187.96	263.14	358.83
876	357.91	939.53	683.29	357.91	683.29	939.53	683.29	357.91	939.53	939.53	939.53	683.29	357.91	501.08	683.29
670	4.04	10.59	7.70	4.04	7.70	10.59	7.70	4.04	10.59	10.59	10.59	7.70	4.04	5.65	7.70
873	348.49	914.79	665.30	348.49	665.30	914.79	665.30	348.49	914.79	914.79	914.79	665.30	348.49	487.89	665.30
874	276.64	726.19	528.14	276.64	528.14	726.19	528.14	276.64	726.19	726.19	726.19	528.14	276.64	387.30	528.14
871	431.14	1131.73	823.08	431.14	823.08	1131.73	823.08	431.14	1131.73	1131.73	1131.73	823.08	431.14	603.59	823.08
872	244.13	640.84	466.06	244.13	466.06	640.84	466.06	244.13	640.84	640.84	640.84	466.06	244.13	341.78	466.06
870	441.45	1158.81	842.77	441.45	842.77	1158.81	842.77	441.45	1158.81	1158.81	1158.81	842.77	441.45	618.03	842.77
696	3.83	10.05	7.31	3.83	7.31	10.05	7.31	3.83	10.05	10.05	10.05	7.31	3.83	5.36	7.31
695	3.85	10.11	7.35	3.85	7.35	10.11	7.35	3.85	10.11	10.11	10.11	7.35	3.85	5.39	7.35
694	3.67	9.64	7.01	3.67	7.01	9.64	7.01	3.67	9.64	9.64	9.64	7.01	3.67	5.14	7.01
693	3.41	8.94	6.50	3.41	6.50	8.94	6.50	3.41	8.94	8.94	8.94	6.50	3.41	4.77	6.50
890	383.71	1007.23	732.53	383.71	732.53	1007.23	732.53	383.71	1007.23	1007.23	1007.23	732.53	383.71	537.19	732.53
699	3.85	10.11	7.35	3.85	7.35	10.11	7.35	3.85	10.11	10.11	10.11	7.35	3.85	5.39	7.35
698	3.66	9.62	7.00	3.66	7.00	9.62	7.00	3.66	9.62	9.62	9.62	7.00	3.66	5.13	7.00
697	3.02	7.93	5.77	3.02	5.77	7.93	5.77	3.02	7.93	7.93	7.93	5.77	3.02	4.23	5.77
899	187.78	492.92	358.49	187.78	358.49	492.92	358.49	187.78	492.92	492.92	492.92	358.49	187.78	262.89	358.49
893	187.84	493.07	358.60	187.84	358.60	493.07	358.60	187.84	493.07	493.07	493.07	358.60	187.84	262.97	358.60
894	466.04	1223.34	889.70	466.04	889.70	1223.34	889.70	466.04	1223.34	1223.34	1223.34	889.70	466.04	652.45	889.70
891	473.31	1242.43	903.59	473.31	903.59	1242.43	903.59	473.31	1242.43	1242.43	1242.43	903.59	473.31	662.63	903.59
892	295.71	776.25	564.55	295.71	564.55	776.25	564.55	295.71	776.25	776.25	776.25	564.55	295.71	414.00	564.55
897	408.26	1071.68	779.40	408.26	779.40	1071.68	779.40	408.26	1071.68	1071.68	1071.68	779.40	408.26	571.56	779.40
691	3.54	9.28	6.75	3.54	6.75	9.28	6.75	3.54	9.28	9.28	9.28	6.75	3.54	4.95	6.75
898	391.31	1027.20	747.05	391.31	747.05	1027.20	747.05	391.31	1027.20	1027.20	1027.20	747.05	391.31	547.84	747.05
692	3.59	9.41	6.85	3.59	6.85	9.41	6.85	3.59	9.41	9.41	9.41	6.85	3.59	5.02	6.85
895	267.40	701.93	510.49	267.40	510.49	701.93	510.49	267.40	701.93	701.93	701.93	510.49	267.40	374.36	510.49
896	486.07	1275.94	927.95	486.07	927.95	1275.94	927.95	486.07	1275.94	1275.94	1275.94	927.95	486.07	680.50	927.95
690	3.71	9.75	7.09	3.71	7.09	9.75	7.09	3.71	9.75	9.75	9.75	7.09	3.71	5.20	7.09
646	3.76	9.88	7.19	3.76	7.19	9.88	7.19	3.76	9.88	9.88	9.88	7.19	3.76	5.27	7.19
647	3.94	10.35	7.53	3.94	7.53	10.35	7.53	3.94	10.35	10.35	10.35	7.53	3.94	5.52	7.53
648	3.59	9.41	6.85	3.59	6.85	9.41	6.85	3.59	9.41	9.41	9.41	6.85	3.59	5.02	6.85
649	3.73	9.79	7.12	3.73	7.12	9.79	7.12	3.73	9.79	9.79	9.79	7.12	3.73	5.22	7.12
195	13.11	34.41	25.02	13.11	25.02	34.41	25.02	13.11	34.41	34.41	34.41	25.02	13.11	18.35	25.02
642	3.26	8.55	6.22	3.26	6.22	8.55	6.22	3.26	8.55	8.55	8.55	6.22	3.26	4.56	6.22
194	12.99	34.09	24.79	12.99	24.79	34.09	24.79	12.99	34.09	34.09	34.09	24.79	12.99	18.18	24.79
643	3.76	9.86	7.17	3.76	7.17	9.86	7.17	3.76	9.86	9.86	9.86	7.17	3.76	5.26	7.17
197	12.41	32.59	23.70	12.41	23.70	32.59	23.70	12.41	32.59	32.59	32.59	23.70	12.41	17.38	23.70
644	3.49	9.17	6.67	3.49	6.67	9.17	6.67	3.49	9.17	9.17	9.17	6.67	3.49	4.89	6.67
196	13.21	34.67	25.21	13.21	25.21	34.67	25.21	13.21	34.67	34.67	34.67	25.21	13.21	18.49	25.21
645	3.86	10.14	7.38	3.86	7.38	10.14	7.38	3.86	10.14	10.14	10.14	7.38	3.86	5.41	7.38
191	12.53	32.89	23.92	12.53	23.92	32.89	23.92	12.53	32.89	32.89	32.89	23.92	12.53	17.54	23.92
190	12.71	33.38	24.27	12.71	24.27	33.38	24.27	12.71	33.38	33.38	33.38	24.27	12.71	17.80	24.27
193	12.90	33.86	24.63	12.90	24.63	33.86	24.63	12.90	33.86	33.86	33.86	24.63	12.90	18.06	24.63
640	3.66	9.62	7.00	3.66	7.00	9.62	7.00	3.66	9.62	9.62	9.62	7.00	3.66	5.13	7.00
192	12.79	33.56	24.41	12.79	24.41	33.56	24.41	12.79	33.56	33.56	33.56	24.41	12.79	17.90	24.41
641	3.62	9.51	6.91	3.62	6.91	9.51	6.91	3.62	9.51	9.51	9.51	6.91	3.62	5.07	6.91
198	12.63	33.15	24.11	12.63	24.11	33.15	24.11	12.63	33.15	33.15	33.15	24.11	12.63	17.68	24.11
199	12.76	33.49	24.35	12.76	24.35	33.49	24.35	12.76	33.49	33.49	33.49	24.35	12.76	17.86	24.35
639	3.63	9.53	6.93	3.63	6.93	9.53	6.93	3.63	9.53	9.53	9.53	6.93	3.63	5.08	6.93
637	3.90	10.24	7.45	3.90	7.45	10.24	7.45	3.90	10.24	10.24	10.24	7.45	3.90	5.46	7.45
638	3.64	9.56	6.95	3.64	6.95	9.56	6.95	3.64	9.56	9.56	9.56	6.95	3.64	5.10	6.95
635	3.79	9.96	7.24	3.79	7.24	9.96	7.24	3.79	9.96	9.96	9.96	7.24	3.79	5.31	7.24
636	3.71	9.73	7.08	3.71	7.08	9.73	7.08	3.71	9.73	9.73	9.73	7.08	3.71	5.19	7.08
633	3.95	10.37	7.54	3.95	7.54	10.37	7.54	3.95	10.37	10.37	10.37	7.54	3.95	5.53	7.54
634	3.68	9.66	7.02	3.68	7.02	9.66	7.02	3.68	9.66	9.66	9.66	7.02	3.68	5.15	7.02
631	3.59	9.41	6.85	3.59	6.85	9.41	6.85	3.59	9.41	9.41	9.41	6.85	3.59	5.02	6.85
632	3.30	8.66	6.30	3.30	6.30	8.66	6.30	3.30	8.66	8.66	8.66	6.30	3.30	4.62	6.30
630	3.11	8.18	5.95	3.11	5.95	8.18	5.95	3.11	8.18	8.18	8.18	5.95	3.11	4.36	5.95
668	3.58	9.39	6.83	3.58	6.83	9.39	6.83	3.58	9.39	9.39	9.39	6.83	3.58	5.01	6.83
669	3.53	9.26	6.74	3.53	6.74	9.26	6.74	3.53	9.26	9.26	9.26	6.74	3.53	4.94	6.74
660	3.66	9.62	7.00	3.66	7.00	9.62	7.00	3.66	9.62	9.62	9.62	7.00	3.66	5.13	7.00
661	3.92	10.29	7.49	3.92	7.49	10.29	7.49	3.92	10.29	10.29	10.29	7.49	3.92	5.49	7.49
662	3.56	9.36	6.80	3.56	6.80	9.36	6.80	3.56	9.36	9.36	9.36	6.80	3.56	4.99	6.80
663	3.23	8.48	6.16	3.23	6.16	8.48	6.16	3.23	8.48	8.48	8.48	6.16	3.23	4.52	6.16
664	3.81	10.01	7.28	3.81	7.28	10.01	7.28	3.81	10.01	10.01	10.01	7.28	3.81	5.34	7.28
665	3.66	9.62	7.00	3.66	7.00	9.62	7.00	3.66	9.62	9.62	9.62	7.00	3.66	5.13	7.00
666	3.50	9.19	6.68	3.50	6.68	9.19	6.68	3.50	9.19	9.19	9.19	6.68	3.50	4.90	6.68
667	3.65	9.58	6.97	3.65	6.97	9.58	6.97	3.65	9.58	9.58	9.58	6.97	3.65	5.11	6.97
659	3.71	9.73	7.08	3.71	7.08	9.73	7.08	3.71	9.73	9.73	9.73	7.08	3.71	5.19	7.08
657	3.81	9.99	7.27	3.81	7.27	9.99	7.27	3.81	9.99	9.99	9.99	7.27	3.81	5.33	7.27
658	3.69	9.68	7.04	3.69	7.04	9.68	7.04	3.69	9.68	9.68	9.68	7.04	3.69	5.16	7.04
651	3.96	10.41	7.57	3.96	7.57	10.41	7.57	3.96	10.41	10.41	10.41	7.57	3.96	5.55	7.57
652	3.31	8.70	6.33	3.31	6.33	8.70	6.33	3.31	8.70	8.70	8.70	6.33	3.31	4.64	6.33
650	3.59	9.41	6.85	3.59	6.85	9.41	6.85	3.59	9.41	9.41	9.41	6.85	3.59	5.02	6.85
655	3.78	9.92	7.21	3.78	7.21	9.92	7.21	3.78	9.92	9.92	9.92	7.21	3.78	5.29	7.21
656	3.65	9.58	6.97	3.65	6.97	9.58	6.97	3.65	9.58	9.58	9.58	6.97	3.65	5.11	6.97
653	3.51	9.23	6.71	3.51	6.71	9.23	6.71	3.51	9.23	9.23	9.23	6.71	3.51	4.92	6.71
654	3.41	8.96	6.52	3.41	6.52	8.96	6.52	3.41	8.96	8.96	8.96	6.52	3.41	4.78	6.52
35	13.16	34.56	25.13	13.16	25.13	34.56	25.13	13.16	34.56	34.56	34.56	25.13	13.16	18.43	25.13
36	13.06	34.29	24.94	13.06	24.94	34.29	24.94	13.06	34.29	34.29	34.29	24.94	13.06	18.29	24.94
33	12.76	33.51	24.37	12.76	24.37	33.51	24.37	12.76	33.51	33.51	33.51	24.37	12.76	17.87	24.37
34	13.50	35.44	25.77	13.50	25.77	35.44	25.77	13.50	35.44	35.44	35.44	25.77	13.50	18.90	25.77
39	13.31	34.95	25.42	13.31	25.42	34.95	25.42	13.31	34.95	34.95	34.95	25.42	13.31	18.64	25.42
37	12.24	32.14	23.37	12.24	23.37	32.14	23.37	12.24	32.14	32.14	32.14	23.37	12.24	17.14	23.37
38	12.49	32.78	23.84	12.49	23.84	32.78	23.84	12.49	32.78	32.78	32.78	23.84	12.49	17.48	23.84
43	13.38	35.12	25.54	13.38	25.54	35.12	25.54	13.38	35.12	35.12	35.12	25.54	13.38	18.73	25.54
42	12.61	33.11	24.08	12.61	24.08	33.11	24.08	12.61	33.11	33.11	33.11	24.08	12.61	17.66	24.08
41	13.19	34.61	25.17	13.19	25.17	34.61	25.17	13.19	34.61	34.61	34.61	25.17	13.19	18.46	25.17
40	13.02	34.18	24.86	13.02	24.86	34.18	24.86	13.02	34.18	34.18	34.18	24.86	13.02	18.23	24.86
22	12.81	33.62	24.45	12.81	24.45	33.62	24.45	12.81	33.62	33.62	33.62	24.45	12.81	17.93	24.45
23	12.82	33.66	24.48	12.82	24.48	33.66	24.48	12.82	33.66	33.66	33.66	24.48	12.82	17.95	24.48
24	12.97	34.05	24.76	12.97	24.76	34.05	24.76	12.97	34.05	34.05	34.05	24.76	12.97	18.16	24.76
25	12.81	33.62	24.45	12.81	24.45	33.62	24.45	12.81	33.62	33.62	33.62	24.45	12.81	17.93	24.45
26	13.09	34.37	25.00	13.09	25.00	34.37	25.00	13.09	34.37	34.37	34.37	25.00	13.09	18.33	25.00
27	12.73	33.41	24.30	12.73	24.30	33.41	24.30	12.73	33.41	33.41	33.41	24.30	12.73	17.82	24.30
28	13.09	34.37	25.00	13.09	25.00	34.37	25.00	13.09	34.37	34.37	34.37	25.00	13.09	18.33	25.00
29	13.26	34.82	25.32	13.26	25.32	34.82	25.32	13.26	34.82	34.82	34.82	25.32	13.26	18.57	25.32
30	13.25	34.78	25.30	13.25	25.30	34.78	25.30	13.25	34.78	34.78	34.78	25.30	13.25	18.55	25.30
32	13.32	34.97	25.43	13.32	25.43	34.97	25.43	13.32	34.97	34.97	34.97	25.43	13.32	18.65	25.43
31	13.33	34.99	25.45	13.33	25.45	34.99	25.45	13.33	34.99	34.99	34.99	25.45	13.33	18.66	25.45
19	12.96	34.01	24.74	12.96	24.74	34.01	24.74	12.96	34.01	34.01	34.01	24.74	12.96	18.14	24.74
17	13.26	34.80	25.31	13.26	25.31	34.80	25.31	13.26	34.80	34.80	34.80	25.31	13.26	18.56	25.31
18	13.01	34.16	24.85	13.01	24.85	34.16	24.85	13.01	34.16	34.16	34.16	24.85	13.01	18.22	24.85
15	12.84	33.69	24.50	12.84	24.50	33.69	24.50	12.84	33.69	33.69	33.69	24.50	12.84	17.97	24.50
16	12.72	33.39	24.29	12.72	24.29	33.39	24.29	12.72	33.39	33.39	33.39	24.29	12.72	17.81	24.29
13	13.29	34.89	25.38	13.29	25.38	34.89	25.38	13.29	34.89	34.89	34.89	25.38	13.29	18.61	25.38
14	13.30	34.91	25.39	13.30	25.39	34.91	25.39	13.30	34.91	34.91	34.91	25.39	13.30	18.62	25.39
11	12.79	33.58	24.42	12.79	24.42	33.58	24.42	12.79	33.58	33.58	33.58	24.42	12.79	17.91	24.42
12	12.80	33.60	24.44	12.80	24.44	33.60	24.44	12.80	33.60	33.60	33.60	24.44	12.80	17.92	24.44
21	13.41	35.21	25.61	13.41	25.61	35.21	25.61	13.41	35.21	35.21	35.21	25.61	13.41	18.78	25.61
20	13.07	34.31	24.95	13.07	24.95	34.31	24.95	13.07	34.31	34.31	34.31	24.95	13.07	18.30	24.95
10	13.54	35.53	25.84	13.54	25.84	35.53	25.84	13.54	35.53	35.53	35.53	25.84	13.54	18.95	25.84
79	12.26	32.18	23.40	12.26	23.40	32.18	23.40	12.26	32.18	32.18	32.18	23.40	12.26	17.16	23.40
78	12.37	32.48	23.62	12.37	23.62	32.48	23.62	12.37	32.48	32.48	32.48	23.62	12.37	17.32	23.62
77	12.94	33.98	24.71	12.94	24.71	33.98	24.71	12.94	33.98	33.98	33.98	24.71	12.94	18.12	24.71
82	12.91	33.88	24.64	12.91	24.64	33.88	24.64	12.91	33.88	33.88	33.88	24.64	12.91	18.07	24.64
83	12.64	33.19	24.14	12.64	24.14	33.19	24.14	12.64	33.19	33.19	33.19	24.14	12.64	17.70	24.14
80	13.21	34.69	25.23	13.21	25.23	34.69	25.23	13.21	34.69	34.69	34.69	25.23	13.21	18.50	25.23
81	13.00	34.13	24.82	13.00	24.82	34.13	24.82	13.00	34.13	34.13	34.13	24.82	13.00	18.20	24.82
86	12.65	33.21	24.15	12.65	24.15	33.21	24.15	12.65	33.21	33.21	33.21	24.15	12.65	17.71	24.15
87	12.40	32.55	23.67	12.40	23.67	32.55	23.67	12.40	32.55	32.55	32.55	23.67	12.40	17.36	23.67
84	13.00	34.13	24.82	13.00	24.82	34.13	24.82	13.00	34.13	34.13	34.13	24.82	13.00	18.20	24.82
85	13.63	35.78	26.02	13.63	26.02	35.78	26.02	13.63	35.78	35.78	35.78	26.02	13.63	19.08	26.02
67	12.94	33.96	24.70	12.94	24.70	33.96	24.70	12.94	33.96	33.96	33.96	24.70	12.94	18.11	24.70
66	13.11	34.41	25.02	13.11	25.02	34.41	25.02	13.11	34.41	34.41	34.41	25.02	13.11	18.35	25.02
69	13.31	34.93	25.40	13.31	25.40	34.93	25.40	13.31	34.93	34.93	34.93	25.40	13.31	18.63	25.40
68	12.88	33.81	24.59	12.88	24.59	33.81	24.59	12.88	33.81	33.81	33.81	24.59	12.88	18.03	24.59
70	12.85	33.73	24.53	12.85	24.53	33.73	24.53	12.85	33.73	33.73	33.73	24.53	12.85	17.99	24.53
71	12.93	33.94	24.68	12.93	24.68	33.94	24.68	12.93	33.94	33.94	33.94	24.68	12.93	18.10	24.68
72	13.51	35.48	25.80	13.51	25.80	35.48	25.80	13.51	35.48	35.48	35.48	25.80	13.51	18.92	25.80
73	13.29	34.88	25.36	13.29	25.36	34.88	25.36	13.29	34.88	34.88	34.88	25.36	13.29	18.60	25.36
74	13.12	34.44	25.05	13.12	25.05	34.44	25.05	13.12	34.44	34.44	34.44	25.05	13.12	18.37	25.05
75	12.79	33.58	24.42	12.79	24.42	33.58	24.42	12.79	33.58	33.58	33.58	24.42	12.79	17.91	24.42
76	12.79	33.58	24.42	12.79	24.42	33.58	24.42	12.79	33.58	33.58	33.58	24.42	12.79	17.91	24.42
59	13.51	35.46	25.79	13.51	25.79	35.46	25.79	13.51	35.46	35.46	35.46	25.79	13.51	18.91	25.79
58	12.53	32.89	23.92	12.53	23.92	32.89	23.92	12.53	32.89	32.89	32.89	23.92	12.53	17.54	23.92
57	13.14	34.48	25.08	13.14	25.08	34.48	25.08	13.14	34.48	34.48	34.48	25.08	13.14	18.39	25.08
56	12.72	33.39	24.29	12.72	24.29	33.39	24.29	12.72	33.39	33.39	33.39	24.29	12.72	17.81	24.29
55	13.19	34.61	25.17	13.19	25.17	34.61	25.17	13.19	34.61	34.61	34.61	25.17	13.19	18.46	25.17
64	12.78	33.54	24.40	12.78	24.40	33.54	24.40	12.78	33.54	33.54	33.54	24.40	12.78	17.89	24.40
65	12.71	33.38	24.27	12.71	24.27	33.38	24.27	12.71	33.38	33.38	33.38	24.27	12.71	17.80	24.27
62	12.96	34.01	24.74	12.96	24.74	34.01	24.74	12.96	34.01	34.01	34.01	24.74	12.96	18.14	24.74
63	13.16	34.56	25.13	13.16	25.13	34.56	25.13	13.16	34.56	34.56	34.56	25.13	13.16	18.43	25.13
60	12.90	33.86	24.63	12.90	24.63	33.86	24.63	12.90	33.86	33.86	33.86	24.63	12.90	18.06	24.63
61	13.09	34.35	24.98	13.09	24.98	34.35	24.98	13.09	34.35	34.35	34.35	24.98	13.09	18.32	24.98
49	13.24	34.74	25.27	13.24	25.27	34.74	25.27	13.24	34.74	34.74	34.74	25.27	13.24	18.53	25.27
48	13.04	34.22	24.89	13.04	24.89	34.22	24.89	13.04	34.22	34.22	34.22	24.89	13.04	18.25	24.89
45	12.44	32.64	23.74	12.44	23.74	32.64	23.74	12.44	32.64	32.64	32.64	23.74	12.44	17.41	23.74
44	12.80	33.60	24.44	12.80	24.44	33.60	24.44	12.80	33.60	33.60	33.60	24.44	12.80	17.92	24.44
47	12.98	34.07	24.78	12.98	24.78	34.07	24.78	12.98	34.07	34.07	34.07	24.78	12.98	18.17	24.78
46	12.93	33.94	24.68	12.93	24.68	33.94	24.68	12.93	33.94	33.94	33.94	24.68	12.93	18.10	24.68
51	12.80	33.60	24.44	12.80	24.44	33.60	24.44	12.80	33.60	33.60	33.60	24.44	12.80	17.92	24.44
52	12.69	33.32	24.23	12.69	24.23	33.32	24.23	12.69	33.32	33.32	33.32	24.23	12.69	17.77	24.23
53	13.28	34.86	25.35	13.28	25.35	34.86	25.35	13.28	34.86	34.86	34.86	25.35	13.28	18.59	25.35
54	13.14	34.50	25.09	13.14	25.09	34.50	25.09	13.14	34.50	34.50	34.50	25.09	13.14	18.40	25.09
50	12.88	33.81	24.59	12.88	24.59	33.81	24.59	12.88	33.81	33.81	33.81	24.59	12.88	18.03	24.59
1001	0.00	0.00	0.00	0.00	0.00	0.00	0.00	0.00	0.00	0.00	0.00	0.00	0.00	0.00	0.00
281	439.69	1154.19	839.41	439.69	839.41	1154.19	839.41	439.69	1154.19	1154.19	1154.19	839.41	439.69	615.57	839.41
487	3.89	10.20	7.42	3.89	7.42	10.20	7.42	3.89	10.20	10.20	10.20	7.42	3.89	5.44	7.42
280	195.05	512.01	372.37	195.05	372.37	512.01	372.37	195.05	512.01	512.01	512.01	372.37	195.05	273.07	372.37
486	3.71	9.73	7.08	3.71	7.08	9.73	7.08	3.71	9.73	9.73	9.73	7.08	3.71	5.19	7.08
485	3.84	10.07	7.32	3.84	7.32	10.07	7.32	3.84	10.07	10.07	10.07	7.32	3.84	5.37	7.32
484	3.79	9.96	7.24	3.79	7.24	9.96	7.24	3.79	9.96	9.96	9.96	7.24	3.79	5.31	7.24
285	329.77	865.65	629.56	329.77	629.56	865.65	629.56	329.77	865.65	865.65	865.65	629.56	329.77	461.68	629.56
284	166.92	438.17	318.67	166.92	318.67	438.17	318.67	166.92	438.17	438.17	438.17	318.67	166.92	233.69	318.67
283	318.70	836.59	608.43	318.70	608.43	836.59	608.43	318.70	836.59	836.59	836.59	608.43	318.70	446.18	608.43
489	3.84	10.07	7.32	3.84	7.32	10.07	7.32	3.84	10.07	10.07	10.07	7.32	3.84	5.37	7.32
282	214.15	562.14	408.83	214.15	408.83	562.14	408.83	214.15	562.14	562.14	562.14	408.83	214.15	299.81	408.83
488	3.50	9.19	6.68	3.50	6.68	9.19	6.68	3.50	9.19	9.19	9.19	6.68	3.50	4.90	6.68
288	452.45	1187.68	863.77	452.45	863.77	1187.68	863.77	452.45	1187.68	1187.68	1187.68	863.77	452.45	633.43	863.77
289	317.36	833.06	605.86	317.36	605.86	833.06	605.86	317.36	833.06	833.06	833.06	605.86	317.36	444.30	605.86
286	461.24	1210.74	880.54	461.24	880.54	1210.74	880.54	461.24	1210.74	1210.74	1210.74	880.54	461.24	645.73	880.54
287	372.06	976.65	710.29	372.06	710.29	976.65	710.29	372.06	976.65	976.65	976.65	710.29	372.06	520.88	710.29
482	3.75	9.84	7.16	3.75	7.16	9.84	7.16	3.75	9.84	9.84	9.84	7.16	3.75	5.25	7.16
483	3.95	10.37	7.54	3.95	7.54	10.37	7.54	3.95	10.37	10.37	10.37	7.54	3.95	5.53	7.54
480	3.49	9.15	6.65	3.49	6.65	9.15	6.65	3.49	9.15	9.15	9.15	6.65	3.49	4.88	6.65
481	3.56	9.34	6.79	3.56	6.79	9.34	6.79	3.56	9.34	9.34	9.34	6.79	3.56	4.98	6.79
474	3.69	9.69	7.05	3.69	7.05	9.69	7.05	3.69	9.69	9.69	9.69	7.05	3.69	5.17	7.05
473	3.44	9.04	6.57	3.44	6.57	9.04	6.57	3.44	9.04	9.04	9.04	6.57	3.44	4.82	6.57
270	440.74	1156.93	841.40	440.74	841.40	1156.93	841.40	440.74	1156.93	1156.93	1156.93	841.40	440.74	617.03	841.40
476	3.89	10.20	7.42	3.89	7.42	10.20	7.42	3.89	10.20	10.20	10.20	7.42	3.89	5.44	7.42
475	4.05	10.63	7.73	4.05	7.73	10.63	7.73	4.05	10.63	10.63	10.63	7.73	4.05	5.67	7.73
272	262.59	689.31	501.31	262.59	501.31	689.31	501.31	262.59	689.31	689.31	689.31	501.31	262.59	367.63	501.31
478	3.81	10.01	7.28	3.81	7.28	10.01	7.28	3.81	10.01	10.01	10.01	7.28	3.81	5.34	7.28
271	173.46	455.33	331.15	173.46	331.15	455.33	331.15	173.46	455.33	455.33	455.33	331.15	173.46	242.84	331.15
477	3.81	9.99	7.27	3.81	7.27	9.99	7.27	3.81	9.99	9.99	9.99	7.27	3.81	5.33	7.27
274	213.29	559.89	407.20	213.29	407.20	559.89	407.20	213.29	559.89	559.89	559.89	407.20	213.29	298.61	407.20
273	205.17	538.58	391.69	205.17	391.69	538.58	391.69	205.17	538.58	538.58	538.58	391.69	205.17	287.24	391.69
479	3.62	9.51	6.91	3.62	6.91	9.51	6.91	3.62	9.51	9.51	9.51	6.91	3.62	5.07	6.91
275	465.26	1221.32	888.23	465.26	888.23	1221.32	888.23	465.26	1221.32	1221.32	1221.32	888.23	465.26	651.37	888.23
276	242.15	635.64	462.29	242.15	462.29	635.64	462.29	242.15	635.64	635.64	635.64	462.29	242.15	339.01	462.29
277	401.05	1052.76	765.64	401.05	765.64	1052.76	765.64	401.05	1052.76	1052.76	1052.76	765.64	401.05	561.47	765.64
278	401.70	1054.46	766.88	401.70	766.88	1054.46	766.88	401.70	1054.46	1054.46	1054.46	766.88	401.70	562.38	766.88
279	400.23	1050.60	764.07	400.23	764.07	1050.60	764.07	400.23	1050.60	1050.60	1050.60	764.07	400.23	560.32	764.07
470	3.79	9.94	7.23	3.79	7.23	9.94	7.23	3.79	9.94	9.94	9.94	7.23	3.79	5.30	7.23
471	3.76	9.86	7.17	3.76	7.17	9.86	7.17	3.76	9.86	9.86	9.86	7.17	3.76	5.26	7.17
472	3.75	9.84	7.16	3.75	7.16	9.84	7.16	3.75	9.84	9.84	9.84	7.16	3.75	5.25	7.16
1000	3.89	10.20	7.42	3.89	7.42	10.20	7.42	3.89	10.20	10.20	10.20	7.42	3.89	5.44	7.42
109	12.79	33.56	24.41	12.79	24.41	33.56	24.41	12.79	33.56	33.56	33.56	24.41	12.79	17.90	24.41
108	13.14	34.48	25.08	13.14	25.08	34.48	25.08	13.14	34.48	34.48	34.48	25.08	13.14	18.39	25.08
107	12.91	33.90	24.65	12.91	24.65	33.90	24.65	12.91	33.90	33.90	33.90	24.65	12.91	18.08	24.65
106	12.95	33.99	24.72	12.95	24.72	33.99	24.72	12.95	33.99	33.99	33.99	24.72	12.95	18.13	24.72
105	13.39	35.14	25.55	13.39	25.55	35.14	25.55	13.39	35.14	35.14	35.14	25.55	13.39	18.74	25.55
104	12.60	33.08	24.05	12.60	24.05	33.08	24.05	12.60	33.08	33.08	33.08	24.05	12.60	17.64	24.05
103	12.85	33.73	24.53	12.85	24.53	33.73	24.53	12.85	33.73	33.73	33.73	24.53	12.85	17.99	24.53
99	13.30	34.91	25.39	13.30	25.39	34.91	25.39	13.30	34.91	34.91	34.91	25.39	13.30	18.62	25.39
102	12.18	31.97	23.25	12.18	23.25	31.97	23.25	12.18	31.97	31.97	31.97	23.25	12.18	17.05	23.25
101	12.66	33.23	24.16	12.66	24.16	33.23	24.16	12.66	33.23	33.23	33.23	24.16	12.66	17.72	24.16
100	13.12	34.44	25.05	13.12	25.05	34.44	25.05	13.12	34.44	34.44	34.44	25.05	13.12	18.37	25.05
98	12.96	34.01	24.74	12.96	24.74	34.01	24.74	12.96	34.01	34.01	34.01	24.74	12.96	18.14	24.74
97	12.93	33.94	24.68	12.93	24.68	33.94	24.68	12.93	33.94	33.94	33.94	24.68	12.93	18.10	24.68
96	12.91	33.90	24.65	12.91	24.65	33.90	24.65	12.91	33.90	33.90	33.90	24.65	12.91	18.08	24.65
95	12.94	33.98	24.71	12.94	24.71	33.98	24.71	12.94	33.98	33.98	33.98	24.71	12.94	18.12	24.71
94	13.09	34.35	24.98	13.09	24.98	34.35	24.98	13.09	34.35	34.35	34.35	24.98	13.09	18.32	24.98
93	13.11	34.41	25.02	13.11	25.02	34.41	25.02	13.11	34.41	34.41	34.41	25.02	13.11	18.35	25.02
92	13.07	34.31	24.95	13.07	24.95	34.31	24.95	13.07	34.31	34.31	34.31	24.95	13.07	18.30	24.95
91	13.07	34.31	24.95	13.07	24.95	34.31	24.95	13.07	34.31	34.31	34.31	24.95	13.07	18.30	24.95
294	331.03	868.95	631.96	331.03	631.96	868.95	631.96	331.03	868.95	868.95	868.95	631.96	331.03	463.44	631.96
90	13.04	34.22	24.89	13.04	24.89	34.22	24.89	13.04	34.22	34.22	34.22	24.89	13.04	18.25	24.89
293	465.76	1222.63	889.19	465.76	889.19	1222.63	889.19	465.76	1222.63	1222.63	1222.63	889.19	465.76	652.07	889.19
499	3.84	10.09	7.34	3.84	7.34	10.09	7.34	3.84	10.09	10.09	10.09	7.34	3.84	5.38	7.34
296	398.34	1045.65	760.47	398.34	760.47	1045.65	760.47	398.34	1045.65	1045.65	1045.65	760.47	398.34	557.68	760.47
295	328.38	861.99	626.90	328.38	626.90	861.99	626.90	328.38	861.99	861.99	861.99	626.90	328.38	459.73	626.90
290	187.53	492.26	358.01	187.53	358.01	492.26	358.01	187.53	492.26	492.26	492.26	358.01	187.53	262.54	358.01
496	3.71	9.73	7.08	3.71	7.08	9.73	7.08	3.71	9.73	9.73	9.73	7.08	3.71	5.19	7.08
495	3.84	10.07	7.32	3.84	7.32	10.07	7.32	3.84	10.07	10.07	10.07	7.32	3.84	5.37	7.32
292	381.37	1001.10	728.07	381.37	728.07	1001.10	728.07	381.37	1001.10	1001.10	1001.10	728.07	381.37	533.92	728.07
498	3.86	10.13	7.36	3.86	7.36	10.13	7.36	3.86	10.13	10.13	10.13	7.36	3.86	5.40	7.36
291	239.78	629.42	457.76	239.78	457.76	629.42	457.76	239.78	629.42	629.42	629.42	457.76	239.78	335.69	457.76
497	3.61	9.49	6.90	3.61	6.90	9.49	6.90	3.61	9.49	9.49	9.49	6.90	3.61	5.06	6.90
491	3.60	9.45	6.87	3.60	6.87	9.45	6.87	3.60	9.45	9.45	9.45	6.87	3.60	5.04	6.87
492	3.66	9.62	7.00	3.66	7.00	9.62	7.00	3.66	9.62	9.62	9.62	7.00	3.66	5.13	7.00
493	3.51	9.21	6.70	3.51	6.70	9.21	6.70	3.51	9.21	9.21	9.21	6.70	3.51	4.91	6.70
494	3.49	9.17	6.67	3.49	6.67	9.17	6.67	3.49	9.17	9.17	9.17	6.67	3.49	4.89	6.67
297	476.93	1251.94	910.50	476.93	910.50	1251.94	910.50	476.93	1251.94	1251.94	1251.94	910.50	476.93	667.70	910.50
298	269.24	706.76	514.01	269.24	514.01	706.76	514.01	269.24	706.76	706.76	706.76	514.01	269.24	376.94	514.01
299	303.72	797.27	579.83	303.72	579.83	797.27	579.83	303.72	797.27	797.27	797.27	579.83	303.72	425.21	579.83
490	3.85	10.11	7.35	3.85	7.35	10.11	7.35	3.85	10.11	10.11	10.11	7.35	3.85	5.39	7.35
88	12.31	32.31	23.50	12.31	23.50	32.31	23.50	12.31	32.31	32.31	32.31	23.50	12.31	17.23	23.50
89	12.58	33.02	24.01	12.58	24.01	33.02	24.01	12.58	33.02	33.02	33.02	24.01	12.58	17.61	24.01
240	250.07	656.44	477.41	250.07	477.41	656.44	477.41	250.07	656.44	656.44	656.44	477.41	250.07	350.10	477.41
241	389.25	1021.78	743.11	389.25	743.11	1021.78	743.11	389.25	1021.78	1021.78	1021.78	743.11	389.25	544.95	743.11
245	176.03	462.08	336.05	176.03	336.05	462.08	336.05	176.03	462.08	462.08	462.08	336.05	176.03	246.44	336.05
244	284.93	747.94	543.95	284.93	543.95	747.94	543.95	284.93	747.94	747.94	747.94	543.95	284.93	398.90	543.95
243	406.16	1066.16	775.39	406.16	775.39	1066.16	775.39	406.16	1066.16	1066.16	1066.16	775.39	406.16	568.62	775.39
242	166.59	437.29	318.03	166.59	318.03	437.29	318.03	166.59	437.29	437.29	437.29	318.03	166.59	233.22	318.03
249	445.36	1169.06	850.23	445.36	850.23	1169.06	850.23	445.36	1169.06	1169.06	1169.06	850.23	445.36	623.50	850.23
248	398.56	1046.23	760.90	398.56	760.90	1046.23	760.90	398.56	1046.23	1046.23	1046.23	760.90	398.56	557.99	760.90
247	219.80	576.98	419.62	219.80	419.62	576.98	419.62	219.80	576.98	576.98	576.98	419.62	219.80	307.72	419.62
246	215.70	566.21	411.79	215.70	411.79	566.21	411.79	215.70	566.21	566.21	566.21	411.79	215.70	301.98	411.79
230	340.83	894.68	650.67	340.83	650.67	894.68	650.67	340.83	894.68	894.68	894.68	650.67	340.83	477.16	650.67
239	457.04	1199.74	872.54	457.04	872.54	1199.74	872.54	457.04	1199.74	1199.74	1199.74	872.54	457.04	639.86	872.54
232	390.41	1024.82	745.32	390.41	745.32	1024.82	745.32	390.41	1024.82	1024.82	1024.82	745.32	390.41	546.57	745.32
231	473.75	1243.59	904.43	473.75	904.43	1243.59	904.43	473.75	1243.59	1243.59	1243.59	904.43	473.75	663.25	904.43
234	465.31	1221.45	888.33	465.31	888.33	1221.45	888.33	465.31	1221.45	1221.45	1221.45	888.33	465.31	651.44	888.33
233	430.71	1130.63	822.27	430.71	822.27	1130.63	822.27	430.71	1130.63	1130.63	1130.63	822.27	430.71	603.00	822.27
236	339.45	891.06	648.04	339.45	648.04	891.06	648.04	339.45	891.06	891.06	891.06	648.04	339.45	475.23	648.04
235	372.86	978.75	711.82	372.86	711.82	978.75	711.82	372.86	978.75	978.75	978.75	711.82	372.86	522.00	711.82
238	475.07	1247.06	906.95	475.07	906.95	1247.06	906.95	475.07	1247.06	1247.06	1247.06	906.95	475.07	665.10	906.95
237	349.74	918.06	667.68	349.74	667.68	918.06	667.68	349.74	918.06	918.06	918.06	667.68	349.74	489.63	667.68
262	492.54	1292.91	940.30	492.54	940.30	1292.91	940.30	492.54	1292.91	1292.91	1292.91	940.30	492.54	689.55	940.30
263	491.92	1291.29	939.12	491.92	939.12	1291.29	939.12	491.92	1291.29	1291.29	1291.29	939.12	491.92	688.69	939.12
260	368.61	967.61	703.72	368.61	703.72	967.61	703.72	368.61	967.61	967.61	967.61	703.72	368.61	516.06	703.72
261	337.29	885.39	643.92	337.29	643.92	885.39	643.92	337.29	885.39	885.39	885.39	643.92	337.29	472.21	643.92
269	374.24	982.39	714.46	374.24	714.46	982.39	714.46	374.24	982.39	982.39	982.39	714.46	374.24	523.94	714.46
268	382.50	1004.06	730.23	382.50	730.23	1004.06	730.23	382.50	1004.06	1004.06	1004.06	730.23	382.50	535.50	730.23
267	356.89	936.83	681.33	356.89	681.33	936.83	681.33	356.89	936.83	936.83	936.83	681.33	356.89	499.64	681.33
266	328.34	861.90	626.84	328.34	626.84	861.90	626.84	328.34	861.90	861.90	861.90	626.84	328.34	459.68	626.84
265	352.32	924.84	672.61	352.32	672.61	924.84	672.61	352.32	924.84	924.84	924.84	672.61	352.32	493.25	672.61
264	411.44	1080.02	785.47	411.44	785.47	1080.02	785.47	411.44	1080.02	1080.02	1080.02	785.47	411.44	576.01	785.47
250	276.91	726.90	528.65	276.91	528.65	726.90	528.65	276.91	726.90	726.90	726.90	528.65	276.91	387.68	528.65
251	215.50	565.69	411.41	215.50	411.41	565.69	411.41	215.50	565.69	565.69	565.69	411.41	215.50	301.70	411.41
252	350.21	919.31	668.59	350.21	668.59	919.31	668.59	350.21	919.31	919.31	919.31	668.59	350.21	490.30	668.59
904	222.66	584.48	425.07	222.66	425.07	584.48	425.07	222.66	584.48	584.48	584.48	425.07	222.66	311.72	425.07
258	438.34	1150.65	836.84	438.34	836.84	1150.65	836.84	438.34	1150.65	1150.65	1150.65	836.84	438.34	613.68	836.84
903	444.67	1167.26	848.92	444.67	848.92	1167.26	848.92	444.67	1167.26	1167.26	1167.26	848.92	444.67	622.54	848.92
257	475.36	1247.81	907.50	475.36	907.50	1247.81	907.50	475.36	1247.81	1247.81	1247.81	907.50	475.36	665.50	907.50
906	239.74	629.33	457.69	239.74	457.69	629.33	457.69	239.74	629.33	629.33	629.33	457.69	239.74	335.64	457.69
905	292.79	768.58	558.97	292.79	558.97	768.58	558.97	292.79	768.58	768.58	768.58	558.97	292.79	409.91	558.97
259	225.21	591.19	429.95	225.21	429.95	591.19	429.95	225.21	591.19	591.19	591.19	429.95	225.21	315.30	429.95
900	344.01	903.02	656.74	344.01	656.74	903.02	656.74	344.01	903.02	903.02	903.02	656.74	344.01	481.61	656.74
254	417.31	1095.45	796.69	417.31	796.69	1095.45	796.69	417.31	1095.45	1095.45	1095.45	796.69	417.31	584.24	796.69
253	180.85	474.73	345.26	180.85	345.26	474.73	345.26	180.85	474.73	474.73	474.73	345.26	180.85	253.19	345.26
902	474.79	1246.33	906.42	474.79	906.42	1246.33	906.42	474.79	1246.33	1246.33	1246.33	906.42	474.79	664.71	906.42
256	384.49	1009.29	734.03	384.49	734.03	1009.29	734.03	384.49	1009.29	1009.29	1009.29	734.03	384.49	538.29	734.03
901	411.85	1081.11	786.26	411.85	786.26	1081.11	786.26	411.85	1081.11	1081.11	1081.11	786.26	411.85	576.59	786.26
255	277.11	727.43	529.04	277.11	529.04	727.43	529.04	277.11	727.43	727.43	727.43	529.04	277.11	387.96	529.04
