35	245.41	644.19	468.50	245.41	468.50	644.19	468.50	245.41	644.19	644.19	644.19	468.50	245.41	343.57	468.50
36	241.44	633.79	460.94	241.44	460.94	633.79	460.94	241.44	633.79	633.79	633.79	460.94	241.44	338.02	460.94
33	303.58	796.89	579.56	303.58	579.56	796.89	579.56	303.58	796.89	796.89	796.89	579.56	303.58	425.01	579.56
34	212.24	557.12	405.18	212.24	405.18	557.12	405.18	212.24	557.12	557.12	557.12	405.18	212.24	297.13	405.18
39	254.74	668.68	486.31	254.74	486.31	668.68	486.31	254.74	668.68	668.68	668.68	486.31	254.74	356.63	486.31
37	390.46	1024.95	745.42	390.46	745.42	1024.95	745.42	390.46	1024.95	1024.95	1024.95	745.42	390.46	546.64	745.42
38	375.67	986.14	717.19	375.67	717.19	986.14	717.19	375.67	986.14	986.14	986.14	717.19	375.67	525.94	717.19
43	394.52	1035.62	753.18	394.52	753.18	1035.62	753.18	394.52	1035.62	1035.62	1035.62	753.18	394.52	552.33	753.18
42	321.58	844.14	613.92	321.58	613.92	844.14	613.92	321.58	844.14	844.14	844.14	613.92	321.58	450.21	613.92
41	244.41	641.59	466.61	244.41	466.61	641.59	466.61	244.41	641.59	641.59	641.59	466.61	244.41	342.18	466.61
40	478.89	1257.09	914.25	478.89	914.25	1257.09	914.25	478.89	1257.09	1257.09	1257.09	914.25	478.89	670.45	914.25
22	13.69	35.94	26.14	13.69	26.14	35.94	26.14	13.69	35.94	35.94	35.94	26.14	13.69	19.17	26.14
23	13.19	34.61	25.17	13.19	25.17	34.61	25.17	13.19	34.61	34.61	34.61	25.17	13.19	18.46	25.17
24	337.19	885.13	643.73	337.19	643.73	885.13	643.73	337.19	885.13	885.13	885.13	643.73	337.19	472.07	643.73
25	230.36	604.69	439.77	230.36	439.77	604.69	439.77	230.36	604.69	604.69	604.69	439.77	230.36	322.50	439.77
26	402.98	1057.82	769.32	402.98	769.32	1057.82	769.32	402.98	1057.82	1057.82	1057.82	769.32	402.98	564.17	769.32
27	317.11	832.41	605.39	317.11	605.39	832.41	605.39	317.11	832.41	832.41	832.41	605.39	317.11	443.95	605.39
28	245.87	645.41	469.39	245.87	469.39	645.41	469.39	245.87	645.41	645.41	645.41	469.39	245.87	344.22	469.39
29	169.76	445.63	324.10	169.76	324.10	445.63	324.10	169.76	445.63	445.63	445.63	324.10	169.76	237.67	324.10
3	13.06	34.29	24.94	13.06	24.94	34.29	24.94	13.06	34.29	34.29	34.29	24.94	13.06	18.29	24.94
2	13.15	34.52	25.10	13.15	25.10	34.52	25.10	13.15	34.52	34.52	34.52	25.10	13.15	18.41	25.10
1	12.66	33.23	24.16	12.66	24.16	33.23	24.16	12.66	33.23	33.23	33.23	24.16	12.66	17.72	24.16
0	0.00	0.00	0.00	0.00	0.00	0.00	0.00	0.00	0.00	0.00	0.00	0.00	0.00	0.00	0.00
30	167.65	440.08	320.06	167.65	320.06	440.08	320.06	167.65	440.08	440.08	440.08	320.06	167.65	234.71	320.06
7	12.90	33.86	24.63	12.90	24.63	33.86	24.63	12.90	33.86	33.86	33.86	24.63	12.90	18.06	24.63
6	12.85	33.73	24.53	12.85	24.53	33.73	24.53	12.85	33.73	33.73	33.73	24.53	12.85	17.99	24.53
32	176.39	463.01	336.74	176.39	336.74	463.01	336.74	176.39	463.01	463.01	463.01	336.74	176.39	246.94	336.74
5	13.38	35.12	25.54	13.38	25.54	35.12	25.54	13.38	35.12	35.12	35.12	25.54	13.38	18.73	25.54
31	344.82	905.16	658.30	344.82	658.30	905.16	658.30	344.82	905.16	905.16	905.16	658.30	344.82	482.75	658.30
4	13.11	34.43	25.04	13.11	25.04	34.43	25.04	13.11	34.43	34.43	34.43	25.04	13.11	18.36	25.04
9	12.99	34.09	24.79	12.99	24.79	34.09	24.79	12.99	34.09	34.09	34.09	24.79	12.99	18.18	24.79
8	13.54	35.55	25.85	13.54	25.85	35.55	25.85	13.54	35.55	35.55	35.55	25.85	13.54	18.96	25.85
19	12.75	33.47	24.34	12.75	24.34	33.47	24.34	12.75	33.47	33.47	33.47	24.34	12.75	17.85	24.34
17	13.38	35.12	25.54	13.38	25.54	35.12	25.54	13.38	35.12	35.12	35.12	25.54	13.38	18.73	25.54
18	12.93	33.94	24.68	12.93	24.68	33.94	24.68	12.93	33.94	33.94	33.94	24.68	12.93	18.10	24.68
15	13.64	35.79	26.03	13.64	26.03	35.79	26.03	13.64	35.79	35.79	35.79	26.03	13.64	19.09	26.03
16	13.34	35.03	25.47	13.34	25.47	35.03	25.47	13.34	35.03	35.03	35.03	25.47	13.34	18.68	25.47
13	12.79	33.58	24.42	12.79	24.42	33.58	24.42	12.79	33.58	33.58	33.58	24.42	12.79	17.91	24.42
14	12.86	33.75	24.55	12.86	24.55	33.75	24.55	12.86	33.75	33.75	33.75	24.55	12.86	18.00	24.55
11	13.46	35.33	25.69	13.46	25.69	35.33	25.69	13.46	35.33	35.33	35.33	25.69	13.46	18.84	25.69
12	12.39	32.51	23.65	12.39	23.65	32.51	23.65	12.39	32.51	32.51	32.51	23.65	12.39	17.34	23.65
21	13.11	34.41	25.02	13.11	25.02	34.41	25.02	13.11	34.41	34.41	34.41	25.02	13.11	18.35	25.02
20	13.11	34.41	25.02	13.11	25.02	34.41	25.02	13.11	34.41	34.41	34.41	25.02	13.11	18.35	25.02
99	3.90	10.24	7.45	3.90	7.45	10.24	7.45	3.90	10.24	10.24	10.24	7.45	3.90	5.46	7.45
101	0.00	0.00	0.00	0.00	0.00	0.00	0.00	0.00	0.00	0.00	0.00	0.00	0.00	0.00	0.00
100	3.49	9.17	6.67	3.49	6.67	9.17	6.67	3.49	9.17	9.17	9.17	6.67	3.49	4.89	6.67
98	3.72	9.77	7.10	3.72	7.10	9.77	7.10	3.72	9.77	9.77	9.77	7.10	3.72	5.21	7.10
97	356.38	935.49	680.36	356.38	680.36	935.49	680.36	356.38	935.49	935.49	935.49	680.36	356.38	498.93	680.36
96	183.21	480.92	349.76	183.21	349.76	480.92	349.76	183.21	480.92	480.92	480.92	349.76	183.21	256.49	349.76
95	315.26	827.55	601.85	315.26	601.85	827.55	601.85	315.26	827.55	827.55	827.55	601.85	315.26	441.36	601.85
94	358.64	941.44	684.68	358.64	684.68	941.44	684.68	358.64	941.44	941.44	941.44	684.68	358.64	502.10	684.68
93	244.21	641.04	466.21	244.21	466.21	641.04	466.21	244.21	641.04	641.04	641.04	466.21	244.21	341.89	466.21
92	219.49	576.15	419.02	219.49	419.02	576.15	419.02	219.49	576.15	576.15	576.15	419.02	219.49	307.28	419.02
91	363.90	955.24	694.72	363.90	694.72	955.24	694.72	363.90	955.24	955.24	955.24	694.72	363.90	509.46	694.72
90	311.69	818.18	595.04	311.69	595.04	818.18	595.04	311.69	818.18	818.18	818.18	595.04	311.69	436.36	595.04
10	13.03	34.20	24.87	13.03	24.87	34.20	24.87	13.03	34.20	34.20	34.20	24.87	13.03	18.24	24.87
88	322.20	845.78	615.11	322.20	615.11	845.78	615.11	322.20	845.78	845.78	845.78	615.11	322.20	451.08	615.11
89	232.39	610.03	443.66	232.39	443.66	610.03	443.66	232.39	610.03	610.03	610.03	443.66	232.39	325.35	443.66
79	357.54	938.53	682.57	357.54	682.57	938.53	682.57	357.54	938.53	938.53	938.53	682.57	357.54	500.55	682.57
78	303.29	796.14	579.01	303.29	579.01	796.14	579.01	303.29	796.14	796.14	796.14	579.01	303.29	424.61	579.01
77	340.54	893.91	650.11	340.54	650.11	893.91	650.11	340.54	893.91	893.91	893.91	650.11	340.54	476.75	650.11
82	379.89	997.22	725.25	379.89	725.25	997.22	725.25	379.89	997.22	997.22	997.22	725.25	379.89	531.85	725.25
83	263.88	692.68	503.77	263.88	503.77	692.68	503.77	263.88	692.68	692.68	692.68	503.77	263.88	369.43	503.77
80	212.40	557.55	405.49	212.40	405.49	557.55	405.49	212.40	557.55	557.55	557.55	405.49	212.40	297.36	405.49
81	200.31	525.81	382.40	200.31	382.40	525.81	382.40	200.31	525.81	525.81	525.81	382.40	200.31	280.43	382.40
86	448.69	1177.82	856.60	448.69	856.60	1177.82	856.60	448.69	1177.82	1177.82	1177.82	856.60	448.69	628.17	856.60
87	438.92	1152.17	837.94	438.92	837.94	1152.17	837.94	438.92	1152.17	1152.17	1152.17	837.94	438.92	614.49	837.94
84	301.13	790.46	574.88	301.13	574.88	790.46	574.88	301.13	790.46	790.46	790.46	574.88	301.13	421.58	574.88
85	357.94	939.58	683.33	357.94	683.33	939.58	683.33	357.94	939.58	939.58	939.58	683.33	357.94	501.11	683.33
67	3.34	8.76	6.37	3.34	6.37	8.76	6.37	3.34	8.76	8.76	8.76	6.37	3.34	4.67	6.37
66	3.69	9.68	7.04	3.69	7.04	9.68	7.04	3.69	9.68	9.68	9.68	7.04	3.69	5.16	7.04
69	4.04	10.59	7.70	4.04	7.70	10.59	7.70	4.04	10.59	10.59	10.59	7.70	4.04	5.65	7.70
68	3.67	9.64	7.01	3.67	7.01	9.64	7.01	3.67	9.64	9.64	9.64	7.01	3.67	5.14	7.01
70	3.91	10.28	7.47	3.91	7.47	10.28	7.47	3.91	10.28	10.28	10.28	7.47	3.91	5.48	7.47
71	3.71	9.75	7.09	3.71	7.09	9.75	7.09	3.71	9.75	9.75	9.75	7.09	3.71	5.20	7.09
72	3.67	9.64	7.01	3.67	7.01	9.64	7.01	3.67	9.64	9.64	9.64	7.01	3.67	5.14	7.01
73	3.80	9.98	7.25	3.80	7.25	9.98	7.25	3.80	9.98	9.98	9.98	7.25	3.80	5.32	7.25
74	322.47	846.49	615.63	322.47	615.63	846.49	615.63	322.47	846.49	846.49	846.49	615.63	322.47	451.46	615.63
75	419.54	1101.30	800.95	419.54	800.95	1101.30	800.95	419.54	1101.30	1101.30	1101.30	800.95	419.54	587.36	800.95
76	440.56	1156.48	841.08	440.56	841.08	1156.48	841.08	440.56	1156.48	1156.48	1156.48	841.08	440.56	616.79	841.08
59	3.04	7.97	5.80	3.04	5.80	7.97	5.80	3.04	7.97	7.97	7.97	5.80	3.04	4.25	5.80
58	3.75	9.84	7.16	3.75	7.16	9.84	7.16	3.75	9.84	9.84	9.84	7.16	3.75	5.25	7.16
57	3.89	10.20	7.42	3.89	7.42	10.20	7.42	3.89	10.20	10.20	10.20	7.42	3.89	5.44	7.42
56	3.61	9.49	6.90	3.61	6.90	9.49	6.90	3.61	9.49	9.49	9.49	6.90	3.61	5.06	6.90
55	3.33	8.74	6.35	3.33	6.35	8.74	6.35	3.33	8.74	8.74	8.74	6.35	3.33	4.66	6.35
64	3.81	10.01	7.28	3.81	7.28	10.01	7.28	3.81	10.01	10.01	10.01	7.28	3.81	5.34	7.28
65	3.36	8.83	6.42	3.36	6.42	8.83	6.42	3.36	8.83	8.83	8.83	6.42	3.36	4.71	6.42
62	3.05	8.01	5.82	3.05	5.82	8.01	5.82	3.05	8.01	8.01	8.01	5.82	3.05	4.27	5.82
63	3.11	8.16	5.93	3.11	5.93	8.16	5.93	3.11	8.16	8.16	8.16	5.93	3.11	4.35	5.93
60	3.76	9.88	7.19	3.76	7.19	9.88	7.19	3.76	9.88	9.88	9.88	7.19	3.76	5.27	7.19
61	3.51	9.21	6.70	3.51	6.70	9.21	6.70	3.51	9.21	9.21	9.21	6.70	3.51	4.91	6.70
49	3.29	8.64	6.29	3.29	6.29	8.64	6.29	3.29	8.64	8.64	8.64	6.29	3.29	4.61	6.29
48	4.06	10.65	7.75	4.06	7.75	10.65	7.75	4.06	10.65	10.65	10.65	7.75	4.06	5.68	7.75
45	298.65	783.96	570.15	298.65	570.15	783.96	570.15	298.65	783.96	783.96	783.96	570.15	298.65	418.11	570.15
44	389.58	1022.64	743.74	389.58	743.74	1022.64	743.74	389.58	1022.64	1022.64	1022.64	743.74	389.58	545.41	743.74
47	3.90	10.24	7.45	3.90	7.45	10.24	7.45	3.90	10.24	10.24	10.24	7.45	3.90	5.46	7.45
46	369.19	969.13	704.82	369.19	704.82	969.13	704.82	369.19	969.13	969.13	969.13	704.82	369.19	516.87	704.82
51	4.16	10.91	7.94	4.16	7.94	10.91	7.94	4.16	10.91	10.91	10.91	7.94	4.16	5.82	7.94
52	3.84	10.09	7.34	3.84	7.34	10.09	7.34	3.84	10.09	10.09	10.09	7.34	3.84	5.38	7.34
53	3.72	9.77	7.10	3.72	7.10	9.77	7.10	3.72	9.77	9.77	9.77	7.10	3.72	5.21	7.10
54	3.23	8.48	6.16	3.23	6.16	8.48	6.16	3.23	8.48	8.48	8.48	6.16	3.23	4.52	6.16
50	3.51	9.23	6.71	3.51	6.71	9.23	6.71	3.51	9.23	9.23	9.23	6.71	3.51	4.92	6.71
