2041.38	333413.66	24445.42	1.29	3.0	24694.5	
2041.38	3.33	24514.57	1.48	3.0	24694.5	
2043.14	3.33	24527.04	1.29	3.0	24694.5	
2043.14	3.33	8231.50	2.80	24694.50	1.30	3.0	24694.5	
8231.50	2.80	24511.87	1.56	3.0	24694.5	
2043.61	3.33	24477.73	1.29	3.0	24694.5	
2043.61	3.33	24477.73	1.29	3.0	24694.5	
2041.38	333413.66	24445.42	1.29	3.0	24694.5	
2041.38	3.33	24514.57	1.48	3.0	24694.5	
2043.14	3.33	24527.04	1.29	3.0	24694.5	
2043.14	3.33	8231.50	2.80	24694.50	1.30	3.0	24694.5	
8231.50	2.80	24511.87	1.56	3.0	24694.5	
2043.61	3.33	24477.73	1.29	3.0	24694.5	
2043.61	3.33	24477.73	1.29	3.0	24694.5	
2041.38	333413.66	24445.42	1.29	3.0	24694.5	
2041.38	3.33	24514.57	1.48	3.0	24694.5	
2043.14	3.33	24527.04	1.29	3.0	24694.5	
2043.14	3.33	8231.50	2.80	24694.50	1.30	3.0	24694.5	
8231.50	2.80	24511.87	1.56	3.0	24694.5	
2043.61	3.33	24477.73	1.29	3.0	24694.5	
2043.61	3.33	24477.73	1.29	3.0	24694.5	
2041.38	333413.66	24445.42	1.29	3.0	24694.5	
2041.38	3.33	24514.57	1.48	3.0	24694.5	
2043.14	3.33	24527.04	1.29	3.0	24694.5	
2043.14	3.33	8231.50	2.80	24694.50	1.30	3.0	24694.5	
8231.50	2.80	24511.87	1.56	3.0	24694.5	
2043.61	3.33	24477.73	1.29	3.0	24694.5	
2043.61	3.33	24477.73	1.29	3.0	24694.5	
2041.38	333413.66	24445.42	1.29	3.0	24694.5	
2041.38	3.33	24514.57	1.48	3.0	24694.5	
2043.14	3.33	24527.04	1.29	3.0	24694.5	
2043.14	3.33	8231.50	2.80	24694.50	1.30	3.0	24694.5	
8231.50	2.80	24511.87	1.56	3.0	24694.5	
2043.61	3.33	24477.73	1.29	3.0	24694.5	
2043.61	3.33	24477.73	1.29	3.0	24694.5	
2041.38	333413.66	24445.42	1.29	3.0	24694.5	
2041.38	3.33	24514.57	1.48	3.0	24694.5	
2043.14	3.33	24527.04	1.29	3.0	24694.5	
2043.14	3.33	8231.50	2.80	24694.50	1.30	3.0	24694.5	
8231.50	2.80	24511.87	1.56	3.0	24694.5	
2043.61	3.33	24477.73	1.29	3.0	24694.5	
2043.61	3.33	24477.73	1.29	3.0	24694.5	
2041.38	333413.66	24445.42	1.29	3.0	24694.5	
2041.38	3.33	24514.57	1.48	3.0	24694.5	
2043.14	3.33	24527.04	1.29	3.0	24694.5	
2043.14	3.33	8231.50	2.80	24694.50	1.30	3.0	24694.5	
8231.50	2.80	24511.87	1.56	3.0	24694.5	
2043.61	3.33	24477.73	1.29	3.0	24694.5	
2043.61	3.33	24477.73	1.29	3.0	24694.5	
2041.38	333413.66	24445.42	1.29	3.0	24694.5	
2041.38	3.33	24514.57	1.48	3.0	24694.5	
2043.14	3.33	24527.04	1.29	3.0	24694.5	
2043.14	3.33	8231.50	2.80	24694.50	1.30	3.0	24694.5	
8231.50	2.80	24511.87	1.56	3.0	24694.5	
2043.61	3.33	24477.73	1.29	3.0	24694.5	
2043.61	3.33	24477.73	1.29	3.0	24694.5	
2041.38	333413.66	24445.42	1.29	3.0	24694.5	
2041.38	3.33	24514.57	1.48	3.0	24694.5	
2043.14	3.33	24527.04	1.29	3.0	24694.5	
2043.14	3.33	8231.50	2.80	24694.50	1.30	3.0	24694.5	
8231.50	2.80	24511.87	1.56	3.0	24694.5	
2043.61	3.33	24477.73	1.29	3.0	24694.5	
2043.61	3.33	24477.73	1.29	3.0	24694.5	
1010.98	325755.79	24678.34	1.22	3.0	24694.5	
1010.98	3.26	24634.81	1.26	3.0	24694.5	
1009.79	3.26	24662.73	1.22	3.0	24694.5	
1009.79	3.26	8231.50	2.87	24689.08	1.22	3.0	24694.5	
8231.50	2.87	24639.05	1.26	3.0	24694.5	
1009.94	3.26	24670.69	1.22	3.0	24694.5	
1009.94	3.26	24670.69	1.22	3.0	24694.5	
1010.98	325755.79	24678.34	1.22	3.0	24694.5	
1010.98	3.26	24634.81	1.26	3.0	24694.5	
1009.79	3.26	24662.73	1.22	3.0	24694.5	
1009.79	3.26	8231.50	2.87	24689.08	1.22	3.0	24694.5	
8231.50	2.87	24639.05	1.26	3.0	24694.5	
1009.94	3.26	24670.69	1.22	3.0	24694.5	
1009.94	3.26	24670.69	1.22	3.0	24694.5	
1010.98	325755.79	24678.34	1.22	3.0	24694.5	
1010.98	3.26	24634.81	1.26	3.0	24694.5	
1009.79	3.26	24662.73	1.22	3.0	24694.5	
1009.79	3.26	8231.50	2.87	24689.08	1.22	3.0	24694.5	
8231.50	2.87	24639.05	1.26	3.0	24694.5	
1009.94	3.26	24670.69	1.22	3.0	24694.5	
1009.94	3.26	24670.69	1.22	3.0	24694.5	
1010.98	325755.79	24678.34	1.22	3.0	24694.5	
1010.98	3.26	24634.81	1.26	3.0	24694.5	
1009.79	3.26	24662.73	1.22	3.0	24694.5	
1009.79	3.26	8231.50	2.87	24689.08	1.22	3.0	24694.5	
8231.50	2.87	24639.05	1.26	3.0	24694.5	
1009.94	3.26	24670.69	1.22	3.0	24694.5	
1009.94	3.26	24670.69	1.22	3.0	24694.5	
1010.98	325755.79	24678.34	1.22	3.0	24694.5	
1010.98	3.26	24634.81	1.26	3.0	24694.5	
1009.79	3.26	24662.73	1.22	3.0	24694.5	
1009.79	3.26	8231.50	2.87	24689.08	1.22	3.0	24694.5	
8231.50	2.87	24639.05	1.26	3.0	24694.5	
1009.94	3.26	24670.69	1.22	3.0	24694.5	
1009.94	3.26	24670.69	1.22	3.0	24694.5	
1010.98	325755.79	24678.34	1.22	3.0	24694.5	
1010.98	3.26	24634.81	1.26	3.0	24694.5	
1009.79	3.26	24662.73	1.22	3.0	24694.5	
1009.79	3.26	8231.50	2.87	24689.08	1.22	3.0	24694.5	
8231.50	2.87	24639.05	1.26	3.0	24694.5	
1009.94	3.26	24670.69	1.22	3.0	24694.5	
1009.94	3.26	24670.69	1.22	3.0	24694.5	
1010.98	325755.79	24678.34	1.22	3.0	24694.5	
1010.98	3.26	24634.81	1.26	3.0	24694.5	
1009.79	3.26	24662.73	1.22	3.0	24694.5	
1009.79	3.26	8231.50	2.87	24689.08	1.22	3.0	24694.5	
8231.50	2.87	24639.05	1.26	3.0	24694.5	
1009.94	3.26	24670.69	1.22	3.0	24694.5	
1009.94	3.26	24670.69	1.22	3.0	24694.5	
1010.98	325755.79	24678.34	1.22	3.0	24694.5	
1010.98	3.26	24634.81	1.26	3.0	24694.5	
1009.79	3.26	24662.73	1.22	3.0	24694.5	
1009.79	3.26	8231.50	2.87	24689.08	1.22	3.0	24694.5	
8231.50	2.87	24639.05	1.26	3.0	24694.5	
1009.94	3.26	24670.69	1.22	3.0	24694.5	
1009.94	3.26	24670.69	1.22	3.0	24694.5	
1010.98	325755.79	24678.34	1.22	3.0	24694.5	
1010.98	3.26	24634.81	1.26	3.0	24694.5	
1009.79	3.26	24662.73	1.22	3.0	24694.5	
1009.79	3.26	8231.50	2.87	24689.08	1.22	3.0	24694.5	
8231.50	2.87	24639.05	1.26	3.0	24694.5	
1009.94	3.26	24670.69	1.22	3.0	24694.5	
1009.94	3.26	24670.69	1.22	3.0	24694.5	
942.14	446160.85	24667.87	1.04	3.0	24694.5	
942.14	4.46	24684.98	1.04	3.0	24694.5	
946.12	4.47	24691.65	1.04	3.0	24694.5	
946.12	4.47	8231.50	2.56	24679.41	1.04	3.0	24694.5	
8231.50	2.56	24689.67	1.16	3.0	24694.5	
946.56	4.46	24661.15	1.04	3.0	24694.5	
946.56	4.46	24661.15	1.04	3.0	24694.5	
942.14	446160.85	24667.87	1.04	3.0	24694.5	
942.14	4.46	24684.98	1.04	3.0	24694.5	
946.12	4.47	24691.65	1.04	3.0	24694.5	
946.12	4.47	8231.50	2.56	24679.41	1.04	3.0	24694.5	
8231.50	2.56	24689.67	1.16	3.0	24694.5	
946.56	4.46	24661.15	1.04	3.0	24694.5	
946.56	4.46	24661.15	1.04	3.0	24694.5	
942.14	446160.85	24667.87	1.04	3.0	24694.5	
942.14	4.46	24684.98	1.04	3.0	24694.5	
946.12	4.47	24691.65	1.04	3.0	24694.5	
946.12	4.47	8231.50	2.56	24679.41	1.04	3.0	24694.5	
8231.50	2.56	24689.67	1.16	3.0	24694.5	
946.56	4.46	24661.15	1.04	3.0	24694.5	
946.56	4.46	24661.15	1.04	3.0	24694.5	
942.14	446160.85	24667.87	1.04	3.0	24694.5	
942.14	4.46	24684.98	1.04	3.0	24694.5	
946.12	4.47	24691.65	1.04	3.0	24694.5	
946.12	4.47	8231.50	2.56	24679.41	1.04	3.0	24694.5	
8231.50	2.56	24689.67	1.16	3.0	24694.5	
946.56	4.46	24661.15	1.04	3.0	24694.5	
946.56	4.46	24661.15	1.04	3.0	24694.5	
942.14	446160.85	24667.87	1.04	3.0	24694.5	
942.14	4.46	24684.98	1.04	3.0	24694.5	
946.12	4.47	24691.65	1.04	3.0	24694.5	
946.12	4.47	8231.50	2.56	24679.41	1.04	3.0	24694.5	
8231.50	2.56	24689.67	1.16	3.0	24694.5	
946.56	4.46	24661.15	1.04	3.0	24694.5	
946.56	4.46	24661.15	1.04	3.0	24694.5	
942.14	446160.85	24667.87	1.04	3.0	24694.5	
942.14	4.46	24684.98	1.04	3.0	24694.5	
946.12	4.47	24691.65	1.04	3.0	24694.5	
946.12	4.47	8231.50	2.56	24679.41	1.04	3.0	24694.5	
8231.50	2.56	24689.67	1.16	3.0	24694.5	
946.56	4.46	24661.15	1.04	3.0	24694.5	
946.56	4.46	24661.15	1.04	3.0	24694.5	
942.14	446160.85	24667.87	1.04	3.0	24694.5	
942.14	4.46	24684.98	1.04	3.0	24694.5	
946.12	4.47	24691.65	1.04	3.0	24694.5	
946.12	4.47	8231.50	2.56	24679.41	1.04	3.0	24694.5	
8231.50	2.56	24689.67	1.16	3.0	24694.5	
946.56	4.46	24661.15	1.04	3.0	24694.5	
946.56	4.46	24661.15	1.04	3.0	24694.5	
942.14	446160.85	24667.87	1.04	3.0	24694.5	
942.14	4.46	24684.98	1.04	3.0	24694.5	
946.12	4.47	24691.65	1.04	3.0	24694.5	
946.12	4.47	8231.50	2.56	24679.41	1.04	3.0	24694.5	
8231.50	2.56	24689.67	1.16	3.0	24694.5	
946.56	4.46	24661.15	1.04	3.0	24694.5	
946.56	4.46	24661.15	1.04	3.0	24694.5	
942.14	446160.85	24667.87	1.04	3.0	24694.5	
942.14	4.46	24684.98	1.04	3.0	24694.5	
946.12	4.47	24691.65	1.04	3.0	24694.5	
946.12	4.47	8231.50	2.56	24679.41	1.04	3.0	24694.5	
8231.50	2.56	24689.67	1.16	3.0	24694.5	
946.56	4.46	24661.15	1.04	3.0	24694.5	
946.56	4.46	24661.15	1.04	3.0	24694.5	
582.03	353375.94	24674.61	1.12	3.0	24694.5	
582.03	3.53	24530.28	1.20	3.0	24694.5	
584.25	3.53	24693.46	1.12	3.0	24694.5	
584.25	3.53	8231.50	2.65	24688.95	1.14	3.0	24694.5	
8231.50	2.65	24544.53	1.37	3.0	24694.5	
579.60	3.53	24693.36	1.12	3.0	24694.5	
579.60	3.53	24693.36	1.12	3.0	24694.5	
582.03	353375.94	24674.61	1.12	3.0	24694.5	
582.03	3.53	24530.28	1.20	3.0	24694.5	
584.25	3.53	24693.46	1.12	3.0	24694.5	
584.25	3.53	8231.50	2.65	24688.95	1.14	3.0	24694.5	
8231.50	2.65	24544.53	1.37	3.0	24694.5	
579.60	3.53	24693.36	1.12	3.0	24694.5	
579.60	3.53	24693.36	1.12	3.0	24694.5	
582.03	353375.94	24674.61	1.12	3.0	24694.5	
582.03	3.53	24530.28	1.20	3.0	24694.5	
584.25	3.53	24693.46	1.12	3.0	24694.5	
584.25	3.53	8231.50	2.65	24688.95	1.14	3.0	24694.5	
8231.50	2.65	24544.53	1.37	3.0	24694.5	
579.60	3.53	24693.36	1.12	3.0	24694.5	
579.60	3.53	24693.36	1.12	3.0	24694.5	
582.03	353375.94	24674.61	1.12	3.0	24694.5	
582.03	3.53	24530.28	1.20	3.0	24694.5	
584.25	3.53	24693.46	1.12	3.0	24694.5	
584.25	3.53	8231.50	2.65	24688.95	1.14	3.0	24694.5	
8231.50	2.65	24544.53	1.37	3.0	24694.5	
579.60	3.53	24693.36	1.12	3.0	24694.5	
579.60	3.53	24693.36	1.12	3.0	24694.5	
582.03	353375.94	24674.61	1.12	3.0	24694.5	
582.03	3.53	24530.28	1.20	3.0	24694.5	
584.25	3.53	24693.46	1.12	3.0	24694.5	
584.25	3.53	8231.50	2.65	24688.95	1.14	3.0	24694.5	
8231.50	2.65	24544.53	1.37	3.0	24694.5	
579.60	3.53	24693.36	1.12	3.0	24694.5	
579.60	3.53	24693.36	1.12	3.0	24694.5	
582.03	353375.94	24674.61	1.12	3.0	24694.5	
582.03	3.53	24530.28	1.20	3.0	24694.5	
584.25	3.53	24693.46	1.12	3.0	24694.5	
584.25	3.53	8231.50	2.65	24688.95	1.14	3.0	24694.5	
8231.50	2.65	24544.53	1.37	3.0	24694.5	
579.60	3.53	24693.36	1.12	3.0	24694.5	
579.60	3.53	24693.36	1.12	3.0	24694.5	
582.03	353375.94	24674.61	1.12	3.0	24694.5	
582.03	3.53	24530.28	1.20	3.0	24694.5	
584.25	3.53	24693.46	1.12	3.0	24694.5	
584.25	3.53	8231.50	2.65	24688.95	1.14	3.0	24694.5	
8231.50	2.65	24544.53	1.37	3.0	24694.5	
579.60	3.53	24693.36	1.12	3.0	24694.5	
579.60	3.53	24693.36	1.12	3.0	24694.5	
582.03	353375.94	24674.61	1.12	3.0	24694.5	
582.03	3.53	24530.28	1.20	3.0	24694.5	
584.25	3.53	24693.46	1.12	3.0	24694.5	
584.25	3.53	8231.50	2.65	24688.95	1.14	3.0	24694.5	
8231.50	2.65	24544.53	1.37	3.0	24694.5	
579.60	3.53	24693.36	1.12	3.0	24694.5	
579.60	3.53	24693.36	1.12	3.0	24694.5	
582.03	353375.94	24674.61	1.12	3.0	24694.5	
582.03	3.53	24530.28	1.20	3.0	24694.5	
584.25	3.53	24693.46	1.12	3.0	24694.5	
584.25	3.53	8231.50	2.65	24688.95	1.14	3.0	24694.5	
8231.50	2.65	24544.53	1.37	3.0	24694.5	
579.60	3.53	24693.36	1.12	3.0	24694.5	
579.60	3.53	24693.36	1.12	3.0	24694.5	
543.34	397891.83	24675.92	1.24	3.0	24694.5	
543.34	3.98	24653.33	1.24	3.0	24694.5	
546.48	3.98	24671.27	1.24	3.0	24694.5	
546.48	3.98	8231.50	2.87	24686.82	1.25	3.0	24694.5	
8231.50	2.87	24671.15	1.26	3.0	24694.5	
544.94	3.99	24691.27	1.24	3.0	24694.5	
544.94	3.99	24691.27	1.24	3.0	24694.5	
543.34	397891.83	24675.92	1.24	3.0	24694.5	
543.34	3.98	24653.33	1.24	3.0	24694.5	
546.48	3.98	24671.27	1.24	3.0	24694.5	
546.48	3.98	8231.50	2.87	24686.82	1.25	3.0	24694.5	
8231.50	2.87	24671.15	1.26	3.0	24694.5	
544.94	3.99	24691.27	1.24	3.0	24694.5	
544.94	3.99	24691.27	1.24	3.0	24694.5	
543.34	397891.83	24675.92	1.24	3.0	24694.5	
543.34	3.98	24653.33	1.24	3.0	24694.5	
546.48	3.98	24671.27	1.24	3.0	24694.5	
546.48	3.98	8231.50	2.87	24686.82	1.25	3.0	24694.5	
8231.50	2.87	24671.15	1.26	3.0	24694.5	
544.94	3.99	24691.27	1.24	3.0	24694.5	
544.94	3.99	24691.27	1.24	3.0	24694.5	
543.34	397891.83	24675.92	1.24	3.0	24694.5	
543.34	3.98	24653.33	1.24	3.0	24694.5	
546.48	3.98	24671.27	1.24	3.0	24694.5	
546.48	3.98	8231.50	2.87	24686.82	1.25	3.0	24694.5	
8231.50	2.87	24671.15	1.26	3.0	24694.5	
544.94	3.99	24691.27	1.24	3.0	24694.5	
544.94	3.99	24691.27	1.24	3.0	24694.5	
543.34	397891.83	24675.92	1.24	3.0	24694.5	
543.34	3.98	24653.33	1.24	3.0	24694.5	
546.48	3.98	24671.27	1.24	3.0	24694.5	
546.48	3.98	8231.50	2.87	24686.82	1.25	3.0	24694.5	
8231.50	2.87	24671.15	1.26	3.0	24694.5	
544.94	3.99	24691.27	1.24	3.0	24694.5	
544.94	3.99	24691.27	1.24	3.0	24694.5	
543.34	397891.83	24675.92	1.24	3.0	24694.5	
543.34	3.98	24653.33	1.24	3.0	24694.5	
546.48	3.98	24671.27	1.24	3.0	24694.5	
546.48	3.98	8231.50	2.87	24686.82	1.25	3.0	24694.5	
8231.50	2.87	24671.15	1.26	3.0	24694.5	
544.94	3.99	24691.27	1.24	3.0	24694.5	
544.94	3.99	24691.27	1.24	3.0	24694.5	
543.34	397891.83	24675.92	1.24	3.0	24694.5	
543.34	3.98	24653.33	1.24	3.0	24694.5	
546.48	3.98	24671.27	1.24	3.0	24694.5	
546.48	3.98	8231.50	2.87	24686.82	1.25	3.0	24694.5	
8231.50	2.87	24671.15	1.26	3.0	24694.5	
544.94	3.99	24691.27	1.24	3.0	24694.5	
544.94	3.99	24691.27	1.24	3.0	24694.5	
543.34	397891.83	24675.92	1.24	3.0	24694.5	
543.34	3.98	24653.33	1.24	3.0	24694.5	
546.48	3.98	24671.27	1.24	3.0	24694.5	
546.48	3.98	8231.50	2.87	24686.82	1.25	3.0	24694.5	
8231.50	2.87	24671.15	1.26	3.0	24694.5	
544.94	3.99	24691.27	1.24	3.0	24694.5	
544.94	3.99	24691.27	1.24	3.0	24694.5	
543.34	397891.83	24675.92	1.24	3.0	24694.5	
543.34	3.98	24653.33	1.24	3.0	24694.5	
546.48	3.98	24671.27	1.24	3.0	24694.5	
546.48	3.98	8231.50	2.87	24686.82	1.25	3.0	24694.5	
8231.50	2.87	24671.15	1.26	3.0	24694.5	
544.94	3.99	24691.27	1.24	3.0	24694.5	
544.94	3.99	24691.27	1.24	3.0	24694.5	
486.47	429476.77	24670.35	1.12	3.0	24694.5	
486.47	4.29	24475.07	1.15	3.0	24694.5	
489.27	4.29	24670.20	1.12	3.0	24694.5	
489.27	4.29	8231.50	2.93	24689.08	1.13	3.0	24694.5	
8231.50	2.93	24554.10	1.21	3.0	24694.5	
489.50	4.30	24683.19	1.12	3.0	24694.5	
489.50	4.30	24683.19	1.12	3.0	24694.5	
486.47	429476.77	24670.35	1.12	3.0	24694.5	
486.47	4.29	24475.07	1.15	3.0	24694.5	
489.27	4.29	24670.20	1.12	3.0	24694.5	
489.27	4.29	8231.50	2.93	24689.08	1.13	3.0	24694.5	
8231.50	2.93	24554.10	1.21	3.0	24694.5	
489.50	4.30	24683.19	1.12	3.0	24694.5	
489.50	4.30	24683.19	1.12	3.0	24694.5	
486.47	429476.77	24670.35	1.12	3.0	24694.5	
486.47	4.29	24475.07	1.15	3.0	24694.5	
489.27	4.29	24670.20	1.12	3.0	24694.5	
489.27	4.29	8231.50	2.93	24689.08	1.13	3.0	24694.5	
8231.50	2.93	24554.10	1.21	3.0	24694.5	
489.50	4.30	24683.19	1.12	3.0	24694.5	
489.50	4.30	24683.19	1.12	3.0	24694.5	
486.47	429476.77	24670.35	1.12	3.0	24694.5	
486.47	4.29	24475.07	1.15	3.0	24694.5	
489.27	4.29	24670.20	1.12	3.0	24694.5	
489.27	4.29	8231.50	2.93	24689.08	1.13	3.0	24694.5	
8231.50	2.93	24554.10	1.21	3.0	24694.5	
489.50	4.30	24683.19	1.12	3.0	24694.5	
489.50	4.30	24683.19	1.12	3.0	24694.5	
486.47	429476.77	24670.35	1.12	3.0	24694.5	
486.47	4.29	24475.07	1.15	3.0	24694.5	
489.27	4.29	24670.20	1.12	3.0	24694.5	
489.27	4.29	8231.50	2.93	24689.08	1.13	3.0	24694.5	
8231.50	2.93	24554.10	1.21	3.0	24694.5	
489.50	4.30	24683.19	1.12	3.0	24694.5	
489.50	4.30	24683.19	1.12	3.0	24694.5	
486.47	429476.77	24670.35	1.12	3.0	24694.5	
486.47	4.29	24475.07	1.15	3.0	24694.5	
489.27	4.29	24670.20	1.12	3.0	24694.5	
489.27	4.29	8231.50	2.93	24689.08	1.13	3.0	24694.5	
8231.50	2.93	24554.10	1.21	3.0	24694.5	
489.50	4.30	24683.19	1.12	3.0	24694.5	
489.50	4.30	24683.19	1.12	3.0	24694.5	
486.47	429476.77	24670.35	1.12	3.0	24694.5	
486.47	4.29	24475.07	1.15	3.0	24694.5	
489.27	4.29	24670.20	1.12	3.0	24694.5	
489.27	4.29	8231.50	2.93	24689.08	1.13	3.0	24694.5	
8231.50	2.93	24554.10	1.21	3.0	24694.5	
489.50	4.30	24683.19	1.12	3.0	24694.5	
489.50	4.30	24683.19	1.12	3.0	24694.5	
486.47	429476.77	24670.35	1.12	3.0	24694.5	
486.47	4.29	24475.07	1.15	3.0	24694.5	
489.27	4.29	24670.20	1.12	3.0	24694.5	
489.27	4.29	8231.50	2.93	24689.08	1.13	3.0	24694.5	
8231.50	2.93	24554.10	1.21	3.0	24694.5	
489.50	4.30	24683.19	1.12	3.0	24694.5	
489.50	4.30	24683.19	1.12	3.0	24694.5	
486.47	429476.77	24670.35	1.12	3.0	24694.5	
486.47	4.29	24475.07	1.15	3.0	24694.5	
489.27	4.29	24670.20	1.12	3.0	24694.5	
489.27	4.29	8231.50	2.93	24689.08	1.13	3.0	24694.5	
8231.50	2.93	24554.10	1.21	3.0	24694.5	
489.50	4.30	24683.19	1.12	3.0	24694.5	
489.50	4.30	24683.19	1.12	3.0	24694.5	
391.76	377829.25	24521.13	1.10	3.0	24694.5	
391.76	3.78	24533.91	1.12	3.0	24694.5	
392.84	3.77	24462.48	1.10	3.0	24694.5	
392.84	3.77	8231.50	2.87	24686.60	1.10	3.0	24694.5	
8231.50	2.87	24539.13	1.14	3.0	24694.5	
393.22	3.77	24448.17	1.10	3.0	24694.5	
393.22	3.77	24448.17	1.10	3.0	24694.5	
391.76	377829.25	24521.13	1.10	3.0	24694.5	
391.76	3.78	24533.91	1.12	3.0	24694.5	
392.84	3.77	24462.48	1.10	3.0	24694.5	
392.84	3.77	8231.50	2.87	24686.60	1.10	3.0	24694.5	
8231.50	2.87	24539.13	1.14	3.0	24694.5	
393.22	3.77	24448.17	1.10	3.0	24694.5	
393.22	3.77	24448.17	1.10	3.0	24694.5	
391.76	377829.25	24521.13	1.10	3.0	24694.5	
391.76	3.78	24533.91	1.12	3.0	24694.5	
392.84	3.77	24462.48	1.10	3.0	24694.5	
392.84	3.77	8231.50	2.87	24686.60	1.10	3.0	24694.5	
8231.50	2.87	24539.13	1.14	3.0	24694.5	
393.22	3.77	24448.17	1.10	3.0	24694.5	
393.22	3.77	24448.17	1.10	3.0	24694.5	
391.76	377829.25	24521.13	1.10	3.0	24694.5	
391.76	3.78	24533.91	1.12	3.0	24694.5	
392.84	3.77	24462.48	1.10	3.0	24694.5	
392.84	3.77	8231.50	2.87	24686.60	1.10	3.0	24694.5	
8231.50	2.87	24539.13	1.14	3.0	24694.5	
393.22	3.77	24448.17	1.10	3.0	24694.5	
393.22	3.77	24448.17	1.10	3.0	24694.5	
391.76	377829.25	24521.13	1.10	3.0	24694.5	
391.76	3.78	24533.91	1.12	3.0	24694.5	
392.84	3.77	24462.48	1.10	3.0	24694.5	
392.84	3.77	8231.50	2.87	24686.60	1.10	3.0	24694.5	
8231.50	2.87	24539.13	1.14	3.0	24694.5	
393.22	3.77	24448.17	1.10	3.0	24694.5	
393.22	3.77	24448.17	1.10	3.0	24694.5	
391.76	377829.25	24521.13	1.10	3.0	24694.5	
391.76	3.78	24533.91	1.12	3.0	24694.5	
392.84	3.77	24462.48	1.10	3.0	24694.5	
392.84	3.77	8231.50	2.87	24686.60	1.10	3.0	24694.5	
8231.50	2.87	24539.13	1.14	3.0	24694.5	
393.22	3.77	24448.17	1.10	3.0	24694.5	
393.22	3.77	24448.17	1.10	3.0	24694.5	
391.76	377829.25	24521.13	1.10	3.0	24694.5	
391.76	3.78	24533.91	1.12	3.0	24694.5	
392.84	3.77	24462.48	1.10	3.0	24694.5	
392.84	3.77	8231.50	2.87	24686.60	1.10	3.0	24694.5	
8231.50	2.87	24539.13	1.14	3.0	24694.5	
393.22	3.77	24448.17	1.10	3.0	24694.5	
393.22	3.77	24448.17	1.10	3.0	24694.5	
391.76	377829.25	24521.13	1.10	3.0	24694.5	
391.76	3.78	24533.91	1.12	3.0	24694.5	
392.84	3.77	24462.48	1.10	3.0	24694.5	
392.84	3.77	8231.50	2.87	24686.60	1.10	3.0	24694.5	
8231.50	2.87	24539.13	1.14	3.0	24694.5	
393.22	3.77	24448.17	1.10	3.0	24694.5	
393.22	3.77	24448.17	1.10	3.0	24694.5	
391.76	377829.25	24521.13	1.10	3.0	24694.5	
391.76	3.78	24533.91	1.12	3.0	24694.5	
392.84	3.77	24462.48	1.10	3.0	24694.5	
392.84	3.77	8231.50	2.87	24686.60	1.10	3.0	24694.5	
8231.50	2.87	24539.13	1.14	3.0	24694.5	
393.22	3.77	24448.17	1.10	3.0	24694.5	
393.22	3.77	24448.17	1.10	3.0	24694.5	
