39892.83	9891314.48	206558.93	67.23	3.0	487941.3600000001	
39892.83	98.91	206558.93	67.23	3.0	487941.3600000001	
39807.83	99.02	206558.93	67.23	3.0	487941.3600000001	
39807.83	99.02	162647.12	85.44	206558.93	67.23	3.0	487941.3600000001	
162647.12	85.44	206558.93	67.23	3.0	487941.3600000001	
39915.53	98.97	206558.93	67.23	3.0	487941.3600000001	
39915.53	98.97	206558.93	67.23	3.0	487941.3600000001	
39892.83	9891314.48	206558.93	67.23	3.0	487941.3600000001	
39892.83	98.91	206558.93	67.23	3.0	487941.3600000001	
39807.83	99.02	206558.93	67.23	3.0	487941.3600000001	
39807.83	99.02	162647.12	85.44	206558.93	67.23	3.0	487941.3600000001	
162647.12	85.44	206558.93	67.23	3.0	487941.3600000001	
39915.53	98.97	206558.93	67.23	3.0	487941.3600000001	
39915.53	98.97	206558.93	67.23	3.0	487941.3600000001	
39892.83	9891314.48	206558.93	67.23	3.0	487941.3600000001	
39892.83	98.91	206558.93	67.23	3.0	487941.3600000001	
39807.83	99.02	206558.93	67.23	3.0	487941.3600000001	
39807.83	99.02	162647.12	85.44	206558.93	67.23	3.0	487941.3600000001	
162647.12	85.44	206558.93	67.23	3.0	487941.3600000001	
39915.53	98.97	206558.93	67.23	3.0	487941.3600000001	
39915.53	98.97	206558.93	67.23	3.0	487941.3600000001	
39892.83	9891314.48	206558.93	67.23	3.0	487941.3600000001	
39892.83	98.91	206558.93	67.23	3.0	487941.3600000001	
39807.83	99.02	206558.93	67.23	3.0	487941.3600000001	
39807.83	99.02	162647.12	85.44	206558.93	67.23	3.0	487941.3600000001	
162647.12	85.44	206558.93	67.23	3.0	487941.3600000001	
39915.53	98.97	206558.93	67.23	3.0	487941.3600000001	
39915.53	98.97	206558.93	67.23	3.0	487941.3600000001	
39892.83	9891314.48	206558.93	67.23	3.0	487941.3600000001	
39892.83	98.91	206558.93	67.23	3.0	487941.3600000001	
39807.83	99.02	206558.93	67.23	3.0	487941.3600000001	
39807.83	99.02	162647.12	85.44	206558.93	67.23	3.0	487941.3600000001	
162647.12	85.44	206558.93	67.23	3.0	487941.3600000001	
39915.53	98.97	206558.93	67.23	3.0	487941.3600000001	
39915.53	98.97	206558.93	67.23	3.0	487941.3600000001	
39892.83	9891314.48	206558.93	67.23	3.0	487941.3600000001	
39892.83	98.91	206558.93	67.23	3.0	487941.3600000001	
39807.83	99.02	206558.93	67.23	3.0	487941.3600000001	
39807.83	99.02	162647.12	85.44	206558.93	67.23	3.0	487941.3600000001	
162647.12	85.44	206558.93	67.23	3.0	487941.3600000001	
39915.53	98.97	206558.93	67.23	3.0	487941.3600000001	
39915.53	98.97	206558.93	67.23	3.0	487941.3600000001	
39892.83	9891314.48	206558.93	67.23	3.0	487941.3600000001	
39892.83	98.91	206558.93	67.23	3.0	487941.3600000001	
39807.83	99.02	206558.93	67.23	3.0	487941.3600000001	
39807.83	99.02	162647.12	85.44	206558.93	67.23	3.0	487941.3600000001	
162647.12	85.44	206558.93	67.23	3.0	487941.3600000001	
39915.53	98.97	206558.93	67.23	3.0	487941.3600000001	
39915.53	98.97	206558.93	67.23	3.0	487941.3600000001	
39892.83	9891314.48	206558.93	67.23	3.0	487941.3600000001	
39892.83	98.91	206558.93	67.23	3.0	487941.3600000001	
39807.83	99.02	206558.93	67.23	3.0	487941.3600000001	
39807.83	99.02	162647.12	85.44	206558.93	67.23	3.0	487941.3600000001	
162647.12	85.44	206558.93	67.23	3.0	487941.3600000001	
39915.53	98.97	206558.93	67.23	3.0	487941.3600000001	
39915.53	98.97	206558.93	67.23	3.0	487941.3600000001	
39892.83	9891314.48	206558.93	67.23	3.0	487941.3600000001	
39892.83	98.91	206558.93	67.23	3.0	487941.3600000001	
39807.83	99.02	206558.93	67.23	3.0	487941.3600000001	
39807.83	99.02	162647.12	85.44	206558.93	67.23	3.0	487941.3600000001	
162647.12	85.44	206558.93	67.23	3.0	487941.3600000001	
39915.53	98.97	206558.93	67.23	3.0	487941.3600000001	
39915.53	98.97	206558.93	67.23	3.0	487941.3600000001	
19253.75	9969481.83	182162.21	65.36	3.0	487941.3600000001	
19253.75	99.69	182162.21	65.36	3.0	487941.3600000001	
19169.92	99.62	182162.21	65.36	3.0	487941.3600000001	
19169.92	99.62	162647.12	90.85	182162.21	65.36	3.0	487941.3600000001	
162647.12	90.85	182162.21	65.36	3.0	487941.3600000001	
19228.11	99.62	182162.21	65.36	3.0	487941.3600000001	
19228.11	99.62	182162.21	65.36	3.0	487941.3600000001	
19253.75	9969481.83	182162.21	65.36	3.0	487941.3600000001	
19253.75	99.69	182162.21	65.36	3.0	487941.3600000001	
19169.92	99.62	182162.21	65.36	3.0	487941.3600000001	
19169.92	99.62	162647.12	90.85	182162.21	65.36	3.0	487941.3600000001	
162647.12	90.85	182162.21	65.36	3.0	487941.3600000001	
19228.11	99.62	182162.21	65.36	3.0	487941.3600000001	
19228.11	99.62	182162.21	65.36	3.0	487941.3600000001	
19253.75	9969481.83	182162.21	65.36	3.0	487941.3600000001	
19253.75	99.69	182162.21	65.36	3.0	487941.3600000001	
19169.92	99.62	182162.21	65.36	3.0	487941.3600000001	
19169.92	99.62	162647.12	90.85	182162.21	65.36	3.0	487941.3600000001	
162647.12	90.85	182162.21	65.36	3.0	487941.3600000001	
19228.11	99.62	182162.21	65.36	3.0	487941.3600000001	
19228.11	99.62	182162.21	65.36	3.0	487941.3600000001	
19253.75	9969481.83	182162.21	65.36	3.0	487941.3600000001	
19253.75	99.69	182162.21	65.36	3.0	487941.3600000001	
19169.92	99.62	182162.21	65.36	3.0	487941.3600000001	
19169.92	99.62	162647.12	90.85	182162.21	65.36	3.0	487941.3600000001	
162647.12	90.85	182162.21	65.36	3.0	487941.3600000001	
19228.11	99.62	182162.21	65.36	3.0	487941.3600000001	
19228.11	99.62	182162.21	65.36	3.0	487941.3600000001	
19253.75	9969481.83	182162.21	65.36	3.0	487941.3600000001	
19253.75	99.69	182162.21	65.36	3.0	487941.3600000001	
19169.92	99.62	182162.21	65.36	3.0	487941.3600000001	
19169.92	99.62	162647.12	90.85	182162.21	65.36	3.0	487941.3600000001	
162647.12	90.85	182162.21	65.36	3.0	487941.3600000001	
19228.11	99.62	182162.21	65.36	3.0	487941.3600000001	
19228.11	99.62	182162.21	65.36	3.0	487941.3600000001	
19253.75	9969481.83	182162.21	65.36	3.0	487941.3600000001	
19253.75	99.69	182162.21	65.36	3.0	487941.3600000001	
19169.92	99.62	182162.21	65.36	3.0	487941.3600000001	
19169.92	99.62	162647.12	90.85	182162.21	65.36	3.0	487941.3600000001	
162647.12	90.85	182162.21	65.36	3.0	487941.3600000001	
19228.11	99.62	182162.21	65.36	3.0	487941.3600000001	
19228.11	99.62	182162.21	65.36	3.0	487941.3600000001	
19253.75	9969481.83	182162.21	65.36	3.0	487941.3600000001	
19253.75	99.69	182162.21	65.36	3.0	487941.3600000001	
19169.92	99.62	182162.21	65.36	3.0	487941.3600000001	
19169.92	99.62	162647.12	90.85	182162.21	65.36	3.0	487941.3600000001	
162647.12	90.85	182162.21	65.36	3.0	487941.3600000001	
19228.11	99.62	182162.21	65.36	3.0	487941.3600000001	
19228.11	99.62	182162.21	65.36	3.0	487941.3600000001	
19253.75	9969481.83	182162.21	65.36	3.0	487941.3600000001	
19253.75	99.69	182162.21	65.36	3.0	487941.3600000001	
19169.92	99.62	182162.21	65.36	3.0	487941.3600000001	
19169.92	99.62	162647.12	90.85	182162.21	65.36	3.0	487941.3600000001	
162647.12	90.85	182162.21	65.36	3.0	487941.3600000001	
19228.11	99.62	182162.21	65.36	3.0	487941.3600000001	
19228.11	99.62	182162.21	65.36	3.0	487941.3600000001	
19253.75	9969481.83	182162.21	65.36	3.0	487941.3600000001	
19253.75	99.69	182162.21	65.36	3.0	487941.3600000001	
19169.92	99.62	182162.21	65.36	3.0	487941.3600000001	
19169.92	99.62	162647.12	90.85	182162.21	65.36	3.0	487941.3600000001	
162647.12	90.85	182162.21	65.36	3.0	487941.3600000001	
19228.11	99.62	182162.21	65.36	3.0	487941.3600000001	
19228.11	99.62	182162.21	65.36	3.0	487941.3600000001	
18013.65	13553250.90	196103.20	57.30	3.0	487941.3600000001	
18013.65	135.53	196103.20	57.30	3.0	487941.3600000001	
17840.81	135.72	196103.20	57.30	3.0	487941.3600000001	
17840.81	135.72	162647.12	69.19	196103.20	57.30	3.0	487941.3600000001	
162647.12	69.19	196103.20	57.30	3.0	487941.3600000001	
17969.10	135.84	196103.20	57.30	3.0	487941.3600000001	
17969.10	135.84	196103.20	57.30	3.0	487941.3600000001	
18013.65	13553250.90	196103.20	57.30	3.0	487941.3600000001	
18013.65	135.53	196103.20	57.30	3.0	487941.3600000001	
17840.81	135.72	196103.20	57.30	3.0	487941.3600000001	
17840.81	135.72	162647.12	69.19	196103.20	57.30	3.0	487941.3600000001	
162647.12	69.19	196103.20	57.30	3.0	487941.3600000001	
17969.10	135.84	196103.20	57.30	3.0	487941.3600000001	
17969.10	135.84	196103.20	57.30	3.0	487941.3600000001	
18013.65	13553250.90	196103.20	57.30	3.0	487941.3600000001	
18013.65	135.53	196103.20	57.30	3.0	487941.3600000001	
17840.81	135.72	196103.20	57.30	3.0	487941.3600000001	
17840.81	135.72	162647.12	69.19	196103.20	57.30	3.0	487941.3600000001	
162647.12	69.19	196103.20	57.30	3.0	487941.3600000001	
17969.10	135.84	196103.20	57.30	3.0	487941.3600000001	
17969.10	135.84	196103.20	57.30	3.0	487941.3600000001	
18013.65	13553250.90	196103.20	57.30	3.0	487941.3600000001	
18013.65	135.53	196103.20	57.30	3.0	487941.3600000001	
17840.81	135.72	196103.20	57.30	3.0	487941.3600000001	
17840.81	135.72	162647.12	69.19	196103.20	57.30	3.0	487941.3600000001	
162647.12	69.19	196103.20	57.30	3.0	487941.3600000001	
17969.10	135.84	196103.20	57.30	3.0	487941.3600000001	
17969.10	135.84	196103.20	57.30	3.0	487941.3600000001	
18013.65	13553250.90	196103.20	57.30	3.0	487941.3600000001	
18013.65	135.53	196103.20	57.30	3.0	487941.3600000001	
17840.81	135.72	196103.20	57.30	3.0	487941.3600000001	
17840.81	135.72	162647.12	69.19	196103.20	57.30	3.0	487941.3600000001	
162647.12	69.19	196103.20	57.30	3.0	487941.3600000001	
17969.10	135.84	196103.20	57.30	3.0	487941.3600000001	
17969.10	135.84	196103.20	57.30	3.0	487941.3600000001	
18013.65	13553250.90	196103.20	57.30	3.0	487941.3600000001	
18013.65	135.53	196103.20	57.30	3.0	487941.3600000001	
17840.81	135.72	196103.20	57.30	3.0	487941.3600000001	
17840.81	135.72	162647.12	69.19	196103.20	57.30	3.0	487941.3600000001	
162647.12	69.19	196103.20	57.30	3.0	487941.3600000001	
17969.10	135.84	196103.20	57.30	3.0	487941.3600000001	
17969.10	135.84	196103.20	57.30	3.0	487941.3600000001	
18013.65	13553250.90	196103.20	57.30	3.0	487941.3600000001	
18013.65	135.53	196103.20	57.30	3.0	487941.3600000001	
17840.81	135.72	196103.20	57.30	3.0	487941.3600000001	
17840.81	135.72	162647.12	69.19	196103.20	57.30	3.0	487941.3600000001	
162647.12	69.19	196103.20	57.30	3.0	487941.3600000001	
17969.10	135.84	196103.20	57.30	3.0	487941.3600000001	
17969.10	135.84	196103.20	57.30	3.0	487941.3600000001	
18013.65	13553250.90	196103.20	57.30	3.0	487941.3600000001	
18013.65	135.53	196103.20	57.30	3.0	487941.3600000001	
17840.81	135.72	196103.20	57.30	3.0	487941.3600000001	
17840.81	135.72	162647.12	69.19	196103.20	57.30	3.0	487941.3600000001	
162647.12	69.19	196103.20	57.30	3.0	487941.3600000001	
17969.10	135.84	196103.20	57.30	3.0	487941.3600000001	
17969.10	135.84	196103.20	57.30	3.0	487941.3600000001	
18013.65	13553250.90	196103.20	57.30	3.0	487941.3600000001	
18013.65	135.53	196103.20	57.30	3.0	487941.3600000001	
17840.81	135.72	196103.20	57.30	3.0	487941.3600000001	
17840.81	135.72	162647.12	69.19	196103.20	57.30	3.0	487941.3600000001	
162647.12	69.19	196103.20	57.30	3.0	487941.3600000001	
17969.10	135.84	196103.20	57.30	3.0	487941.3600000001	
17969.10	135.84	196103.20	57.30	3.0	487941.3600000001	
10559.36	10820332.34	182162.21	65.36	3.0	487941.3600000001	
10559.36	108.20	182162.21	65.36	3.0	487941.3600000001	
10524.44	108.30	182162.21	65.36	3.0	487941.3600000001	
10524.44	108.30	162647.12	74.61	182162.21	65.36	3.0	487941.3600000001	
162647.12	74.61	182162.21	65.36	3.0	487941.3600000001	
10647.60	108.20	182162.21	65.36	3.0	487941.3600000001	
10647.60	108.20	182162.21	65.36	3.0	487941.3600000001	
10559.36	10820332.34	182162.21	65.36	3.0	487941.3600000001	
10559.36	108.20	182162.21	65.36	3.0	487941.3600000001	
10524.44	108.30	182162.21	65.36	3.0	487941.3600000001	
10524.44	108.30	162647.12	74.61	182162.21	65.36	3.0	487941.3600000001	
162647.12	74.61	182162.21	65.36	3.0	487941.3600000001	
10647.60	108.20	182162.21	65.36	3.0	487941.3600000001	
10647.60	108.20	182162.21	65.36	3.0	487941.3600000001	
10559.36	10820332.34	182162.21	65.36	3.0	487941.3600000001	
10559.36	108.20	182162.21	65.36	3.0	487941.3600000001	
10524.44	108.30	182162.21	65.36	3.0	487941.3600000001	
10524.44	108.30	162647.12	74.61	182162.21	65.36	3.0	487941.3600000001	
162647.12	74.61	182162.21	65.36	3.0	487941.3600000001	
10647.60	108.20	182162.21	65.36	3.0	487941.3600000001	
10647.60	108.20	182162.21	65.36	3.0	487941.3600000001	
10559.36	10820332.34	182162.21	65.36	3.0	487941.3600000001	
10559.36	108.20	182162.21	65.36	3.0	487941.3600000001	
10524.44	108.30	182162.21	65.36	3.0	487941.3600000001	
10524.44	108.30	162647.12	74.61	182162.21	65.36	3.0	487941.3600000001	
162647.12	74.61	182162.21	65.36	3.0	487941.3600000001	
10647.60	108.20	182162.21	65.36	3.0	487941.3600000001	
10647.60	108.20	182162.21	65.36	3.0	487941.3600000001	
10559.36	10820332.34	182162.21	65.36	3.0	487941.3600000001	
10559.36	108.20	182162.21	65.36	3.0	487941.3600000001	
10524.44	108.30	182162.21	65.36	3.0	487941.3600000001	
10524.44	108.30	162647.12	74.61	182162.21	65.36	3.0	487941.3600000001	
162647.12	74.61	182162.21	65.36	3.0	487941.3600000001	
10647.60	108.20	182162.21	65.36	3.0	487941.3600000001	
10647.60	108.20	182162.21	65.36	3.0	487941.3600000001	
10559.36	10820332.34	182162.21	65.36	3.0	487941.3600000001	
10559.36	108.20	182162.21	65.36	3.0	487941.3600000001	
10524.44	108.30	182162.21	65.36	3.0	487941.3600000001	
10524.44	108.30	162647.12	74.61	182162.21	65.36	3.0	487941.3600000001	
162647.12	74.61	182162.21	65.36	3.0	487941.3600000001	
10647.60	108.20	182162.21	65.36	3.0	487941.3600000001	
10647.60	108.20	182162.21	65.36	3.0	487941.3600000001	
10559.36	10820332.34	182162.21	65.36	3.0	487941.3600000001	
10559.36	108.20	182162.21	65.36	3.0	487941.3600000001	
10524.44	108.30	182162.21	65.36	3.0	487941.3600000001	
10524.44	108.30	162647.12	74.61	182162.21	65.36	3.0	487941.3600000001	
162647.12	74.61	182162.21	65.36	3.0	487941.3600000001	
10647.60	108.20	182162.21	65.36	3.0	487941.3600000001	
10647.60	108.20	182162.21	65.36	3.0	487941.3600000001	
10559.36	10820332.34	182162.21	65.36	3.0	487941.3600000001	
10559.36	108.20	182162.21	65.36	3.0	487941.3600000001	
10524.44	108.30	182162.21	65.36	3.0	487941.3600000001	
10524.44	108.30	162647.12	74.61	182162.21	65.36	3.0	487941.3600000001	
162647.12	74.61	182162.21	65.36	3.0	487941.3600000001	
10647.60	108.20	182162.21	65.36	3.0	487941.3600000001	
10647.60	108.20	182162.21	65.36	3.0	487941.3600000001	
10559.36	10820332.34	182162.21	65.36	3.0	487941.3600000001	
10559.36	108.20	182162.21	65.36	3.0	487941.3600000001	
10524.44	108.30	182162.21	65.36	3.0	487941.3600000001	
10524.44	108.30	162647.12	74.61	182162.21	65.36	3.0	487941.3600000001	
162647.12	74.61	182162.21	65.36	3.0	487941.3600000001	
10647.60	108.20	182162.21	65.36	3.0	487941.3600000001	
10647.60	108.20	182162.21	65.36	3.0	487941.3600000001	
9861.88	11881657.78	228787.67	66.85	3.0	487941.3600000001	
9861.88	118.82	228787.67	66.85	3.0	487941.3600000001	
9718.41	119.07	228787.67	66.85	3.0	487941.3600000001	
9718.41	119.07	162647.12	90.85	228787.67	66.85	3.0	487941.3600000001	
162647.12	90.85	228787.67	66.85	3.0	487941.3600000001	
9922.98	119.08	228787.67	66.85	3.0	487941.3600000001	
9922.98	119.08	228787.67	66.85	3.0	487941.3600000001	
9861.88	11881657.78	228787.67	66.85	3.0	487941.3600000001	
9861.88	118.82	228787.67	66.85	3.0	487941.3600000001	
9718.41	119.07	228787.67	66.85	3.0	487941.3600000001	
9718.41	119.07	162647.12	90.85	228787.67	66.85	3.0	487941.3600000001	
162647.12	90.85	228787.67	66.85	3.0	487941.3600000001	
9922.98	119.08	228787.67	66.85	3.0	487941.3600000001	
9922.98	119.08	228787.67	66.85	3.0	487941.3600000001	
9861.88	11881657.78	228787.67	66.85	3.0	487941.3600000001	
9861.88	118.82	228787.67	66.85	3.0	487941.3600000001	
9718.41	119.07	228787.67	66.85	3.0	487941.3600000001	
9718.41	119.07	162647.12	90.85	228787.67	66.85	3.0	487941.3600000001	
162647.12	90.85	228787.67	66.85	3.0	487941.3600000001	
9922.98	119.08	228787.67	66.85	3.0	487941.3600000001	
9922.98	119.08	228787.67	66.85	3.0	487941.3600000001	
9861.88	11881657.78	228787.67	66.85	3.0	487941.3600000001	
9861.88	118.82	228787.67	66.85	3.0	487941.3600000001	
9718.41	119.07	228787.67	66.85	3.0	487941.3600000001	
9718.41	119.07	162647.12	90.85	228787.67	66.85	3.0	487941.3600000001	
162647.12	90.85	228787.67	66.85	3.0	487941.3600000001	
9922.98	119.08	228787.67	66.85	3.0	487941.3600000001	
9922.98	119.08	228787.67	66.85	3.0	487941.3600000001	
9861.88	11881657.78	228787.67	66.85	3.0	487941.3600000001	
9861.88	118.82	228787.67	66.85	3.0	487941.3600000001	
9718.41	119.07	228787.67	66.85	3.0	487941.3600000001	
9718.41	119.07	162647.12	90.85	228787.67	66.85	3.0	487941.3600000001	
162647.12	90.85	228787.67	66.85	3.0	487941.3600000001	
9922.98	119.08	228787.67	66.85	3.0	487941.3600000001	
9922.98	119.08	228787.67	66.85	3.0	487941.3600000001	
9861.88	11881657.78	228787.67	66.85	3.0	487941.3600000001	
9861.88	118.82	228787.67	66.85	3.0	487941.3600000001	
9718.41	119.07	228787.67	66.85	3.0	487941.3600000001	
9718.41	119.07	162647.12	90.85	228787.67	66.85	3.0	487941.3600000001	
162647.12	90.85	228787.67	66.85	3.0	487941.3600000001	
9922.98	119.08	228787.67	66.85	3.0	487941.3600000001	
9922.98	119.08	228787.67	66.85	3.0	487941.3600000001	
9861.88	11881657.78	228787.67	66.85	3.0	487941.3600000001	
9861.88	118.82	228787.67	66.85	3.0	487941.3600000001	
9718.41	119.07	228787.67	66.85	3.0	487941.3600000001	
9718.41	119.07	162647.12	90.85	228787.67	66.85	3.0	487941.3600000001	
162647.12	90.85	228787.67	66.85	3.0	487941.3600000001	
9922.98	119.08	228787.67	66.85	3.0	487941.3600000001	
9922.98	119.08	228787.67	66.85	3.0	487941.3600000001	
9861.88	11881657.78	228787.67	66.85	3.0	487941.3600000001	
9861.88	118.82	228787.67	66.85	3.0	487941.3600000001	
9718.41	119.07	228787.67	66.85	3.0	487941.3600000001	
9718.41	119.07	162647.12	90.85	228787.67	66.85	3.0	487941.3600000001	
162647.12	90.85	228787.67	66.85	3.0	487941.3600000001	
9922.98	119.08	228787.67	66.85	3.0	487941.3600000001	
9922.98	119.08	228787.67	66.85	3.0	487941.3600000001	
9861.88	11881657.78	228787.67	66.85	3.0	487941.3600000001	
9861.88	118.82	228787.67	66.85	3.0	487941.3600000001	
9718.41	119.07	228787.67	66.85	3.0	487941.3600000001	
9718.41	119.07	162647.12	90.85	228787.67	66.85	3.0	487941.3600000001	
162647.12	90.85	228787.67	66.85	3.0	487941.3600000001	
9922.98	119.08	228787.67	66.85	3.0	487941.3600000001	
9922.98	119.08	228787.67	66.85	3.0	487941.3600000001	
8808.33	13118516.86	182162.21	65.36	3.0	487941.3600000001	
8808.33	131.19	182162.21	65.36	3.0	487941.3600000001	
8670.98	131.27	182162.21	65.36	3.0	487941.3600000001	
8670.98	131.27	162647.12	96.27	182162.21	65.36	3.0	487941.3600000001	
162647.12	96.27	182162.21	65.36	3.0	487941.3600000001	
8725.84	131.45	182162.21	65.36	3.0	487941.3600000001	
8725.84	131.45	182162.21	65.36	3.0	487941.3600000001	
8808.33	13118516.86	182162.21	65.36	3.0	487941.3600000001	
8808.33	131.19	182162.21	65.36	3.0	487941.3600000001	
8670.98	131.27	182162.21	65.36	3.0	487941.3600000001	
8670.98	131.27	162647.12	96.27	182162.21	65.36	3.0	487941.3600000001	
162647.12	96.27	182162.21	65.36	3.0	487941.3600000001	
8725.84	131.45	182162.21	65.36	3.0	487941.3600000001	
8725.84	131.45	182162.21	65.36	3.0	487941.3600000001	
8808.33	13118516.86	182162.21	65.36	3.0	487941.3600000001	
8808.33	131.19	182162.21	65.36	3.0	487941.3600000001	
8670.98	131.27	182162.21	65.36	3.0	487941.3600000001	
8670.98	131.27	162647.12	96.27	182162.21	65.36	3.0	487941.3600000001	
162647.12	96.27	182162.21	65.36	3.0	487941.3600000001	
8725.84	131.45	182162.21	65.36	3.0	487941.3600000001	
8725.84	131.45	182162.21	65.36	3.0	487941.3600000001	
8808.33	13118516.86	182162.21	65.36	3.0	487941.3600000001	
8808.33	131.19	182162.21	65.36	3.0	487941.3600000001	
8670.98	131.27	182162.21	65.36	3.0	487941.3600000001	
8670.98	131.27	162647.12	96.27	182162.21	65.36	3.0	487941.3600000001	
162647.12	96.27	182162.21	65.36	3.0	487941.3600000001	
8725.84	131.45	182162.21	65.36	3.0	487941.3600000001	
8725.84	131.45	182162.21	65.36	3.0	487941.3600000001	
8808.33	13118516.86	182162.21	65.36	3.0	487941.3600000001	
8808.33	131.19	182162.21	65.36	3.0	487941.3600000001	
8670.98	131.27	182162.21	65.36	3.0	487941.3600000001	
8670.98	131.27	162647.12	96.27	182162.21	65.36	3.0	487941.3600000001	
162647.12	96.27	182162.21	65.36	3.0	487941.3600000001	
8725.84	131.45	182162.21	65.36	3.0	487941.3600000001	
8725.84	131.45	182162.21	65.36	3.0	487941.3600000001	
8808.33	13118516.86	182162.21	65.36	3.0	487941.3600000001	
8808.33	131.19	182162.21	65.36	3.0	487941.3600000001	
8670.98	131.27	182162.21	65.36	3.0	487941.3600000001	
8670.98	131.27	162647.12	96.27	182162.21	65.36	3.0	487941.3600000001	
162647.12	96.27	182162.21	65.36	3.0	487941.3600000001	
8725.84	131.45	182162.21	65.36	3.0	487941.3600000001	
8725.84	131.45	182162.21	65.36	3.0	487941.3600000001	
8808.33	13118516.86	182162.21	65.36	3.0	487941.3600000001	
8808.33	131.19	182162.21	65.36	3.0	487941.3600000001	
8670.98	131.27	182162.21	65.36	3.0	487941.3600000001	
8670.98	131.27	162647.12	96.27	182162.21	65.36	3.0	487941.3600000001	
162647.12	96.27	182162.21	65.36	3.0	487941.3600000001	
8725.84	131.45	182162.21	65.36	3.0	487941.3600000001	
8725.84	131.45	182162.21	65.36	3.0	487941.3600000001	
8808.33	13118516.86	182162.21	65.36	3.0	487941.3600000001	
8808.33	131.19	182162.21	65.36	3.0	487941.3600000001	
8670.98	131.27	182162.21	65.36	3.0	487941.3600000001	
8670.98	131.27	162647.12	96.27	182162.21	65.36	3.0	487941.3600000001	
162647.12	96.27	182162.21	65.36	3.0	487941.3600000001	
8725.84	131.45	182162.21	65.36	3.0	487941.3600000001	
8725.84	131.45	182162.21	65.36	3.0	487941.3600000001	
8808.33	13118516.86	182162.21	65.36	3.0	487941.3600000001	
8808.33	131.19	182162.21	65.36	3.0	487941.3600000001	
8670.98	131.27	182162.21	65.36	3.0	487941.3600000001	
8670.98	131.27	162647.12	96.27	182162.21	65.36	3.0	487941.3600000001	
162647.12	96.27	182162.21	65.36	3.0	487941.3600000001	
8725.84	131.45	182162.21	65.36	3.0	487941.3600000001	
8725.84	131.45	182162.21	65.36	3.0	487941.3600000001	
6867.66	11137611.13	196103.20	57.30	3.0	487941.3600000001	
6867.66	111.38	196103.20	57.30	3.0	487941.3600000001	
6759.16	111.49	196103.20	57.30	3.0	487941.3600000001	
6759.16	111.49	162647.12	90.85	196103.20	57.30	3.0	487941.3600000001	
162647.12	90.85	196103.20	57.30	3.0	487941.3600000001	
6819.75	111.50	196103.20	57.30	3.0	487941.3600000001	
6819.75	111.50	196103.20	57.30	3.0	487941.3600000001	
6867.66	11137611.13	196103.20	57.30	3.0	487941.3600000001	
6867.66	111.38	196103.20	57.30	3.0	487941.3600000001	
6759.16	111.49	196103.20	57.30	3.0	487941.3600000001	
6759.16	111.49	162647.12	90.85	196103.20	57.30	3.0	487941.3600000001	
162647.12	90.85	196103.20	57.30	3.0	487941.3600000001	
6819.75	111.50	196103.20	57.30	3.0	487941.3600000001	
6819.75	111.50	196103.20	57.30	3.0	487941.3600000001	
6867.66	11137611.13	196103.20	57.30	3.0	487941.3600000001	
6867.66	111.38	196103.20	57.30	3.0	487941.3600000001	
6759.16	111.49	196103.20	57.30	3.0	487941.3600000001	
6759.16	111.49	162647.12	90.85	196103.20	57.30	3.0	487941.3600000001	
162647.12	90.85	196103.20	57.30	3.0	487941.3600000001	
6819.75	111.50	196103.20	57.30	3.0	487941.3600000001	
6819.75	111.50	196103.20	57.30	3.0	487941.3600000001	
6867.66	11137611.13	196103.20	57.30	3.0	487941.3600000001	
6867.66	111.38	196103.20	57.30	3.0	487941.3600000001	
6759.16	111.49	196103.20	57.30	3.0	487941.3600000001	
6759.16	111.49	162647.12	90.85	196103.20	57.30	3.0	487941.3600000001	
162647.12	90.85	196103.20	57.30	3.0	487941.3600000001	
6819.75	111.50	196103.20	57.30	3.0	487941.3600000001	
6819.75	111.50	196103.20	57.30	3.0	487941.3600000001	
6867.66	11137611.13	196103.20	57.30	3.0	487941.3600000001	
6867.66	111.38	196103.20	57.30	3.0	487941.3600000001	
6759.16	111.49	196103.20	57.30	3.0	487941.3600000001	
6759.16	111.49	162647.12	90.85	196103.20	57.30	3.0	487941.3600000001	
162647.12	90.85	196103.20	57.30	3.0	487941.3600000001	
6819.75	111.50	196103.20	57.30	3.0	487941.3600000001	
6819.75	111.50	196103.20	57.30	3.0	487941.3600000001	
6867.66	11137611.13	196103.20	57.30	3.0	487941.3600000001	
6867.66	111.38	196103.20	57.30	3.0	487941.3600000001	
6759.16	111.49	196103.20	57.30	3.0	487941.3600000001	
6759.16	111.49	162647.12	90.85	196103.20	57.30	3.0	487941.3600000001	
162647.12	90.85	196103.20	57.30	3.0	487941.3600000001	
6819.75	111.50	196103.20	57.30	3.0	487941.3600000001	
6819.75	111.50	196103.20	57.30	3.0	487941.3600000001	
6867.66	11137611.13	196103.20	57.30	3.0	487941.3600000001	
6867.66	111.38	196103.20	57.30	3.0	487941.3600000001	
6759.16	111.49	196103.20	57.30	3.0	487941.3600000001	
6759.16	111.49	162647.12	90.85	196103.20	57.30	3.0	487941.3600000001	
162647.12	90.85	196103.20	57.30	3.0	487941.3600000001	
6819.75	111.50	196103.20	57.30	3.0	487941.3600000001	
6819.75	111.50	196103.20	57.30	3.0	487941.3600000001	
6867.66	11137611.13	196103.20	57.30	3.0	487941.3600000001	
6867.66	111.38	196103.20	57.30	3.0	487941.3600000001	
6759.16	111.49	196103.20	57.30	3.0	487941.3600000001	
6759.16	111.49	162647.12	90.85	196103.20	57.30	3.0	487941.3600000001	
162647.12	90.85	196103.20	57.30	3.0	487941.3600000001	
6819.75	111.50	196103.20	57.30	3.0	487941.3600000001	
6819.75	111.50	196103.20	57.30	3.0	487941.3600000001	
6867.66	11137611.13	196103.20	57.30	3.0	487941.3600000001	
6867.66	111.38	196103.20	57.30	3.0	487941.3600000001	
6759.16	111.49	196103.20	57.30	3.0	487941.3600000001	
6759.16	111.49	162647.12	90.85	196103.20	57.30	3.0	487941.3600000001	
162647.12	90.85	196103.20	57.30	3.0	487941.3600000001	
6819.75	111.50	196103.20	57.30	3.0	487941.3600000001	
6819.75	111.50	196103.20	57.30	3.0	487941.3600000001	
