338	299.94	299.94	419.92	419.92	349.93	299.94	299.94	349.93	419.92	419.92
339	452.94	452.94	634.12	634.12	528.43	452.94	452.94	528.43	634.12	634.12
941	444.24	444.24	621.94	621.94	518.28	444.24	444.24	518.28	621.94	621.94
942	315.75	315.75	442.05	442.05	368.38	315.75	315.75	368.38	442.05	442.05
940	260.00	260.00	364.00	364.00	303.33	260.00	260.00	303.33	364.00	364.00
945	366.81	366.81	513.54	513.54	427.95	366.81	366.81	427.95	513.54	513.54
332	218.66	218.66	306.12	306.12	255.10	218.66	218.66	255.10	306.12	306.12
946	238.69	238.69	334.17	334.17	278.48	238.69	238.69	278.48	334.17	334.17
333	187.73	187.73	262.82	262.82	219.02	187.73	187.73	219.02	262.82	262.82
943	481.18	481.18	673.65	673.65	561.38	481.18	481.18	561.38	673.65	673.65
330	172.23	172.23	241.12	241.12	200.93	172.23	172.23	200.93	241.12	241.12
944	425.07	425.07	595.10	595.10	495.92	425.07	425.07	495.92	595.10	595.10
331	259.34	259.34	363.08	363.08	302.57	259.34	259.34	302.57	363.08	363.08
949	360.80	360.80	505.12	505.12	420.93	360.80	360.80	420.93	505.12	505.12
336	347.37	347.37	486.32	486.32	405.27	347.37	347.37	405.27	486.32	486.32
337	475.43	475.43	665.60	665.60	554.67	475.43	475.43	554.67	665.60	665.60
947	396.64	396.64	555.29	555.29	462.74	396.64	396.64	462.74	555.29	555.29
334	342.54	342.54	479.56	479.56	399.63	342.54	342.54	399.63	479.56	479.56
948	216.13	216.13	302.58	302.58	252.15	216.13	216.13	252.15	302.58	302.58
335	359.46	359.46	503.24	503.24	419.37	359.46	359.46	419.37	503.24	503.24
531	3.88	3.88	5.43	5.43	4.53	3.88	3.88	4.53	5.43	5.43
748	290.76	290.76	407.07	407.07	339.23	290.76	290.76	339.23	407.07	407.07
530	3.74	3.74	5.24	5.24	4.37	3.74	3.74	4.37	5.24	5.24
747	412.75	412.75	577.85	577.85	481.54	412.75	412.75	481.54	577.85	577.85
746	435.11	435.11	609.16	609.16	507.63	435.11	435.11	507.63	609.16	609.16
745	362.04	362.04	506.85	506.85	422.38	362.04	362.04	422.38	506.85	506.85
535	3.51	3.51	4.91	4.91	4.09	3.51	3.51	4.09	4.91	4.91
534	3.66	3.66	5.12	5.12	4.27	3.66	3.66	4.27	5.12	5.12
533	3.37	3.37	4.72	4.72	3.93	3.37	3.37	3.93	4.72	4.72
532	3.91	3.91	5.48	5.48	4.57	3.91	3.91	4.57	5.48	5.48
749	228.11	228.11	319.36	319.36	266.13	228.11	228.11	266.13	319.36	319.36
539	3.32	3.32	4.65	4.65	3.88	3.32	3.32	3.88	4.65	4.65
740	253.86	253.86	355.40	355.40	296.17	253.86	253.86	296.17	355.40	355.40
538	3.86	3.86	5.40	5.40	4.50	3.86	3.86	4.50	5.40	5.40
537	3.59	3.59	5.02	5.02	4.18	3.59	3.59	4.18	5.02	5.02
536	3.35	3.35	4.69	4.69	3.91	3.35	3.35	3.91	4.69	4.69
744	180.61	180.61	252.86	252.86	210.72	180.61	180.61	210.72	252.86	252.86
743	239.26	239.26	334.96	334.96	279.13	239.26	239.26	279.13	334.96	334.96
742	400.84	400.84	561.18	561.18	467.65	400.84	400.84	467.65	561.18	561.18
741	350.69	350.69	490.96	490.96	409.13	350.69	350.69	409.13	490.96	490.96
349	330.11	330.11	462.16	462.16	385.13	330.11	330.11	385.13	462.16	462.16
930	316.76	316.76	443.46	443.46	369.55	316.76	316.76	369.55	443.46	443.46
931	405.88	405.88	568.23	568.23	473.53	405.88	405.88	473.53	568.23	568.23
932	309.01	309.01	432.62	432.62	360.52	309.01	309.01	360.52	432.62	432.62
341	356.83	356.83	499.56	499.56	416.30	356.83	356.83	416.30	499.56	499.56
933	200.61	200.61	280.86	280.86	234.05	200.61	200.61	234.05	280.86	280.86
342	412.58	412.58	577.61	577.61	481.34	412.58	412.58	481.34	577.61	577.61
934	375.78	375.78	526.09	526.09	438.41	375.78	375.78	438.41	526.09	526.09
343	311.90	311.90	436.66	436.66	363.88	311.90	311.90	363.88	436.66	436.66
935	475.59	475.59	665.83	665.83	554.86	475.59	475.59	554.86	665.83	665.83
344	209.79	209.79	293.71	293.71	244.76	209.79	209.79	244.76	293.71	293.71
936	422.03	422.03	590.84	590.84	492.37	422.03	422.03	492.37	590.84	590.84
345	216.44	216.44	303.02	303.02	252.52	216.44	216.44	252.52	303.02	303.02
937	201.99	201.99	282.78	282.78	235.65	201.99	201.99	235.65	282.78	282.78
346	210.02	210.02	294.03	294.03	245.02	210.02	210.02	245.02	294.03	294.03
938	248.76	248.76	348.27	348.27	290.23	248.76	248.76	290.23	348.27	348.27
347	387.44	387.44	542.41	542.41	452.01	387.44	387.44	452.01	542.41	542.41
939	274.89	274.89	384.84	384.84	320.70	274.89	274.89	320.70	384.84	384.84
348	206.25	206.25	288.75	288.75	240.63	206.25	206.25	240.63	288.75	288.75
3	12.90	12.90	18.06	18.06	15.05	12.90	12.90	15.05	18.06	18.06
540	3.97	3.97	5.56	5.56	4.63	3.97	3.97	4.63	5.56	5.56
735	316.49	316.49	443.09	443.09	369.24	316.49	316.49	369.24	443.09	443.09
929	293.79	293.79	411.31	411.31	342.76	293.79	293.79	342.76	411.31	411.31
2	13.05	13.05	18.27	18.27	15.23	13.05	13.05	15.23	18.27	18.27
734	265.76	265.76	372.07	372.07	310.06	265.76	265.76	310.06	372.07	372.07
1	12.96	12.96	18.14	18.14	15.12	12.96	12.96	15.12	18.14	18.14
542	3.65	3.65	5.11	5.11	4.26	3.65	3.65	4.26	5.11	5.11
737	402.73	402.73	563.82	563.82	469.85	402.73	402.73	469.85	563.82	563.82
0	0.00	0.00	0.00	0.00	0.00	0.00	0.00	0.00	0.00	0.00
541	3.56	3.56	4.98	4.98	4.15	3.56	3.56	4.15	4.98	4.98
736	169.91	169.91	237.88	237.88	198.23	169.91	169.91	198.23	237.88	237.88
7	12.87	12.87	18.02	18.02	15.02	12.87	12.87	15.02	18.02	18.02
544	3.25	3.25	4.55	4.55	3.79	3.25	3.25	3.79	4.55	4.55
739	362.41	362.41	507.37	507.37	422.81	362.41	362.41	422.81	507.37	507.37
6	12.83	12.83	17.96	17.96	14.97	12.83	12.83	14.97	17.96	17.96
543	3.24	3.24	4.54	4.54	3.78	3.24	3.24	3.78	4.54	4.54
738	483.81	483.81	677.33	677.33	564.44	483.81	483.81	564.44	677.33	677.33
340	462.08	462.08	646.91	646.91	539.09	462.08	462.08	539.09	646.91	646.91
5	12.84	12.84	17.97	17.97	14.98	12.84	12.84	14.98	17.97	17.97
546	3.79	3.79	5.30	5.30	4.42	3.79	3.79	4.42	5.30	5.30
4	13.26	13.26	18.56	18.56	15.47	13.26	13.26	15.47	18.56	18.56
545	3.53	3.53	4.94	4.94	4.12	3.53	3.53	4.12	4.94	4.94
548	3.69	3.69	5.17	5.17	4.31	3.69	3.69	4.31	5.17	5.17
547	3.65	3.65	5.11	5.11	4.26	3.65	3.65	4.26	5.11	5.11
9	12.46	12.46	17.44	17.44	14.53	12.46	12.46	14.53	17.44	17.44
8	13.14	13.14	18.39	18.39	15.33	13.14	13.14	15.33	18.39	18.39
549	3.51	3.51	4.92	4.92	4.10	3.51	3.51	4.10	4.92	4.92
731	291.49	291.49	408.08	408.08	340.07	291.49	291.49	340.07	408.08	408.08
730	377.39	377.39	528.35	528.35	440.29	377.39	377.39	440.29	528.35	528.35
733	257.82	257.82	360.95	360.95	300.79	257.82	257.82	300.79	360.95	360.95
732	254.22	254.22	355.91	355.91	296.59	254.22	254.22	296.59	355.91	355.91
920	484.17	484.17	677.84	677.84	564.87	484.17	484.17	564.87	677.84	677.84
318	265.26	265.26	371.37	371.37	309.48	265.26	265.26	309.48	371.37	371.37
319	475.35	475.35	665.49	665.49	554.58	475.35	475.35	554.58	665.49	665.49
316	367.84	367.84	514.98	514.98	429.15	367.84	367.84	429.15	514.98	514.98
317	445.19	445.19	623.26	623.26	519.38	445.19	445.19	519.38	623.26	623.26
927	357.82	357.82	500.95	500.95	417.46	357.82	357.82	417.46	500.95	500.95
314	280.87	280.87	393.22	393.22	327.68	280.87	280.87	327.68	393.22	393.22
928	165.05	165.05	231.07	231.07	192.56	165.05	165.05	192.56	231.07	231.07
315	209.06	209.06	292.68	292.68	243.90	209.06	209.06	243.90	292.68	292.68
925	403.08	403.08	564.31	564.31	470.26	403.08	403.08	470.26	564.31	564.31
312	286.78	286.78	401.49	401.49	334.58	286.78	286.78	334.58	401.49	401.49
926	334.07	334.07	467.70	467.70	389.75	334.07	334.07	389.75	467.70	467.70
313	220.57	220.57	308.80	308.80	257.33	220.57	220.57	257.33	308.80	308.80
923	295.52	295.52	413.73	413.73	344.78	295.52	295.52	344.78	413.73	413.73
310	301.22	301.22	421.71	421.71	351.43	301.22	301.22	351.43	421.71	421.71
924	323.72	323.72	453.21	453.21	377.68	323.72	323.72	377.68	453.21	453.21
311	230.43	230.43	322.60	322.60	268.83	230.43	230.43	268.83	322.60	322.60
921	221.75	221.75	310.45	310.45	258.71	221.75	221.75	258.71	310.45	310.45
922	235.16	235.16	329.22	329.22	274.35	235.16	235.16	274.35	329.22	329.22
513	3.89	3.89	5.45	5.45	4.54	3.89	3.89	4.54	5.45	5.45
512	3.36	3.36	4.70	4.70	3.92	3.36	3.36	3.92	4.70	4.70
729	3.26	3.26	4.56	4.56	3.80	3.26	3.26	3.80	4.56	4.56
511	3.35	3.35	4.69	4.69	3.91	3.35	3.35	3.91	4.69	4.69
728	3.49	3.49	4.88	4.88	4.07	3.49	3.49	4.07	4.88	4.88
510	3.36	3.36	4.71	4.71	3.93	3.36	3.36	3.93	4.71	4.71
727	3.25	3.25	4.55	4.55	3.79	3.25	3.25	3.79	4.55	4.55
726	3.46	3.46	4.85	4.85	4.04	3.46	3.46	4.04	4.85	4.85
725	3.54	3.54	4.96	4.96	4.13	3.54	3.54	4.13	4.96	4.96
919	187.42	187.42	262.39	262.39	218.66	187.42	187.42	218.66	262.39	262.39
724	3.68	3.68	5.15	5.15	4.29	3.68	3.68	4.29	5.15	5.15
918	214.25	214.25	299.95	299.95	249.96	214.25	214.25	249.96	299.95	299.95
723	3.80	3.80	5.32	5.32	4.43	3.80	3.80	4.43	5.32	5.32
722	3.83	3.83	5.36	5.36	4.47	3.83	3.83	4.47	5.36	5.36
721	3.64	3.64	5.10	5.10	4.25	3.64	3.64	4.25	5.10	5.10
519	3.84	3.84	5.37	5.37	4.48	3.84	3.84	4.48	5.37	5.37
720	3.58	3.58	5.01	5.01	4.18	3.58	3.58	4.18	5.01	5.01
518	3.75	3.75	5.25	5.25	4.38	3.75	3.75	4.38	5.25	5.25
517	3.41	3.41	4.78	4.78	3.98	3.41	3.41	3.98	4.78	4.78
516	3.78	3.78	5.29	5.29	4.41	3.78	3.78	4.41	5.29	5.29
515	3.64	3.64	5.09	5.09	4.24	3.64	3.64	4.24	5.09	5.09
514	3.73	3.73	5.22	5.22	4.35	3.73	3.73	4.35	5.22	5.22
327	345.55	345.55	483.77	483.77	403.14	345.55	345.55	403.14	483.77	483.77
328	238.50	238.50	333.90	333.90	278.25	238.50	238.50	278.25	333.90	333.90
329	388.78	388.78	544.29	544.29	453.58	388.78	388.78	453.58	544.29	544.29
914	281.74	281.74	394.43	394.43	328.69	281.74	281.74	328.69	394.43	394.43
323	194.11	194.11	271.75	271.75	226.46	194.11	194.11	226.46	271.75	271.75
915	351.98	351.98	492.77	492.77	410.64	351.98	351.98	410.64	492.77	492.77
324	206.41	206.41	288.97	288.97	240.81	206.41	206.41	240.81	288.97	288.97
916	474.05	474.05	663.67	663.67	553.06	474.05	474.05	553.06	663.67	663.67
325	439.04	439.04	614.65	614.65	512.21	439.04	439.04	512.21	614.65	614.65
917	212.89	212.89	298.04	298.04	248.37	212.89	212.89	248.37	298.04	298.04
326	300.16	300.16	420.23	420.23	350.19	300.16	300.16	350.19	420.23	420.23
910	320.36	320.36	448.51	448.51	373.76	320.36	320.36	373.76	448.51	448.51
709	3.39	3.39	4.75	4.75	3.96	3.39	3.39	3.96	4.75	4.75
911	256.89	256.89	359.65	359.65	299.71	256.89	256.89	299.71	359.65	359.65
320	482.67	482.67	675.74	675.74	563.12	482.67	482.67	563.12	675.74	675.74
912	375.84	375.84	526.18	526.18	438.48	375.84	375.84	438.48	526.18	526.18
321	286.55	286.55	401.17	401.17	334.31	286.55	286.55	334.31	401.17	401.17
913	430.40	430.40	602.56	602.56	502.13	430.40	430.40	502.13	602.56	602.56
322	356.83	356.83	499.56	499.56	416.30	356.83	356.83	416.30	499.56	499.56
522	3.73	3.73	5.22	5.22	4.35	3.73	3.73	4.35	5.22	5.22
717	3.35	3.35	4.69	4.69	3.91	3.35	3.35	3.91	4.69	4.69
521	4.11	4.11	5.75	5.75	4.79	4.11	4.11	4.79	5.75	5.75
716	3.55	3.55	4.97	4.97	4.14	3.55	3.55	4.14	4.97	4.97
524	3.50	3.50	4.90	4.90	4.08	3.50	3.50	4.08	4.90	4.90
719	3.76	3.76	5.27	5.27	4.39	3.76	3.76	4.39	5.27	5.27
523	3.22	3.22	4.51	4.51	3.76	3.22	3.22	3.76	4.51	4.51
718	3.89	3.89	5.45	5.45	4.54	3.89	3.89	4.54	5.45	5.45
908	166.95	166.95	233.73	233.73	194.78	166.95	166.95	194.78	233.73	233.73
713	3.04	3.04	4.25	4.25	3.54	3.04	3.04	3.54	4.25	4.25
907	458.50	458.50	641.90	641.90	534.92	458.50	458.50	534.92	641.90	641.90
712	3.76	3.76	5.26	5.26	4.38	3.76	3.76	4.38	5.26	5.26
520	3.37	3.37	4.72	4.72	3.93	3.37	3.37	3.93	4.72	4.72
715	3.47	3.47	4.86	4.86	4.05	3.47	3.47	4.05	4.86	4.86
909	301.45	301.45	422.03	422.03	351.69	301.45	301.45	351.69	422.03	422.03
714	3.34	3.34	4.68	4.68	3.90	3.34	3.34	3.90	4.68	4.68
529	3.67	3.67	5.14	5.14	4.28	3.67	3.67	4.28	5.14	5.14
711	3.83	3.83	5.36	5.36	4.47	3.83	3.83	4.47	5.36	5.36
710	3.57	3.57	5.00	5.00	4.17	3.57	3.57	4.17	5.00	5.00
526	3.64	3.64	5.10	5.10	4.25	3.64	3.64	4.25	5.10	5.10
525	3.86	3.86	5.40	5.40	4.50	3.86	3.86	4.50	5.40	5.40
528	3.27	3.27	4.58	4.58	3.82	3.27	3.27	3.82	4.58	4.58
527	3.78	3.78	5.29	5.29	4.41	3.78	3.78	4.41	5.29	5.29
989	3.89	3.89	5.44	5.44	4.53	3.89	3.89	4.53	5.44	5.44
988	3.72	3.72	5.21	5.21	4.34	3.72	3.72	4.34	5.21	5.21
987	3.94	3.94	5.51	5.51	4.59	3.94	3.94	4.59	5.51	5.51
571	4.05	4.05	5.67	5.67	4.73	4.05	4.05	4.73	5.67	5.67
570	3.77	3.77	5.28	5.28	4.40	3.77	3.77	4.40	5.28	5.28
982	3.96	3.96	5.55	5.55	4.63	3.96	3.96	4.63	5.55	5.55
981	3.96	3.96	5.55	5.55	4.63	3.96	3.96	4.63	5.55	5.55
980	429.91	429.91	601.87	601.87	501.56	429.91	429.91	501.56	601.87	601.87
986	3.81	3.81	5.34	5.34	4.45	3.81	3.81	4.45	5.34	5.34
985	4.09	4.09	5.72	5.72	4.77	4.09	4.09	4.77	5.72	5.72
984	3.72	3.72	5.21	5.21	4.34	3.72	3.72	4.34	5.21	5.21
983	3.96	3.96	5.55	5.55	4.63	3.96	3.96	4.63	5.55	5.55
700	3.46	3.46	4.85	4.85	4.04	3.46	3.46	4.04	4.85	4.85
574	3.53	3.53	4.94	4.94	4.12	3.53	3.53	4.12	4.94	4.94
703	3.81	3.81	5.33	5.33	4.44	3.81	3.81	4.44	5.33	5.33
575	3.66	3.66	5.12	5.12	4.27	3.66	3.66	4.27	5.12	5.12
704	3.64	3.64	5.09	5.09	4.24	3.64	3.64	4.24	5.09	5.09
572	3.48	3.48	4.87	4.87	4.06	3.48	3.48	4.06	4.87	4.87
701	4.15	4.15	5.81	5.81	4.84	4.15	4.15	4.84	5.81	5.81
573	3.57	3.57	5.00	5.00	4.17	3.57	3.57	4.17	5.00	5.00
702	4.12	4.12	5.77	5.77	4.81	4.12	4.12	4.81	5.77	5.77
578	3.90	3.90	5.46	5.46	4.55	3.90	3.90	4.55	5.46	5.46
707	3.94	3.94	5.52	5.52	4.60	3.94	3.94	4.60	5.52	5.52
579	3.39	3.39	4.74	4.74	3.95	3.39	3.39	3.95	4.74	4.74
708	3.59	3.59	5.02	5.02	4.18	3.59	3.59	4.18	5.02	5.02
576	3.70	3.70	5.18	5.18	4.32	3.70	3.70	4.32	5.18	5.18
705	3.72	3.72	5.21	5.21	4.34	3.72	3.72	4.34	5.21	5.21
577	3.80	3.80	5.32	5.32	4.43	3.80	3.80	4.43	5.32	5.32
706	3.71	3.71	5.20	5.20	4.33	3.71	3.71	4.33	5.20	5.20
977	215.60	215.60	301.84	301.84	251.53	215.60	215.60	251.53	301.84	301.84
976	245.87	245.87	344.22	344.22	286.85	245.87	245.87	286.85	344.22	344.22
979	180.94	180.94	253.32	253.32	211.10	180.94	180.94	211.10	253.32	253.32
300	339.24	339.24	474.93	474.93	395.78	339.24	339.24	395.78	474.93	474.93
978	475.51	475.51	665.72	665.72	554.77	475.51	475.51	554.77	665.72	665.72
302	366.79	366.79	513.51	513.51	427.93	366.79	366.79	427.93	513.51	513.51
580	3.47	3.47	4.86	4.86	4.05	3.47	3.47	4.05	4.86	4.86
301	386.90	386.90	541.66	541.66	451.38	386.90	386.90	451.38	541.66	541.66
304	263.30	263.30	368.62	368.62	307.18	263.30	263.30	307.18	368.62	368.62
582	3.50	3.50	4.90	4.90	4.08	3.50	3.50	4.08	4.90	4.90
303	195.05	195.05	273.07	273.07	227.56	195.05	195.05	227.56	273.07	273.07
581	3.67	3.67	5.14	5.14	4.28	3.67	3.67	4.28	5.14	5.14
306	236.37	236.37	330.92	330.92	275.77	236.37	236.37	275.77	330.92	330.92
305	468.34	468.34	655.67	655.67	546.39	468.34	468.34	546.39	655.67	655.67
971	330.11	330.11	462.16	462.16	385.13	330.11	330.11	385.13	462.16	462.16
308	236.98	236.98	331.77	331.77	276.48	236.98	236.98	276.48	331.77	331.77
970	453.09	453.09	634.32	634.32	528.60	453.09	453.09	528.60	634.32	634.32
307	386.36	386.36	540.90	540.90	450.75	386.36	386.36	450.75	540.90	540.90
973	206.64	206.64	289.30	289.30	241.08	206.64	206.64	241.08	289.30	289.30
972	165.53	165.53	231.74	231.74	193.12	165.53	165.53	193.12	231.74	231.74
309	214.59	214.59	300.43	300.43	250.36	214.59	214.59	250.36	300.43	300.43
975	475.59	475.59	665.83	665.83	554.86	475.59	475.59	554.86	665.83	665.83
974	211.15	211.15	295.61	295.61	246.34	211.15	211.15	246.34	295.61	295.61
583	3.20	3.20	4.48	4.48	3.73	3.20	3.20	3.73	4.48	4.48
584	3.89	3.89	5.45	5.45	4.54	3.89	3.89	4.54	5.45	5.45
585	3.32	3.32	4.65	4.65	3.88	3.32	3.32	3.88	4.65	4.65
586	3.39	3.39	4.74	4.74	3.95	3.39	3.39	3.95	4.74	4.74
587	3.64	3.64	5.10	5.10	4.25	3.64	3.64	4.25	5.10	5.10
588	4.21	4.21	5.89	5.89	4.91	4.21	4.21	4.91	5.89	5.89
589	3.76	3.76	5.27	5.27	4.39	3.76	3.76	4.39	5.27	5.27
969	399.93	399.93	559.90	559.90	466.58	399.93	399.93	466.58	559.90	559.90
968	218.00	218.00	305.20	305.20	254.33	218.00	218.00	254.33	305.20	305.20
967	341.91	341.91	478.67	478.67	398.89	341.91	341.91	398.89	478.67	478.67
966	320.06	320.06	448.08	448.08	373.40	320.06	320.06	373.40	448.08	448.08
965	326.36	326.36	456.91	456.91	380.76	326.36	326.36	380.76	456.91	456.91
964	318.24	318.24	445.53	445.53	371.28	318.24	318.24	371.28	445.53	445.53
963	436.74	436.74	611.43	611.43	509.52	436.74	436.74	509.52	611.43	611.43
962	408.79	408.79	572.31	572.31	476.92	408.79	408.79	476.92	572.31	572.31
961	471.57	471.57	660.20	660.20	550.17	471.57	471.57	550.17	660.20	660.20
960	280.90	280.90	393.26	393.26	327.72	280.90	280.90	327.72	393.26	393.26
558	3.80	3.80	5.32	5.32	4.43	3.80	3.80	4.43	5.32	5.32
559	3.72	3.72	5.21	5.21	4.34	3.72	3.72	4.34	5.21	5.21
556	3.78	3.78	5.29	5.29	4.41	3.78	3.78	4.41	5.29	5.29
557	3.56	3.56	4.99	4.99	4.16	3.56	3.56	4.16	4.99	4.99
554	3.80	3.80	5.32	5.32	4.43	3.80	3.80	4.43	5.32	5.32
555	3.74	3.74	5.23	5.23	4.36	3.74	3.74	4.36	5.23	5.23
552	3.69	3.69	5.16	5.16	4.30	3.69	3.69	4.30	5.16	5.16
553	3.55	3.55	4.97	4.97	4.14	3.55	3.55	4.14	4.97	4.97
550	3.85	3.85	5.39	5.39	4.49	3.85	3.85	4.49	5.39	5.39
551	3.84	3.84	5.38	5.38	4.48	3.84	3.84	4.48	5.38	5.38
959	339.94	339.94	475.92	475.92	396.60	339.94	339.94	396.60	475.92	475.92
958	426.40	426.40	596.96	596.96	497.47	426.40	426.40	497.47	596.96	596.96
560	3.44	3.44	4.82	4.82	4.02	3.44	3.44	4.02	4.82	4.82
955	415.96	415.96	582.34	582.34	485.28	415.96	415.96	485.28	582.34	582.34
954	322.59	322.59	451.62	451.62	376.35	322.59	322.59	376.35	451.62	451.62
957	423.61	423.61	593.06	593.06	494.22	423.61	423.61	494.22	593.06	593.06
956	302.21	302.21	423.09	423.09	352.58	302.21	302.21	352.58	423.09	423.09
951	214.84	214.84	300.77	300.77	250.64	214.84	214.84	250.64	300.77	300.77
950	236.54	236.54	331.15	331.15	275.96	236.54	236.54	275.96	331.15	331.15
953	354.57	354.57	496.40	496.40	413.67	354.57	354.57	413.67	496.40	496.40
952	264.88	264.88	370.83	370.83	309.03	264.88	264.88	309.03	370.83	370.83
569	3.15	3.15	4.41	4.41	3.68	3.15	3.15	3.68	4.41	4.41
565	3.41	3.41	4.77	4.77	3.97	3.41	3.41	3.97	4.77	4.77
566	3.52	3.52	4.93	4.93	4.11	3.52	3.52	4.11	4.93	4.93
567	4.05	4.05	5.67	5.67	4.73	4.05	4.05	4.73	5.67	5.67
568	3.75	3.75	5.25	5.25	4.38	3.75	3.75	4.38	5.25	5.25
561	3.84	3.84	5.37	5.37	4.48	3.84	3.84	4.48	5.37	5.37
562	3.31	3.31	4.63	4.63	3.86	3.31	3.31	3.86	4.63	4.63
563	3.81	3.81	5.33	5.33	4.44	3.81	3.81	4.44	5.33	5.33
564	3.55	3.55	4.97	4.97	4.14	3.55	3.55	4.14	4.97	4.97
799	439.26	439.26	614.96	614.96	512.47	439.26	439.26	512.47	614.96	614.96
798	167.64	167.64	234.70	234.70	195.58	167.64	167.64	195.58	234.70	234.70
797	463.21	463.21	648.50	648.50	540.42	463.21	463.21	540.42	648.50	648.50
796	329.54	329.54	461.36	461.36	384.47	329.54	329.54	384.47	461.36	461.36
795	390.05	390.05	546.07	546.07	455.06	390.05	390.05	455.06	546.07	546.07
794	282.28	282.28	395.19	395.19	329.33	282.28	282.28	329.33	395.19	395.19
793	367.04	367.04	513.86	513.86	428.22	367.04	367.04	428.22	513.86	513.86
792	351.82	351.82	492.55	492.55	410.46	351.82	351.82	410.46	492.55	492.55
996	3.63	3.63	5.08	5.08	4.23	3.63	3.63	4.23	5.08	5.08
790	370.15	370.15	518.21	518.21	431.84	370.15	370.15	431.84	518.21	518.21
997	4.01	4.01	5.61	5.61	4.68	4.01	4.01	4.68	5.61	5.61
791	464.26	464.26	649.97	649.97	541.64	464.26	464.26	541.64	649.97	649.97
994	3.83	3.83	5.36	5.36	4.47	3.83	3.83	4.47	5.36	5.36
995	3.81	3.81	5.34	5.34	4.45	3.81	3.81	4.45	5.34	5.34
992	4.12	4.12	5.77	5.77	4.81	4.12	4.12	4.81	5.77	5.77
993	3.93	3.93	5.50	5.50	4.58	3.93	3.93	4.58	5.50	5.50
990	3.67	3.67	5.14	5.14	4.28	3.67	3.67	4.28	5.14	5.14
991	3.85	3.85	5.39	5.39	4.49	3.85	3.85	4.49	5.39	5.39
998	3.92	3.92	5.49	5.49	4.58	3.92	3.92	4.58	5.49	5.49
999	3.77	3.77	5.28	5.28	4.40	3.77	3.77	4.40	5.28	5.28
781	320.50	320.50	448.70	448.70	373.92	320.50	320.50	373.92	448.70	448.70
782	397.01	397.01	555.81	555.81	463.17	397.01	397.01	463.17	555.81	555.81
783	438.29	438.29	613.61	613.61	511.34	438.29	438.29	511.34	613.61	613.61
784	276.55	276.55	387.17	387.17	322.64	276.55	276.55	322.64	387.17	387.17
785	359.94	359.94	503.92	503.92	419.93	359.94	359.94	419.93	503.92	503.92
786	186.90	186.90	261.66	261.66	218.05	186.90	186.90	218.05	261.66	261.66
787	413.35	413.35	578.69	578.69	482.24	413.35	413.35	482.24	578.69	578.69
788	230.19	230.19	322.27	322.27	268.56	230.19	230.19	268.56	322.27	322.27
789	227.56	227.56	318.59	318.59	265.49	227.56	227.56	265.49	318.59	318.59
780	419.91	419.91	587.88	587.88	489.90	419.91	419.91	489.90	587.88	587.88
772	343.75	343.75	481.25	481.25	401.04	343.75	343.75	401.04	481.25	481.25
505	4.03	4.03	5.64	5.64	4.70	4.03	4.03	4.70	5.64	5.64
773	178.21	178.21	249.50	249.50	207.92	178.21	178.21	207.92	249.50	249.50
506	3.31	3.31	4.64	4.64	3.87	3.31	3.31	3.87	4.64	4.64
770	420.89	420.89	589.24	589.24	491.03	420.89	420.89	491.03	589.24	589.24
503	3.38	3.38	4.73	4.73	3.94	3.38	3.38	3.94	4.73	4.73
771	402.00	402.00	562.80	562.80	469.00	402.00	402.00	469.00	562.80	562.80
504	3.66	3.66	5.12	5.12	4.27	3.66	3.66	4.27	5.12	5.12
776	187.42	187.42	262.39	262.39	218.66	187.42	187.42	218.66	262.39	262.39
509	3.69	3.69	5.16	5.16	4.30	3.69	3.69	4.30	5.16	5.16
777	359.92	359.92	503.89	503.89	419.91	359.92	359.92	419.91	503.89	503.89
774	183.76	183.76	257.27	257.27	214.39	183.76	183.76	214.39	257.27	257.27
507	3.74	3.74	5.23	5.23	4.36	3.74	3.74	4.36	5.23	5.23
775	404.46	404.46	566.24	566.24	471.87	404.46	404.46	471.87	566.24	566.24
508	3.42	3.42	4.79	4.79	3.99	3.42	3.42	3.99	4.79	4.79
778	485.86	485.86	680.20	680.20	566.83	485.86	485.86	566.83	680.20	680.20
779	320.39	320.39	448.55	448.55	373.79	320.39	320.39	373.79	448.55	448.55
501	3.82	3.82	5.35	5.35	4.46	3.82	3.82	4.46	5.35	5.35
502	3.91	3.91	5.48	5.48	4.57	3.91	3.91	4.57	5.48	5.48
500	3.06	3.06	4.28	4.28	3.57	3.06	3.06	3.57	4.28	4.28
763	203.64	203.64	285.09	285.09	237.57	203.64	203.64	237.57	285.09	285.09
764	263.46	263.46	368.84	368.84	307.37	263.46	263.46	307.37	368.84	368.84
765	487.26	487.26	682.17	682.17	568.47	487.26	487.26	568.47	682.17	682.17
766	369.92	369.92	517.89	517.89	431.58	369.92	369.92	431.58	517.89	517.89
760	482.92	482.92	676.09	676.09	563.41	482.92	482.92	563.41	676.09	676.09
761	367.34	367.34	514.28	514.28	428.57	367.34	367.34	428.57	514.28	514.28
762	416.09	416.09	582.52	582.52	485.43	416.09	416.09	485.43	582.52	582.52
767	457.35	457.35	640.29	640.29	533.58	457.35	457.35	533.58	640.29	640.29
768	329.86	329.86	461.81	461.81	384.84	329.86	329.86	384.84	461.81	461.81
769	337.73	337.73	472.82	472.82	394.02	337.73	337.73	394.02	472.82	472.82
754	232.44	232.44	325.41	325.41	271.18	232.44	232.44	271.18	325.41	325.41
755	492.84	492.84	689.97	689.97	574.98	492.84	492.84	574.98	689.97	689.97
752	309.71	309.71	433.59	433.59	361.33	309.71	309.71	361.33	433.59	433.59
753	381.55	381.55	534.17	534.17	445.14	381.55	381.55	445.14	534.17	534.17
750	233.19	233.19	326.46	326.46	272.05	233.19	233.19	272.05	326.46	326.46
751	316.52	316.52	443.13	443.13	369.28	316.52	316.52	369.28	443.13	443.13
758	344.96	344.96	482.94	482.94	402.45	344.96	344.96	402.45	482.94	482.94
759	231.93	231.93	324.70	324.70	270.58	231.93	231.93	270.58	324.70	324.70
756	270.57	270.57	378.80	378.80	315.67	270.57	270.57	315.67	378.80	378.80
757	447.31	447.31	626.23	626.23	521.86	447.31	447.31	521.86	626.23	626.23
595	3.41	3.41	4.77	4.77	3.97	3.41	3.41	3.97	4.77	4.77
594	3.36	3.36	4.71	4.71	3.93	3.36	3.36	3.93	4.71	4.71
391	379.69	379.69	531.56	531.56	442.97	379.69	379.69	442.97	531.56	531.56
597	3.81	3.81	5.34	5.34	4.45	3.81	3.81	4.45	5.34	5.34
390	291.35	291.35	407.89	407.89	339.91	291.35	291.35	339.91	407.89	407.89
596	4.03	4.03	5.64	5.64	4.70	4.03	4.03	4.70	5.64	5.64
393	470.10	470.10	658.14	658.14	548.45	470.10	470.10	548.45	658.14	658.14
599	3.47	3.47	4.86	4.86	4.05	3.47	3.47	4.05	4.86	4.86
392	329.24	329.24	460.93	460.93	384.11	329.24	329.24	384.11	460.93	460.93
598	3.84	3.84	5.37	5.37	4.48	3.84	3.84	4.48	5.37	5.37
395	187.22	187.22	262.11	262.11	218.43	187.22	187.22	218.43	262.11	262.11
394	326.96	326.96	457.75	457.75	381.46	326.96	326.96	381.46	457.75	457.75
396	458.39	458.39	641.75	641.75	534.79	458.39	458.39	534.79	641.75	641.75
397	265.78	265.78	372.09	372.09	310.08	265.78	265.78	310.08	372.09	372.09
398	269.54	269.54	377.36	377.36	314.47	269.54	269.54	314.47	377.36	377.36
399	377.26	377.26	528.16	528.16	440.13	377.26	377.26	440.13	528.16	528.16
590	3.74	3.74	5.23	5.23	4.36	3.74	3.74	4.36	5.23	5.23
591	3.73	3.73	5.22	5.22	4.35	3.73	3.73	4.35	5.22	5.22
592	3.29	3.29	4.60	4.60	3.83	3.29	3.29	3.83	4.60	4.60
593	3.66	3.66	5.12	5.12	4.27	3.66	3.66	4.27	5.12	5.12
383	322.96	322.96	452.15	452.15	376.79	322.96	322.96	376.79	452.15	452.15
384	250.88	250.88	351.23	351.23	292.69	250.88	250.88	292.69	351.23	351.23
381	249.44	249.44	349.21	349.21	291.01	249.44	249.44	291.01	349.21	349.21
382	391.09	391.09	547.52	547.52	456.27	391.09	391.09	456.27	547.52	547.52
380	180.86	180.86	253.21	253.21	211.01	180.86	180.86	211.01	253.21	253.21
389	392.56	392.56	549.58	549.58	457.98	392.56	392.56	457.98	549.58	549.58
388	363.19	363.19	508.46	508.46	423.72	363.19	363.19	423.72	508.46	508.46
387	438.15	438.15	613.41	613.41	511.18	438.15	438.15	511.18	613.41	613.41
386	295.01	295.01	413.01	413.01	344.18	295.01	295.01	344.18	413.01	413.01
385	238.15	238.15	333.41	333.41	277.84	238.15	238.15	277.84	333.41	333.41
370	349.16	349.16	488.82	488.82	407.35	349.16	349.16	407.35	488.82	488.82
371	242.39	242.39	339.34	339.34	282.78	242.39	242.39	282.78	339.34	339.34
372	411.71	411.71	576.39	576.39	480.33	411.71	411.71	480.33	576.39	576.39
373	193.59	193.59	271.02	271.02	225.85	193.59	193.59	225.85	271.02	271.02
379	346.41	346.41	484.97	484.97	404.14	346.41	346.41	404.14	484.97	484.97
378	485.46	485.46	679.64	679.64	566.37	485.46	485.46	566.37	679.64	679.64
375	237.54	237.54	332.56	332.56	277.13	237.54	237.54	277.13	332.56	332.56
374	330.74	330.74	463.03	463.03	385.86	330.74	330.74	385.86	463.03	463.03
377	341.98	341.98	478.77	478.77	398.98	341.98	341.98	398.98	478.77	478.77
376	340.59	340.59	476.82	476.82	397.35	340.59	340.59	397.35	476.82	476.82
361	360.48	360.48	504.67	504.67	420.56	360.48	360.48	420.56	504.67	504.67
362	254.54	254.54	356.35	356.35	296.96	254.54	254.54	296.96	356.35	356.35
360	361.48	361.48	506.07	506.07	421.73	361.48	361.48	421.73	506.07	506.07
366	419.46	419.46	587.25	587.25	489.38	419.46	419.46	489.38	587.25	587.25
365	385.29	385.29	539.40	539.40	449.50	385.29	385.29	449.50	539.40	539.40
364	266.94	266.94	373.72	373.72	311.43	266.94	266.94	311.43	373.72	373.72
363	319.23	319.23	446.92	446.92	372.43	319.23	319.23	372.43	446.92	446.92
369	357.23	357.23	500.12	500.12	416.77	357.23	357.23	416.77	500.12	500.12
368	268.29	268.29	375.60	375.60	313.00	268.29	268.29	313.00	375.60	375.60
367	477.39	477.39	668.35	668.35	556.96	477.39	477.39	556.96	668.35	668.35
350	454.02	454.02	635.63	635.63	529.69	454.02	454.02	529.69	635.63	635.63
351	289.04	289.04	404.66	404.66	337.22	289.04	289.04	337.22	404.66	404.66
353	298.04	298.04	417.25	417.25	347.71	298.04	298.04	347.71	417.25	417.25
352	329.90	329.90	461.86	461.86	384.88	329.90	329.90	384.88	461.86	461.86
355	397.31	397.31	556.24	556.24	463.53	397.31	397.31	463.53	556.24	556.24
354	484.95	484.95	678.93	678.93	565.78	484.95	484.95	565.78	678.93	678.93
357	397.54	397.54	556.55	556.55	463.79	397.54	397.54	463.79	556.55	556.55
356	311.59	311.59	436.22	436.22	363.52	311.59	311.59	363.52	436.22	436.22
359	348.24	348.24	487.53	487.53	406.28	348.24	348.24	406.28	487.53	487.53
358	195.13	195.13	273.18	273.18	227.65	195.13	195.13	227.65	273.18	273.18
806	282.39	282.39	395.35	395.35	329.46	282.39	282.39	329.46	395.35	395.35
807	400.35	400.35	560.49	560.49	467.08	400.35	400.35	467.08	560.49	560.49
804	404.86	404.86	566.80	566.80	472.33	404.86	404.86	472.33	566.80	566.80
805	367.53	367.53	514.54	514.54	428.78	367.53	367.53	428.78	514.54	514.54
802	243.29	243.29	340.60	340.60	283.83	243.29	243.29	283.83	340.60	340.60
803	250.87	250.87	351.22	351.22	292.68	250.87	250.87	292.68	351.22	351.22
800	171.39	171.39	239.94	239.94	199.95	171.39	171.39	199.95	239.94	239.94
801	337.74	337.74	472.84	472.84	394.03	337.74	337.74	394.03	472.84	472.84
159	13.18	13.18	18.45	18.45	15.38	13.18	13.18	15.38	18.45	18.45
158	12.65	12.65	17.71	17.71	14.76	12.65	12.65	14.76	17.71	17.71
157	12.86	12.86	18.01	18.01	15.01	12.86	12.86	15.01	18.01	18.01
156	12.95	12.95	18.13	18.13	15.11	12.95	12.95	15.11	18.13	18.13
155	12.58	12.58	17.61	17.61	14.68	12.58	12.58	14.68	17.61	17.61
154	12.57	12.57	17.60	17.60	14.67	12.57	12.57	14.67	17.60	17.60
152	12.96	12.96	18.15	18.15	15.12	12.96	12.96	15.12	18.15	18.15
601	3.79	3.79	5.30	5.30	4.42	3.79	3.79	4.42	5.30	5.30
153	13.21	13.21	18.50	18.50	15.42	13.21	13.21	15.42	18.50	18.50
600	3.65	3.65	5.11	5.11	4.26	3.65	3.65	4.26	5.11	5.11
150	13.31	13.31	18.64	18.64	15.53	13.31	13.31	15.53	18.64	18.64
151	13.16	13.16	18.42	18.42	15.35	13.16	13.16	15.35	18.42	18.42
609	4.23	4.23	5.92	5.92	4.93	4.23	4.23	4.93	5.92	5.92
608	3.72	3.72	5.21	5.21	4.34	3.72	3.72	4.34	5.21	5.21
607	3.88	3.88	5.43	5.43	4.53	3.88	3.88	4.53	5.43	5.43
606	3.51	3.51	4.91	4.91	4.09	3.51	3.51	4.09	4.91	4.91
605	3.65	3.65	5.11	5.11	4.26	3.65	3.65	4.26	5.11	5.11
604	3.69	3.69	5.16	5.16	4.30	3.69	3.69	4.30	5.16	5.16
603	3.49	3.49	4.88	4.88	4.07	3.49	3.49	4.07	4.88	4.88
602	3.52	3.52	4.93	4.93	4.11	3.52	3.52	4.11	4.93	4.93
202	13.18	13.18	18.45	18.45	15.38	13.18	13.18	15.38	18.45	18.45
203	13.49	13.49	18.89	18.89	15.74	13.49	13.49	15.74	18.89	18.89
204	12.94	12.94	18.12	18.12	15.10	12.94	12.94	15.10	18.12	18.12
205	12.77	12.77	17.88	17.88	14.90	12.77	12.77	14.90	17.88	17.88
200	12.34	12.34	17.28	17.28	14.40	12.34	12.34	14.40	17.28	17.28
201	13.00	13.00	18.20	18.20	15.17	13.00	13.00	15.17	18.20	18.20
169	13.25	13.25	18.55	18.55	15.46	13.25	13.25	15.46	18.55	18.55
206	12.76	12.76	17.86	17.86	14.88	12.76	12.76	14.88	17.86	17.86
166	13.30	13.30	18.62	18.62	15.52	13.30	13.30	15.52	18.62	18.62
207	12.22	12.22	17.11	17.11	14.26	12.22	12.22	14.26	17.11	17.11
165	13.37	13.37	18.72	18.72	15.60	13.37	13.37	15.60	18.72	18.72
208	13.06	13.06	18.29	18.29	15.24	13.06	13.06	15.24	18.29	18.29
168	12.78	12.78	17.89	17.89	14.91	12.78	12.78	14.91	17.89	17.89
209	13.04	13.04	18.25	18.25	15.21	13.04	13.04	15.21	18.25	18.25
167	13.31	13.31	18.64	18.64	15.53	13.31	13.31	15.53	18.64	18.64
161	13.14	13.14	18.40	18.40	15.33	13.14	13.14	15.33	18.40	18.40
409	439.91	439.91	615.87	615.87	513.23	439.91	439.91	513.23	615.87	615.87
162	12.89	12.89	18.04	18.04	15.03	12.89	12.89	15.03	18.04	18.04
408	229.57	229.57	321.40	321.40	267.83	229.57	229.57	267.83	321.40	321.40
163	12.90	12.90	18.06	18.06	15.05	12.90	12.90	15.05	18.06	18.06
164	13.03	13.03	18.24	18.24	15.20	13.03	13.03	15.20	18.24	18.24
405	272.26	272.26	381.16	381.16	317.63	272.26	272.26	317.63	381.16	381.16
404	438.06	438.06	613.28	613.28	511.07	438.06	438.06	511.07	613.28	613.28
407	428.18	428.18	599.45	599.45	499.54	428.18	428.18	499.54	599.45	599.45
160	12.45	12.45	17.43	17.43	14.53	12.45	12.45	14.53	17.43	17.43
406	422.23	422.23	591.12	591.12	492.60	422.23	422.23	492.60	591.12	591.12
401	420.04	420.04	588.06	588.06	490.05	420.04	420.04	490.05	588.06	588.06
400	231.17	231.17	323.64	323.64	269.70	231.17	231.17	269.70	323.64	323.64
403	393.13	393.13	550.38	550.38	458.65	393.13	393.13	458.65	550.38	550.38
402	370.62	370.62	518.87	518.87	432.39	370.62	370.62	432.39	518.87	518.87
824	380.56	380.56	532.79	532.79	443.99	380.56	380.56	443.99	532.79	532.79
211	13.10	13.10	18.34	18.34	15.28	13.10	13.10	15.28	18.34	18.34
825	455.36	455.36	637.50	637.50	531.25	455.36	455.36	531.25	637.50	637.50
212	13.48	13.48	18.87	18.87	15.73	13.48	13.48	15.73	18.87	18.87
822	438.59	438.59	614.03	614.03	511.69	438.59	438.59	511.69	614.03	614.03
823	292.98	292.98	410.17	410.17	341.81	292.98	292.98	341.81	410.17	410.17
210	12.89	12.89	18.05	18.05	15.04	12.89	12.89	15.04	18.05	18.05
828	262.23	262.23	367.12	367.12	305.93	262.23	262.23	305.93	367.12	367.12
215	13.68	13.68	19.15	19.15	15.96	13.68	13.68	15.96	19.15	19.15
829	491.76	491.76	688.47	688.47	573.73	491.76	491.76	573.73	688.47	688.47
216	13.04	13.04	18.25	18.25	15.21	13.04	13.04	15.21	18.25	18.25
826	272.55	272.55	381.57	381.57	317.98	272.55	272.55	317.98	381.57	381.57
213	12.98	12.98	18.17	18.17	15.14	12.98	12.98	15.14	18.17	18.17
827	297.77	297.77	416.88	416.88	347.40	297.77	297.77	347.40	416.88	416.88
214	13.59	13.59	19.02	19.02	15.85	13.59	13.59	15.85	19.02	19.02
219	13.20	13.20	18.48	18.48	15.40	13.20	13.20	15.40	18.48	18.48
179	13.37	13.37	18.72	18.72	15.60	13.37	13.37	15.60	18.72	18.72
178	12.81	12.81	17.94	17.94	14.95	12.81	12.81	14.95	17.94	17.94
217	13.05	13.05	18.27	18.27	15.23	13.05	13.05	15.23	18.27	18.27
177	12.71	12.71	17.80	17.80	14.83	12.71	12.71	14.83	17.80	17.80
218	12.53	12.53	17.54	17.54	14.62	12.53	12.53	14.62	17.54	17.54
176	12.96	12.96	18.14	18.14	15.12	12.96	12.96	15.12	18.14	18.14
820	173.18	173.18	242.45	242.45	202.04	173.18	173.18	202.04	242.45	242.45
821	266.12	266.12	372.57	372.57	310.48	266.12	266.12	310.48	372.57	372.57
170	12.89	12.89	18.04	18.04	15.03	12.89	12.89	15.03	18.04	18.04
418	282.44	282.44	395.42	395.42	329.52	282.44	282.44	329.52	395.42	395.42
171	13.02	13.02	18.23	18.23	15.19	13.02	13.02	15.19	18.23	18.23
417	236.85	236.85	331.59	331.59	276.33	236.85	236.85	276.33	331.59	331.59
416	392.68	392.68	549.75	549.75	458.13	392.68	392.68	458.13	549.75	549.75
415	355.28	355.28	497.39	497.39	414.49	355.28	355.28	414.49	497.39	497.39
174	13.09	13.09	18.32	18.32	15.27	13.09	13.09	15.27	18.32	18.32
623	3.48	3.48	4.87	4.87	4.06	3.48	3.48	4.06	4.87	4.87
175	12.67	12.67	17.74	17.74	14.78	12.67	12.67	14.78	17.74	17.74
622	3.76	3.76	5.26	5.26	4.38	3.76	3.76	4.38	5.26	5.26
172	13.09	13.09	18.33	18.33	15.27	13.09	13.09	15.27	18.33	18.33
621	3.89	3.89	5.44	5.44	4.53	3.89	3.89	4.53	5.44	5.44
173	12.56	12.56	17.58	17.58	14.65	12.56	12.56	14.65	17.58	17.58
419	454.65	454.65	636.51	636.51	530.43	454.65	454.65	530.43	636.51	636.51
620	3.31	3.31	4.64	4.64	3.87	3.31	3.31	3.87	4.64	4.64
410	389.36	389.36	545.11	545.11	454.26	389.36	389.36	454.26	545.11	545.11
627	3.83	3.83	5.36	5.36	4.47	3.83	3.83	4.47	5.36	5.36
626	3.99	3.99	5.58	5.58	4.65	3.99	3.99	4.65	5.58	5.58
625	3.59	3.59	5.02	5.02	4.18	3.59	3.59	4.18	5.02	5.02
819	240.79	240.79	337.10	337.10	280.92	240.79	240.79	280.92	337.10	337.10
624	3.61	3.61	5.06	5.06	4.22	3.61	3.61	4.22	5.06	5.06
414	171.51	171.51	240.12	240.12	200.10	171.51	171.51	200.10	240.12	240.12
413	274.76	274.76	384.66	384.66	320.55	274.76	274.76	320.55	384.66	384.66
412	254.24	254.24	355.93	355.93	296.61	254.24	254.24	296.61	355.93	355.93
629	3.84	3.84	5.38	5.38	4.48	3.84	3.84	4.48	5.38	5.38
411	341.80	341.80	478.52	478.52	398.77	341.80	341.80	398.77	478.52	478.52
628	3.67	3.67	5.14	5.14	4.28	3.67	3.67	4.28	5.14	5.14
811	405.59	405.59	567.83	567.83	473.19	405.59	405.59	473.19	567.83	567.83
220	12.91	12.91	18.07	18.07	15.06	12.91	12.91	15.06	18.07	18.07
812	433.41	433.41	606.77	606.77	505.64	433.41	433.41	505.64	606.77	606.77
221	12.98	12.98	18.17	18.17	15.14	12.98	12.98	15.14	18.17	18.17
813	200.04	200.04	280.05	280.05	233.38	200.04	200.04	233.38	280.05	280.05
222	12.44	12.44	17.41	17.41	14.51	12.44	12.44	14.51	17.41	17.41
814	237.74	237.74	332.84	332.84	277.37	237.74	237.74	277.37	332.84	332.84
223	13.41	13.41	18.78	18.78	15.65	13.41	13.41	15.65	18.78	18.78
815	330.26	330.26	462.36	462.36	385.30	330.26	330.26	385.30	462.36	462.36
224	12.61	12.61	17.66	17.66	14.72	12.61	12.61	14.72	17.66	17.66
816	165.23	165.23	231.32	231.32	192.77	165.23	165.23	192.77	231.32	231.32
225	13.29	13.29	18.61	18.61	15.51	13.29	13.29	15.51	18.61	18.61
817	360.22	360.22	504.31	504.31	420.26	360.22	360.22	420.26	504.31	504.31
226	13.16	13.16	18.43	18.43	15.36	13.16	13.16	15.36	18.43	18.43
818	229.91	229.91	321.87	321.87	268.23	229.91	229.91	268.23	321.87	321.87
227	12.85	12.85	17.99	17.99	14.99	12.85	12.85	14.99	17.99	17.99
228	12.61	12.61	17.66	17.66	14.72	12.61	12.61	14.72	17.66	17.66
188	12.11	12.11	16.95	16.95	14.13	12.11	12.11	14.13	16.95	16.95
229	12.95	12.95	18.13	18.13	15.11	12.95	12.95	15.11	18.13	18.13
187	13.31	13.31	18.64	18.64	15.53	13.31	13.31	15.53	18.64	18.64
189	12.97	12.97	18.16	18.16	15.13	12.97	12.97	15.13	18.16	18.16
810	457.01	457.01	639.81	639.81	533.18	457.01	457.01	533.18	639.81	639.81
427	179.85	179.85	251.79	251.79	209.83	179.85	179.85	209.83	251.79	251.79
180	12.91	12.91	18.07	18.07	15.06	12.91	12.91	15.06	18.07	18.07
426	172.46	172.46	241.44	241.44	201.20	172.46	172.46	201.20	241.44	241.44
181	13.07	13.07	18.30	18.30	15.25	13.07	13.07	15.25	18.30	18.30
429	374.13	374.13	523.78	523.78	436.48	374.13	374.13	436.48	523.78	523.78
182	13.14	13.14	18.40	18.40	15.33	13.14	13.14	15.33	18.40	18.40
428	280.56	280.56	392.78	392.78	327.32	280.56	280.56	327.32	392.78	392.78
183	13.29	13.29	18.60	18.60	15.50	13.29	13.29	15.50	18.60	18.60
610	3.95	3.95	5.53	5.53	4.61	3.95	3.95	4.61	5.53	5.53
184	12.84	12.84	17.98	17.98	14.98	12.84	12.84	14.98	17.98	17.98
185	12.73	12.73	17.82	17.82	14.85	12.73	12.73	14.85	17.82	17.82
612	3.42	3.42	4.79	4.79	3.99	3.42	3.42	3.99	4.79	4.79
186	12.75	12.75	17.85	17.85	14.88	12.75	12.75	14.88	17.85	17.85
611	3.71	3.71	5.19	5.19	4.33	3.71	3.71	4.33	5.19	5.19
809	255.21	255.21	357.29	357.29	297.74	255.21	255.21	297.74	357.29	357.29
614	3.71	3.71	5.20	5.20	4.33	3.71	3.71	4.33	5.20	5.20
808	473.09	473.09	662.32	662.32	551.93	473.09	473.09	551.93	662.32	662.32
613	3.90	3.90	5.46	5.46	4.55	3.90	3.90	4.55	5.46	5.46
421	434.54	434.54	608.35	608.35	506.96	434.54	434.54	506.96	608.35	608.35
616	3.91	3.91	5.48	5.48	4.57	3.91	3.91	4.57	5.48	5.48
420	240.98	240.98	337.37	337.37	281.14	240.98	240.98	281.14	337.37	337.37
615	3.97	3.97	5.56	5.56	4.63	3.97	3.97	4.63	5.56	5.56
423	222.82	222.82	311.95	311.95	259.96	222.82	222.82	259.96	311.95	311.95
618	3.83	3.83	5.36	5.36	4.47	3.83	3.83	4.47	5.36	5.36
422	447.01	447.01	625.82	625.82	521.52	447.01	447.01	521.52	625.82	625.82
617	3.58	3.58	5.01	5.01	4.18	3.58	3.58	4.18	5.01	5.01
425	365.51	365.51	511.72	511.72	426.43	365.51	365.51	426.43	511.72	511.72
424	422.14	422.14	590.99	590.99	492.49	422.14	422.14	492.49	590.99	590.99
619	3.66	3.66	5.12	5.12	4.27	3.66	3.66	4.27	5.12	5.12
843	400.26	400.26	560.37	560.37	466.98	400.26	400.26	466.98	560.37	560.37
116	12.86	12.86	18.01	18.01	15.01	12.86	12.86	15.01	18.01	18.01
842	359.49	359.49	503.29	503.29	419.41	359.49	359.49	419.41	503.29	503.29
117	12.44	12.44	17.42	17.42	14.52	12.44	12.44	14.52	17.42	17.42
841	403.16	403.16	564.43	564.43	470.36	403.16	403.16	470.36	564.43	564.43
114	12.76	12.76	17.86	17.86	14.88	12.76	12.76	14.88	17.86	17.86
840	488.88	488.88	684.43	684.43	570.36	488.88	488.88	570.36	684.43	684.43
115	12.80	12.80	17.92	17.92	14.93	12.80	12.80	14.93	17.92	17.92
112	13.02	13.02	18.23	18.23	15.19	13.02	13.02	15.19	18.23	18.23
113	12.94	12.94	18.12	18.12	15.10	12.94	12.94	15.10	18.12	18.12
110	13.09	13.09	18.32	18.32	15.27	13.09	13.09	15.27	18.32	18.32
111	13.32	13.32	18.65	18.65	15.54	13.32	13.32	15.54	18.65	18.65
849	427.86	427.86	599.01	599.01	499.18	427.86	427.86	499.18	599.01	599.01
848	289.30	289.30	405.02	405.02	337.52	289.30	289.30	337.52	405.02	405.02
847	196.08	196.08	274.51	274.51	228.76	196.08	196.08	228.76	274.51	274.51
846	257.85	257.85	360.99	360.99	300.83	257.85	257.85	300.83	360.99	360.99
845	272.15	272.15	381.01	381.01	317.51	272.15	272.15	317.51	381.01	381.01
118	12.90	12.90	18.06	18.06	15.05	12.90	12.90	15.05	18.06	18.06
844	278.37	278.37	389.72	389.72	324.77	278.37	278.37	324.77	389.72	389.72
119	13.06	13.06	18.28	18.28	15.23	13.06	13.06	15.23	18.28	18.28
435	226.63	226.63	317.28	317.28	264.40	226.63	226.63	264.40	317.28	317.28
436	391.39	391.39	547.95	547.95	456.63	391.39	391.39	456.63	547.95	547.95
433	300.79	300.79	421.10	421.10	350.92	300.79	300.79	350.92	421.10	421.10
434	308.56	308.56	431.99	431.99	359.99	308.56	308.56	359.99	431.99	431.99
431	413.76	413.76	579.26	579.26	482.72	413.76	413.76	482.72	579.26	579.26
432	250.71	250.71	350.99	350.99	292.49	250.71	250.71	292.49	350.99	350.99
430	363.81	363.81	509.34	509.34	424.45	363.81	363.81	424.45	509.34	509.34
439	411.86	411.86	576.60	576.60	480.50	411.86	411.86	480.50	576.60	576.60
437	264.34	264.34	370.08	370.08	308.40	264.34	264.34	308.40	370.08	370.08
438	261.98	261.98	366.77	366.77	305.64	261.98	261.98	305.64	366.77	366.77
830	408.03	408.03	571.24	571.24	476.03	408.03	408.03	476.03	571.24	571.24
125	12.69	12.69	17.76	17.76	14.80	12.69	12.69	14.80	17.76	17.76
126	13.42	13.42	18.79	18.79	15.66	13.42	13.42	15.66	18.79	18.79
832	353.59	353.59	495.03	495.03	412.53	353.59	353.59	412.53	495.03	495.03
127	13.08	13.08	18.31	18.31	15.26	13.08	13.08	15.26	18.31	18.31
831	481.03	481.03	673.44	673.44	561.20	481.03	481.03	561.20	673.44	673.44
128	13.16	13.16	18.43	18.43	15.36	13.16	13.16	15.36	18.43	18.43
121	12.68	12.68	17.75	17.75	14.79	12.68	12.68	14.79	17.75	17.75
122	12.69	12.69	17.77	17.77	14.81	12.69	12.69	14.81	17.77	17.77
123	12.81	12.81	17.93	17.93	14.94	12.81	12.81	14.94	17.93	17.93
124	12.76	12.76	17.86	17.86	14.88	12.76	12.76	14.88	17.86	17.86
838	451.01	451.01	631.41	631.41	526.18	451.01	451.01	526.18	631.41	631.41
837	372.14	372.14	521.00	521.00	434.17	372.14	372.14	434.17	521.00	521.00
839	338.26	338.26	473.57	473.57	394.64	338.26	338.26	394.64	473.57	473.57
834	239.26	239.26	334.97	334.97	279.14	239.26	239.26	279.14	334.97	334.97
129	13.19	13.19	18.47	18.47	15.39	13.19	13.19	15.39	18.47	18.47
833	260.26	260.26	364.37	364.37	303.64	260.26	260.26	303.64	364.37	364.37
836	361.81	361.81	506.54	506.54	422.12	361.81	361.81	422.12	506.54	506.54
835	370.84	370.84	519.17	519.17	432.64	370.84	370.84	432.64	519.17	519.17
444	472.26	472.26	661.16	661.16	550.97	472.26	472.26	550.97	661.16	661.16
445	239.23	239.23	334.92	334.92	279.10	239.23	239.23	279.10	334.92	334.92
446	199.59	199.59	279.43	279.43	232.86	199.59	199.59	232.86	279.43	279.43
447	312.66	312.66	437.73	437.73	364.78	312.66	312.66	364.78	437.73	437.73
440	221.71	221.71	310.40	310.40	258.67	221.71	221.71	258.67	310.40	310.40
441	327.66	327.66	458.72	458.72	382.27	327.66	327.66	382.27	458.72	458.72
442	386.09	386.09	540.52	540.52	450.43	386.09	386.09	450.43	540.52	540.52
443	488.73	488.73	684.22	684.22	570.18	488.73	488.73	570.18	684.22	684.22
120	13.01	13.01	18.22	18.22	15.18	13.01	13.01	15.18	18.22	18.22
448	237.80	237.80	332.92	332.92	277.43	237.80	237.80	277.43	332.92	332.92
449	215.09	215.09	301.12	301.12	250.93	215.09	215.09	250.93	301.12	301.12
861	190.55	190.55	266.77	266.77	222.31	190.55	190.55	222.31	266.77	266.77
134	12.64	12.64	17.70	17.70	14.75	12.64	12.64	14.75	17.70	17.70
860	483.56	483.56	676.98	676.98	564.15	483.56	483.56	564.15	676.98	676.98
135	13.31	13.31	18.64	18.64	15.53	13.31	13.31	15.53	18.64	18.64
132	12.50	12.50	17.50	17.50	14.58	12.50	12.50	14.58	17.50	17.50
133	13.62	13.62	19.07	19.07	15.89	13.62	13.62	15.89	19.07	19.07
865	485.44	485.44	679.61	679.61	566.34	485.44	485.44	566.34	679.61	679.61
138	13.21	13.21	18.50	18.50	15.42	13.21	13.21	15.42	18.50	18.50
864	337.79	337.79	472.90	472.90	394.08	337.79	337.79	394.08	472.90	472.90
139	13.29	13.29	18.61	18.61	15.51	13.29	13.29	15.51	18.61	18.61
863	486.05	486.05	680.47	680.47	567.06	486.05	486.05	567.06	680.47	680.47
136	12.11	12.11	16.95	16.95	14.13	12.11	12.11	14.13	16.95	16.95
862	279.36	279.36	391.11	391.11	325.93	279.36	279.36	325.93	391.11	391.11
137	12.66	12.66	17.72	17.72	14.77	12.66	12.66	14.77	17.72	17.72
869	310.21	310.21	434.30	434.30	361.92	310.21	310.21	361.92	434.30	434.30
868	248.33	248.33	347.66	347.66	289.72	248.33	248.33	289.72	347.66	347.66
867	349.94	349.94	489.92	489.92	408.27	349.94	349.94	408.27	489.92	489.92
866	470.46	470.46	658.65	658.65	548.88	470.46	470.46	548.88	658.65	658.65
450	458.04	458.04	641.26	641.26	534.38	458.04	458.04	534.38	641.26	641.26
453	403.88	403.88	565.43	565.43	471.19	403.88	403.88	471.19	565.43	565.43
454	210.76	210.76	295.06	295.06	245.88	210.76	210.76	245.88	295.06	295.06
451	460.38	460.38	644.53	644.53	537.11	460.38	460.38	537.11	644.53	644.53
452	415.24	415.24	581.34	581.34	484.45	415.24	415.24	484.45	581.34	581.34
457	245.26	245.26	343.36	343.36	286.13	245.26	245.26	286.13	343.36	343.36
458	323.16	323.16	452.43	452.43	377.03	323.16	323.16	377.03	452.43	452.43
455	183.55	183.55	256.97	256.97	214.14	183.55	183.55	214.14	256.97	256.97
456	329.75	329.75	461.65	461.65	384.71	329.75	329.75	384.71	461.65	461.65
459	3.69	3.69	5.16	5.16	4.30	3.69	3.69	4.30	5.16	5.16
131	13.68	13.68	19.15	19.15	15.96	13.68	13.68	15.96	19.15	19.15
130	12.71	12.71	17.80	17.80	14.83	12.71	12.71	14.83	17.80	17.80
143	12.95	12.95	18.13	18.13	15.11	12.95	12.95	15.11	18.13	18.13
144	12.58	12.58	17.61	17.61	14.68	12.58	12.58	14.68	17.61	17.61
850	322.33	322.33	451.26	451.26	376.05	322.33	322.33	376.05	451.26	451.26
145	13.14	13.14	18.40	18.40	15.33	13.14	13.14	15.33	18.40	18.40
146	13.46	13.46	18.84	18.84	15.70	13.46	13.46	15.70	18.84	18.84
852	310.33	310.33	434.46	434.46	362.05	310.33	310.33	362.05	434.46	434.46
147	13.03	13.03	18.24	18.24	15.20	13.03	13.03	15.20	18.24	18.24
851	356.31	356.31	498.83	498.83	415.69	356.31	356.31	415.69	498.83	498.83
148	12.79	12.79	17.90	17.90	14.92	12.79	12.79	14.92	17.90	17.90
854	350.07	350.07	490.10	490.10	408.42	350.07	350.07	408.42	490.10	490.10
149	12.94	12.94	18.12	18.12	15.10	12.94	12.94	15.10	18.12	18.12
853	259.87	259.87	363.82	363.82	303.18	259.87	259.87	303.18	363.82	363.82
856	435.81	435.81	610.13	610.13	508.44	435.81	435.81	508.44	610.13	610.13
855	325.68	325.68	455.95	455.95	379.96	325.68	325.68	379.96	455.95	455.95
858	268.56	268.56	375.98	375.98	313.32	268.56	268.56	313.32	375.98	375.98
857	258.63	258.63	362.08	362.08	301.73	258.63	258.63	301.73	362.08	362.08
859	240.81	240.81	337.14	337.14	280.95	240.81	240.81	280.95	337.14	337.14
461	3.71	3.71	5.20	5.20	4.33	3.71	3.71	4.33	5.20	5.20
460	3.79	3.79	5.31	5.31	4.43	3.79	3.79	4.43	5.31	5.31
462	3.69	3.69	5.17	5.17	4.31	3.69	3.69	4.31	5.17	5.17
463	4.06	4.06	5.68	5.68	4.73	4.06	4.06	4.73	5.68	5.68
464	3.64	3.64	5.10	5.10	4.25	3.64	3.64	4.25	5.10	5.10
465	3.98	3.98	5.57	5.57	4.64	3.98	3.98	4.64	5.57	5.57
466	3.76	3.76	5.27	5.27	4.39	3.76	3.76	4.39	5.27	5.27
467	3.73	3.73	5.22	5.22	4.35	3.73	3.73	4.35	5.22	5.22
468	3.93	3.93	5.50	5.50	4.58	3.93	3.93	4.58	5.50	5.50
469	3.54	3.54	4.95	4.95	4.13	3.54	3.54	4.13	4.95	4.95
140	12.81	12.81	17.93	17.93	14.94	12.81	12.81	14.94	17.93	17.93
142	13.06	13.06	18.28	18.28	15.23	13.06	13.06	15.23	18.28	18.28
141	13.02	13.02	18.23	18.23	15.19	13.02	13.02	15.19	18.23	18.23
687	4.51	4.51	6.32	6.32	5.27	4.51	4.51	5.27	6.32	6.32
686	3.98	3.98	5.57	5.57	4.64	3.98	3.98	4.64	5.57	5.57
689	3.62	3.62	5.07	5.07	4.23	3.62	3.62	4.23	5.07	5.07
688	3.89	3.89	5.44	5.44	4.53	3.89	3.89	4.53	5.44	5.44
683	3.69	3.69	5.16	5.16	4.30	3.69	3.69	4.30	5.16	5.16
682	4.11	4.11	5.76	5.76	4.80	4.11	4.11	4.80	5.76	5.76
685	4.00	4.00	5.60	5.60	4.67	4.00	4.00	4.67	5.60	5.60
684	3.53	3.53	4.94	4.94	4.12	3.53	3.53	4.12	4.94	4.94
888	300.25	300.25	420.35	420.35	350.29	300.25	300.25	350.29	420.35	420.35
889	217.16	217.16	304.02	304.02	253.35	217.16	217.16	253.35	304.02	304.02
884	194.58	194.58	272.41	272.41	227.01	194.58	194.58	227.01	272.41	272.41
885	413.90	413.90	579.46	579.46	482.88	413.90	413.90	482.88	579.46	579.46
886	171.69	171.69	240.36	240.36	200.30	171.69	171.69	200.30	240.36	240.36
680	3.86	3.86	5.41	5.41	4.51	3.86	3.86	4.51	5.41	5.41
887	273.14	273.14	382.39	382.39	318.66	273.14	273.14	318.66	382.39	382.39
681	3.80	3.80	5.32	5.32	4.43	3.80	3.80	4.43	5.32	5.32
880	231.98	231.98	324.77	324.77	270.64	231.98	231.98	270.64	324.77	324.77
881	375.80	375.80	526.12	526.12	438.43	375.80	375.80	438.43	526.12	526.12
882	263.22	263.22	368.51	368.51	307.09	263.22	263.22	307.09	368.51	368.51
883	307.03	307.03	429.84	429.84	358.20	307.03	307.03	358.20	429.84	429.84
678	3.42	3.42	4.79	4.79	3.99	3.42	3.42	3.99	4.79	4.79
677	3.75	3.75	5.25	5.25	4.38	3.75	3.75	4.38	5.25	5.25
676	3.16	3.16	4.42	4.42	3.68	3.16	3.16	3.68	4.42	4.42
675	3.55	3.55	4.97	4.97	4.14	3.55	3.55	4.14	4.97	4.97
674	3.44	3.44	4.82	4.82	4.02	3.44	3.44	4.02	4.82	4.82
673	3.63	3.63	5.08	5.08	4.23	3.63	3.63	4.23	5.08	5.08
672	3.53	3.53	4.94	4.94	4.12	3.53	3.53	4.12	4.94	4.94
671	3.86	3.86	5.40	5.40	4.50	3.86	3.86	4.50	5.40	5.40
679	3.90	3.90	5.46	5.46	4.55	3.90	3.90	4.55	5.46	5.46
879	349.51	349.51	489.32	489.32	407.77	349.51	349.51	407.77	489.32	489.32
877	393.94	393.94	551.52	551.52	459.60	393.94	393.94	459.60	551.52	551.52
878	228.24	228.24	319.53	319.53	266.28	228.24	228.24	266.28	319.53	319.53
875	187.96	187.96	263.14	263.14	219.28	187.96	187.96	219.28	263.14	263.14
876	357.91	357.91	501.08	501.08	417.57	357.91	357.91	417.57	501.08	501.08
670	4.04	4.04	5.65	5.65	4.71	4.04	4.04	4.71	5.65	5.65
873	348.49	348.49	487.89	487.89	406.58	348.49	348.49	406.58	487.89	487.89
874	276.64	276.64	387.30	387.30	322.75	276.64	276.64	322.75	387.30	387.30
871	431.14	431.14	603.59	603.59	502.99	431.14	431.14	502.99	603.59	603.59
872	244.13	244.13	341.78	341.78	284.82	244.13	244.13	284.82	341.78	341.78
870	441.45	441.45	618.03	618.03	515.03	441.45	441.45	515.03	618.03	618.03
696	3.83	3.83	5.36	5.36	4.47	3.83	3.83	4.47	5.36	5.36
695	3.85	3.85	5.39	5.39	4.49	3.85	3.85	4.49	5.39	5.39
694	3.67	3.67	5.14	5.14	4.28	3.67	3.67	4.28	5.14	5.14
693	3.41	3.41	4.77	4.77	3.97	3.41	3.41	3.97	4.77	4.77
890	383.71	383.71	537.19	537.19	447.66	383.71	383.71	447.66	537.19	537.19
699	3.85	3.85	5.39	5.39	4.49	3.85	3.85	4.49	5.39	5.39
698	3.66	3.66	5.13	5.13	4.28	3.66	3.66	4.28	5.13	5.13
697	3.02	3.02	4.23	4.23	3.53	3.02	3.02	3.53	4.23	4.23
899	187.78	187.78	262.89	262.89	219.08	187.78	187.78	219.08	262.89	262.89
893	187.84	187.84	262.97	262.97	219.14	187.84	187.84	219.14	262.97	262.97
894	466.04	466.04	652.45	652.45	543.71	466.04	466.04	543.71	652.45	652.45
891	473.31	473.31	662.63	662.63	552.19	473.31	473.31	552.19	662.63	662.63
892	295.71	295.71	414.00	414.00	345.00	295.71	295.71	345.00	414.00	414.00
897	408.26	408.26	571.56	571.56	476.30	408.26	408.26	476.30	571.56	571.56
691	3.54	3.54	4.95	4.95	4.13	3.54	3.54	4.13	4.95	4.95
898	391.31	391.31	547.84	547.84	456.53	391.31	391.31	456.53	547.84	547.84
692	3.59	3.59	5.02	5.02	4.18	3.59	3.59	4.18	5.02	5.02
895	267.40	267.40	374.36	374.36	311.97	267.40	267.40	311.97	374.36	374.36
896	486.07	486.07	680.50	680.50	567.08	486.07	486.07	567.08	680.50	680.50
690	3.71	3.71	5.20	5.20	4.33	3.71	3.71	4.33	5.20	5.20
646	3.76	3.76	5.27	5.27	4.39	3.76	3.76	4.39	5.27	5.27
647	3.94	3.94	5.52	5.52	4.60	3.94	3.94	4.60	5.52	5.52
648	3.59	3.59	5.02	5.02	4.18	3.59	3.59	4.18	5.02	5.02
649	3.73	3.73	5.22	5.22	4.35	3.73	3.73	4.35	5.22	5.22
195	13.11	13.11	18.35	18.35	15.29	13.11	13.11	15.29	18.35	18.35
642	3.26	3.26	4.56	4.56	3.80	3.26	3.26	3.80	4.56	4.56
194	12.99	12.99	18.18	18.18	15.15	12.99	12.99	15.15	18.18	18.18
643	3.76	3.76	5.26	5.26	4.38	3.76	3.76	4.38	5.26	5.26
197	12.41	12.41	17.38	17.38	14.48	12.41	12.41	14.48	17.38	17.38
644	3.49	3.49	4.89	4.89	4.07	3.49	3.49	4.07	4.89	4.89
196	13.21	13.21	18.49	18.49	15.41	13.21	13.21	15.41	18.49	18.49
645	3.86	3.86	5.41	5.41	4.51	3.86	3.86	4.51	5.41	5.41
191	12.53	12.53	17.54	17.54	14.62	12.53	12.53	14.62	17.54	17.54
190	12.71	12.71	17.80	17.80	14.83	12.71	12.71	14.83	17.80	17.80
193	12.90	12.90	18.06	18.06	15.05	12.90	12.90	15.05	18.06	18.06
640	3.66	3.66	5.13	5.13	4.28	3.66	3.66	4.28	5.13	5.13
192	12.79	12.79	17.90	17.90	14.92	12.79	12.79	14.92	17.90	17.90
641	3.62	3.62	5.07	5.07	4.23	3.62	3.62	4.23	5.07	5.07
198	12.63	12.63	17.68	17.68	14.73	12.63	12.63	14.73	17.68	17.68
199	12.76	12.76	17.86	17.86	14.88	12.76	12.76	14.88	17.86	17.86
639	3.63	3.63	5.08	5.08	4.23	3.63	3.63	4.23	5.08	5.08
637	3.90	3.90	5.46	5.46	4.55	3.90	3.90	4.55	5.46	5.46
638	3.64	3.64	5.10	5.10	4.25	3.64	3.64	4.25	5.10	5.10
635	3.79	3.79	5.31	5.31	4.43	3.79	3.79	4.43	5.31	5.31
636	3.71	3.71	5.19	5.19	4.33	3.71	3.71	4.33	5.19	5.19
633	3.95	3.95	5.53	5.53	4.61	3.95	3.95	4.61	5.53	5.53
634	3.68	3.68	5.15	5.15	4.29	3.68	3.68	4.29	5.15	5.15
631	3.59	3.59	5.02	5.02	4.18	3.59	3.59	4.18	5.02	5.02
632	3.30	3.30	4.62	4.62	3.85	3.30	3.30	3.85	4.62	4.62
630	3.11	3.11	4.36	4.36	3.63	3.11	3.11	3.63	4.36	4.36
668	3.58	3.58	5.01	5.01	4.18	3.58	3.58	4.18	5.01	5.01
669	3.53	3.53	4.94	4.94	4.12	3.53	3.53	4.12	4.94	4.94
660	3.66	3.66	5.13	5.13	4.28	3.66	3.66	4.28	5.13	5.13
661	3.92	3.92	5.49	5.49	4.58	3.92	3.92	4.58	5.49	5.49
662	3.56	3.56	4.99	4.99	4.16	3.56	3.56	4.16	4.99	4.99
663	3.23	3.23	4.52	4.52	3.77	3.23	3.23	3.77	4.52	4.52
664	3.81	3.81	5.34	5.34	4.45	3.81	3.81	4.45	5.34	5.34
665	3.66	3.66	5.13	5.13	4.28	3.66	3.66	4.28	5.13	5.13
666	3.50	3.50	4.90	4.90	4.08	3.50	3.50	4.08	4.90	4.90
667	3.65	3.65	5.11	5.11	4.26	3.65	3.65	4.26	5.11	5.11
659	3.71	3.71	5.19	5.19	4.33	3.71	3.71	4.33	5.19	5.19
657	3.81	3.81	5.33	5.33	4.44	3.81	3.81	4.44	5.33	5.33
658	3.69	3.69	5.16	5.16	4.30	3.69	3.69	4.30	5.16	5.16
651	3.96	3.96	5.55	5.55	4.63	3.96	3.96	4.63	5.55	5.55
652	3.31	3.31	4.64	4.64	3.87	3.31	3.31	3.87	4.64	4.64
650	3.59	3.59	5.02	5.02	4.18	3.59	3.59	4.18	5.02	5.02
655	3.78	3.78	5.29	5.29	4.41	3.78	3.78	4.41	5.29	5.29
656	3.65	3.65	5.11	5.11	4.26	3.65	3.65	4.26	5.11	5.11
653	3.51	3.51	4.92	4.92	4.10	3.51	3.51	4.10	4.92	4.92
654	3.41	3.41	4.78	4.78	3.98	3.41	3.41	3.98	4.78	4.78
35	13.16	13.16	18.43	18.43	15.36	13.16	13.16	15.36	18.43	18.43
36	13.06	13.06	18.29	18.29	15.24	13.06	13.06	15.24	18.29	18.29
33	12.76	12.76	17.87	17.87	14.89	12.76	12.76	14.89	17.87	17.87
34	13.50	13.50	18.90	18.90	15.75	13.50	13.50	15.75	18.90	18.90
39	13.31	13.31	18.64	18.64	15.53	13.31	13.31	15.53	18.64	18.64
37	12.24	12.24	17.14	17.14	14.28	12.24	12.24	14.28	17.14	17.14
38	12.49	12.49	17.48	17.48	14.57	12.49	12.49	14.57	17.48	17.48
43	13.38	13.38	18.73	18.73	15.61	13.38	13.38	15.61	18.73	18.73
42	12.61	12.61	17.66	17.66	14.72	12.61	12.61	14.72	17.66	17.66
41	13.19	13.19	18.46	18.46	15.38	13.19	13.19	15.38	18.46	18.46
40	13.02	13.02	18.23	18.23	15.19	13.02	13.02	15.19	18.23	18.23
22	12.81	12.81	17.93	17.93	14.94	12.81	12.81	14.94	17.93	17.93
23	12.82	12.82	17.95	17.95	14.96	12.82	12.82	14.96	17.95	17.95
24	12.97	12.97	18.16	18.16	15.13	12.97	12.97	15.13	18.16	18.16
25	12.81	12.81	17.93	17.93	14.94	12.81	12.81	14.94	17.93	17.93
26	13.09	13.09	18.33	18.33	15.27	13.09	13.09	15.27	18.33	18.33
27	12.73	12.73	17.82	17.82	14.85	12.73	12.73	14.85	17.82	17.82
28	13.09	13.09	18.33	18.33	15.27	13.09	13.09	15.27	18.33	18.33
29	13.26	13.26	18.57	18.57	15.48	13.26	13.26	15.48	18.57	18.57
30	13.25	13.25	18.55	18.55	15.46	13.25	13.25	15.46	18.55	18.55
32	13.32	13.32	18.65	18.65	15.54	13.32	13.32	15.54	18.65	18.65
31	13.33	13.33	18.66	18.66	15.55	13.33	13.33	15.55	18.66	18.66
19	12.96	12.96	18.14	18.14	15.12	12.96	12.96	15.12	18.14	18.14
17	13.26	13.26	18.56	18.56	15.47	13.26	13.26	15.47	18.56	18.56
18	13.01	13.01	18.22	18.22	15.18	13.01	13.01	15.18	18.22	18.22
15	12.84	12.84	17.97	17.97	14.98	12.84	12.84	14.98	17.97	17.97
16	12.72	12.72	17.81	17.81	14.84	12.72	12.72	14.84	17.81	17.81
13	13.29	13.29	18.61	18.61	15.51	13.29	13.29	15.51	18.61	18.61
14	13.30	13.30	18.62	18.62	15.52	13.30	13.30	15.52	18.62	18.62
11	12.79	12.79	17.91	17.91	14.93	12.79	12.79	14.93	17.91	17.91
12	12.80	12.80	17.92	17.92	14.93	12.80	12.80	14.93	17.92	17.92
21	13.41	13.41	18.78	18.78	15.65	13.41	13.41	15.65	18.78	18.78
20	13.07	13.07	18.30	18.30	15.25	13.07	13.07	15.25	18.30	18.30
10	13.54	13.54	18.95	18.95	15.79	13.54	13.54	15.79	18.95	18.95
79	12.26	12.26	17.16	17.16	14.30	12.26	12.26	14.30	17.16	17.16
78	12.37	12.37	17.32	17.32	14.43	12.37	12.37	14.43	17.32	17.32
77	12.94	12.94	18.12	18.12	15.10	12.94	12.94	15.10	18.12	18.12
82	12.91	12.91	18.07	18.07	15.06	12.91	12.91	15.06	18.07	18.07
83	12.64	12.64	17.70	17.70	14.75	12.64	12.64	14.75	17.70	17.70
80	13.21	13.21	18.50	18.50	15.42	13.21	13.21	15.42	18.50	18.50
81	13.00	13.00	18.20	18.20	15.17	13.00	13.00	15.17	18.20	18.20
86	12.65	12.65	17.71	17.71	14.76	12.65	12.65	14.76	17.71	17.71
87	12.40	12.40	17.36	17.36	14.47	12.40	12.40	14.47	17.36	17.36
84	13.00	13.00	18.20	18.20	15.17	13.00	13.00	15.17	18.20	18.20
85	13.63	13.63	19.08	19.08	15.90	13.63	13.63	15.90	19.08	19.08
67	12.94	12.94	18.11	18.11	15.09	12.94	12.94	15.09	18.11	18.11
66	13.11	13.11	18.35	18.35	15.29	13.11	13.11	15.29	18.35	18.35
69	13.31	13.31	18.63	18.63	15.53	13.31	13.31	15.53	18.63	18.63
68	12.88	12.88	18.03	18.03	15.03	12.88	12.88	15.03	18.03	18.03
70	12.85	12.85	17.99	17.99	14.99	12.85	12.85	14.99	17.99	17.99
71	12.93	12.93	18.10	18.10	15.08	12.93	12.93	15.08	18.10	18.10
72	13.51	13.51	18.92	18.92	15.77	13.51	13.51	15.77	18.92	18.92
73	13.29	13.29	18.60	18.60	15.50	13.29	13.29	15.50	18.60	18.60
74	13.12	13.12	18.37	18.37	15.31	13.12	13.12	15.31	18.37	18.37
75	12.79	12.79	17.91	17.91	14.93	12.79	12.79	14.93	17.91	17.91
76	12.79	12.79	17.91	17.91	14.93	12.79	12.79	14.93	17.91	17.91
59	13.51	13.51	18.91	18.91	15.76	13.51	13.51	15.76	18.91	18.91
58	12.53	12.53	17.54	17.54	14.62	12.53	12.53	14.62	17.54	17.54
57	13.14	13.14	18.39	18.39	15.33	13.14	13.14	15.33	18.39	18.39
56	12.72	12.72	17.81	17.81	14.84	12.72	12.72	14.84	17.81	17.81
55	13.19	13.19	18.46	18.46	15.38	13.19	13.19	15.38	18.46	18.46
64	12.78	12.78	17.89	17.89	14.91	12.78	12.78	14.91	17.89	17.89
65	12.71	12.71	17.80	17.80	14.83	12.71	12.71	14.83	17.80	17.80
62	12.96	12.96	18.14	18.14	15.12	12.96	12.96	15.12	18.14	18.14
63	13.16	13.16	18.43	18.43	15.36	13.16	13.16	15.36	18.43	18.43
60	12.90	12.90	18.06	18.06	15.05	12.90	12.90	15.05	18.06	18.06
61	13.09	13.09	18.32	18.32	15.27	13.09	13.09	15.27	18.32	18.32
49	13.24	13.24	18.53	18.53	15.44	13.24	13.24	15.44	18.53	18.53
48	13.04	13.04	18.25	18.25	15.21	13.04	13.04	15.21	18.25	18.25
45	12.44	12.44	17.41	17.41	14.51	12.44	12.44	14.51	17.41	17.41
44	12.80	12.80	17.92	17.92	14.93	12.80	12.80	14.93	17.92	17.92
47	12.98	12.98	18.17	18.17	15.14	12.98	12.98	15.14	18.17	18.17
46	12.93	12.93	18.10	18.10	15.08	12.93	12.93	15.08	18.10	18.10
51	12.80	12.80	17.92	17.92	14.93	12.80	12.80	14.93	17.92	17.92
52	12.69	12.69	17.77	17.77	14.81	12.69	12.69	14.81	17.77	17.77
53	13.28	13.28	18.59	18.59	15.49	13.28	13.28	15.49	18.59	18.59
54	13.14	13.14	18.40	18.40	15.33	13.14	13.14	15.33	18.40	18.40
50	12.88	12.88	18.03	18.03	15.03	12.88	12.88	15.03	18.03	18.03
1001	0.00	0.00	0.00	0.00	0.00	0.00	0.00	0.00	0.00	0.00
281	439.69	439.69	615.57	615.57	512.98	439.69	439.69	512.98	615.57	615.57
487	3.89	3.89	5.44	5.44	4.53	3.89	3.89	4.53	5.44	5.44
280	195.05	195.05	273.07	273.07	227.56	195.05	195.05	227.56	273.07	273.07
486	3.71	3.71	5.19	5.19	4.33	3.71	3.71	4.33	5.19	5.19
485	3.84	3.84	5.37	5.37	4.48	3.84	3.84	4.48	5.37	5.37
484	3.79	3.79	5.31	5.31	4.43	3.79	3.79	4.43	5.31	5.31
285	329.77	329.77	461.68	461.68	384.73	329.77	329.77	384.73	461.68	461.68
284	166.92	166.92	233.69	233.69	194.74	166.92	166.92	194.74	233.69	233.69
283	318.70	318.70	446.18	446.18	371.82	318.70	318.70	371.82	446.18	446.18
489	3.84	3.84	5.37	5.37	4.48	3.84	3.84	4.48	5.37	5.37
282	214.15	214.15	299.81	299.81	249.84	214.15	214.15	249.84	299.81	299.81
488	3.50	3.50	4.90	4.90	4.08	3.50	3.50	4.08	4.90	4.90
288	452.45	452.45	633.43	633.43	527.86	452.45	452.45	527.86	633.43	633.43
289	317.36	317.36	444.30	444.30	370.25	317.36	317.36	370.25	444.30	444.30
286	461.24	461.24	645.73	645.73	538.11	461.24	461.24	538.11	645.73	645.73
287	372.06	372.06	520.88	520.88	434.07	372.06	372.06	434.07	520.88	520.88
482	3.75	3.75	5.25	5.25	4.38	3.75	3.75	4.38	5.25	5.25
483	3.95	3.95	5.53	5.53	4.61	3.95	3.95	4.61	5.53	5.53
480	3.49	3.49	4.88	4.88	4.07	3.49	3.49	4.07	4.88	4.88
481	3.56	3.56	4.98	4.98	4.15	3.56	3.56	4.15	4.98	4.98
474	3.69	3.69	5.17	5.17	4.31	3.69	3.69	4.31	5.17	5.17
473	3.44	3.44	4.82	4.82	4.02	3.44	3.44	4.02	4.82	4.82
270	440.74	440.74	617.03	617.03	514.19	440.74	440.74	514.19	617.03	617.03
476	3.89	3.89	5.44	5.44	4.53	3.89	3.89	4.53	5.44	5.44
475	4.05	4.05	5.67	5.67	4.73	4.05	4.05	4.73	5.67	5.67
272	262.59	262.59	367.63	367.63	306.36	262.59	262.59	306.36	367.63	367.63
478	3.81	3.81	5.34	5.34	4.45	3.81	3.81	4.45	5.34	5.34
271	173.46	173.46	242.84	242.84	202.37	173.46	173.46	202.37	242.84	242.84
477	3.81	3.81	5.33	5.33	4.44	3.81	3.81	4.44	5.33	5.33
274	213.29	213.29	298.61	298.61	248.84	213.29	213.29	248.84	298.61	298.61
273	205.17	205.17	287.24	287.24	239.37	205.17	205.17	239.37	287.24	287.24
479	3.62	3.62	5.07	5.07	4.23	3.62	3.62	4.23	5.07	5.07
275	465.26	465.26	651.37	651.37	542.81	465.26	465.26	542.81	651.37	651.37
276	242.15	242.15	339.01	339.01	282.51	242.15	242.15	282.51	339.01	339.01
277	401.05	401.05	561.47	561.47	467.89	401.05	401.05	467.89	561.47	561.47
278	401.70	401.70	562.38	562.38	468.65	401.70	401.70	468.65	562.38	562.38
279	400.23	400.23	560.32	560.32	466.93	400.23	400.23	466.93	560.32	560.32
470	3.79	3.79	5.30	5.30	4.42	3.79	3.79	4.42	5.30	5.30
471	3.76	3.76	5.26	5.26	4.38	3.76	3.76	4.38	5.26	5.26
472	3.75	3.75	5.25	5.25	4.38	3.75	3.75	4.38	5.25	5.25
1000	3.89	3.89	5.44	5.44	4.53	3.89	3.89	4.53	5.44	5.44
109	12.79	12.79	17.90	17.90	14.92	12.79	12.79	14.92	17.90	17.90
108	13.14	13.14	18.39	18.39	15.33	13.14	13.14	15.33	18.39	18.39
107	12.91	12.91	18.08	18.08	15.07	12.91	12.91	15.07	18.08	18.08
106	12.95	12.95	18.13	18.13	15.11	12.95	12.95	15.11	18.13	18.13
105	13.39	13.39	18.74	18.74	15.62	13.39	13.39	15.62	18.74	18.74
104	12.60	12.60	17.64	17.64	14.70	12.60	12.60	14.70	17.64	17.64
103	12.85	12.85	17.99	17.99	14.99	12.85	12.85	14.99	17.99	17.99
99	13.30	13.30	18.62	18.62	15.52	13.30	13.30	15.52	18.62	18.62
102	12.18	12.18	17.05	17.05	14.21	12.18	12.18	14.21	17.05	17.05
101	12.66	12.66	17.72	17.72	14.77	12.66	12.66	14.77	17.72	17.72
100	13.12	13.12	18.37	18.37	15.31	13.12	13.12	15.31	18.37	18.37
98	12.96	12.96	18.14	18.14	15.12	12.96	12.96	15.12	18.14	18.14
97	12.93	12.93	18.10	18.10	15.08	12.93	12.93	15.08	18.10	18.10
96	12.91	12.91	18.08	18.08	15.07	12.91	12.91	15.07	18.08	18.08
95	12.94	12.94	18.12	18.12	15.10	12.94	12.94	15.10	18.12	18.12
94	13.09	13.09	18.32	18.32	15.27	13.09	13.09	15.27	18.32	18.32
93	13.11	13.11	18.35	18.35	15.29	13.11	13.11	15.29	18.35	18.35
92	13.07	13.07	18.30	18.30	15.25	13.07	13.07	15.25	18.30	18.30
91	13.07	13.07	18.30	18.30	15.25	13.07	13.07	15.25	18.30	18.30
294	331.03	331.03	463.44	463.44	386.20	331.03	331.03	386.20	463.44	463.44
90	13.04	13.04	18.25	18.25	15.21	13.04	13.04	15.21	18.25	18.25
293	465.76	465.76	652.07	652.07	543.39	465.76	465.76	543.39	652.07	652.07
499	3.84	3.84	5.38	5.38	4.48	3.84	3.84	4.48	5.38	5.38
296	398.34	398.34	557.68	557.68	464.73	398.34	398.34	464.73	557.68	557.68
295	328.38	328.38	459.73	459.73	383.11	328.38	328.38	383.11	459.73	459.73
290	187.53	187.53	262.54	262.54	218.78	187.53	187.53	218.78	262.54	262.54
496	3.71	3.71	5.19	5.19	4.33	3.71	3.71	4.33	5.19	5.19
495	3.84	3.84	5.37	5.37	4.48	3.84	3.84	4.48	5.37	5.37
292	381.37	381.37	533.92	533.92	444.93	381.37	381.37	444.93	533.92	533.92
498	3.86	3.86	5.40	5.40	4.50	3.86	3.86	4.50	5.40	5.40
291	239.78	239.78	335.69	335.69	279.74	239.78	239.78	279.74	335.69	335.69
497	3.61	3.61	5.06	5.06	4.22	3.61	3.61	4.22	5.06	5.06
491	3.60	3.60	5.04	5.04	4.20	3.60	3.60	4.20	5.04	5.04
492	3.66	3.66	5.13	5.13	4.28	3.66	3.66	4.28	5.13	5.13
493	3.51	3.51	4.91	4.91	4.09	3.51	3.51	4.09	4.91	4.91
494	3.49	3.49	4.89	4.89	4.07	3.49	3.49	4.07	4.89	4.89
297	476.93	476.93	667.70	667.70	556.42	476.93	476.93	556.42	667.70	667.70
298	269.24	269.24	376.94	376.94	314.12	269.24	269.24	314.12	376.94	376.94
299	303.72	303.72	425.21	425.21	354.34	303.72	303.72	354.34	425.21	425.21
490	3.85	3.85	5.39	5.39	4.49	3.85	3.85	4.49	5.39	5.39
88	12.31	12.31	17.23	17.23	14.36	12.31	12.31	14.36	17.23	17.23
89	12.58	12.58	17.61	17.61	14.68	12.58	12.58	14.68	17.61	17.61
240	250.07	250.07	350.10	350.10	291.75	250.07	250.07	291.75	350.10	350.10
241	389.25	389.25	544.95	544.95	454.13	389.25	389.25	454.13	544.95	544.95
245	176.03	176.03	246.44	246.44	205.37	176.03	176.03	205.37	246.44	246.44
244	284.93	284.93	398.90	398.90	332.42	284.93	284.93	332.42	398.90	398.90
243	406.16	406.16	568.62	568.62	473.85	406.16	406.16	473.85	568.62	568.62
242	166.59	166.59	233.22	233.22	194.35	166.59	166.59	194.35	233.22	233.22
249	445.36	445.36	623.50	623.50	519.58	445.36	445.36	519.58	623.50	623.50
248	398.56	398.56	557.99	557.99	464.99	398.56	398.56	464.99	557.99	557.99
247	219.80	219.80	307.72	307.72	256.43	219.80	219.80	256.43	307.72	307.72
246	215.70	215.70	301.98	301.98	251.65	215.70	215.70	251.65	301.98	301.98
230	340.83	340.83	477.16	477.16	397.63	340.83	340.83	397.63	477.16	477.16
239	457.04	457.04	639.86	639.86	533.22	457.04	457.04	533.22	639.86	639.86
232	390.41	390.41	546.57	546.57	455.48	390.41	390.41	455.48	546.57	546.57
231	473.75	473.75	663.25	663.25	552.71	473.75	473.75	552.71	663.25	663.25
234	465.31	465.31	651.44	651.44	542.87	465.31	465.31	542.87	651.44	651.44
233	430.71	430.71	603.00	603.00	502.50	430.71	430.71	502.50	603.00	603.00
236	339.45	339.45	475.23	475.23	396.03	339.45	339.45	396.03	475.23	475.23
235	372.86	372.86	522.00	522.00	435.00	372.86	372.86	435.00	522.00	522.00
238	475.07	475.07	665.10	665.10	554.25	475.07	475.07	554.25	665.10	665.10
237	349.74	349.74	489.63	489.63	408.03	349.74	349.74	408.03	489.63	489.63
262	492.54	492.54	689.55	689.55	574.62	492.54	492.54	574.62	689.55	689.55
263	491.92	491.92	688.69	688.69	573.91	491.92	491.92	573.91	688.69	688.69
260	368.61	368.61	516.06	516.06	430.05	368.61	368.61	430.05	516.06	516.06
261	337.29	337.29	472.21	472.21	393.51	337.29	337.29	393.51	472.21	472.21
269	374.24	374.24	523.94	523.94	436.62	374.24	374.24	436.62	523.94	523.94
268	382.50	382.50	535.50	535.50	446.25	382.50	382.50	446.25	535.50	535.50
267	356.89	356.89	499.64	499.64	416.37	356.89	356.89	416.37	499.64	499.64
266	328.34	328.34	459.68	459.68	383.07	328.34	328.34	383.07	459.68	459.68
265	352.32	352.32	493.25	493.25	411.04	352.32	352.32	411.04	493.25	493.25
264	411.44	411.44	576.01	576.01	480.01	411.44	411.44	480.01	576.01	576.01
250	276.91	276.91	387.68	387.68	323.07	276.91	276.91	323.07	387.68	387.68
251	215.50	215.50	301.70	301.70	251.42	215.50	215.50	251.42	301.70	301.70
252	350.21	350.21	490.30	490.30	408.58	350.21	350.21	408.58	490.30	490.30
904	222.66	222.66	311.72	311.72	259.77	222.66	222.66	259.77	311.72	311.72
258	438.34	438.34	613.68	613.68	511.40	438.34	438.34	511.40	613.68	613.68
903	444.67	444.67	622.54	622.54	518.78	444.67	444.67	518.78	622.54	622.54
257	475.36	475.36	665.50	665.50	554.58	475.36	475.36	554.58	665.50	665.50
906	239.74	239.74	335.64	335.64	279.70	239.74	239.74	279.70	335.64	335.64
905	292.79	292.79	409.91	409.91	341.59	292.79	292.79	341.59	409.91	409.91
259	225.21	225.21	315.30	315.30	262.75	225.21	225.21	262.75	315.30	315.30
900	344.01	344.01	481.61	481.61	401.34	344.01	344.01	401.34	481.61	481.61
254	417.31	417.31	584.24	584.24	486.87	417.31	417.31	486.87	584.24	584.24
253	180.85	180.85	253.19	253.19	210.99	180.85	180.85	210.99	253.19	253.19
902	474.79	474.79	664.71	664.71	553.93	474.79	474.79	553.93	664.71	664.71
256	384.49	384.49	538.29	538.29	448.58	384.49	384.49	448.58	538.29	538.29
901	411.85	411.85	576.59	576.59	480.49	411.85	411.85	480.49	576.59	576.59
255	277.11	277.11	387.96	387.96	323.30	277.11	277.11	323.30	387.96	387.96
