931	1001	0
468	680	0.00
471	699	0.00
468	677	0.00
468	676	0.00
468	675	0.00
468	674	0.00
809	983	0.00
468	679	0.00
468	678	0.00
240	459	0.00
641	1001	0
359	462	0.00
985	1001	0
144	373	0.01
427	468	0.00
468	672	0.00
943	1001	0
468	673	0.00
646	1001	0
728	1001	0
157	1001	0
770	982	0.00
169	1001	0
51	280	0.01
538	789	0.00
743	1001	0
678	1001	0
115	1001	0
633	1001	0
328	461	0.00
421	467	0.00
732	981	0.00
793	982	0.00
930	990	0.00
575	826	0.00
165	394	0.01
402	1001	0
308	1001	0
378	1001	0
700	1001	0
694	945	0.00
467	662	0.00
467	663	0.00
410	1001	0
442	1001	0
324	1001	0
328	1001	0
194	1001	0
929	1001	0
728	979	0.00
293	460	0.00
265	459	0.00
151	380	0.01
468	1001	0
821	983	0.00
67	296	0.01
133	1001	0
177	1001	0
858	1001	0
581	832	0.00
749	981	0.00
124	353	0.01
149	378	0.01
518	1001	0
312	461	0.00
667	1001	0
28	257	0.01
60	1001	0
127	356	0.01
643	894	0.00
467	671	0.00
464	1001	0
467	670	0.00
467	669	0.00
467	668	0.00
680	931	0.00
488	739	0.00
152	1001	0
467	665	0.00
1	1001	0
639	890	0.00
467	664	0.00
467	667	0.00
467	666	0.00
304	460	0.00
114	343	0.01
91	320	0.01
251	459	0.00
576	1001	0
652	903	0.00
586	837	0.00
221	1001	0
373	1001	0
247	459	0.00
327	461	0.00
475	726	0.00
475	724	0.00
475	725	0.00
280	1001	0
299	460	0.00
866	985	0.00
250	1001	0
88	1001	0
171	400	0.01
824	983	0.00
866	1001	0
57	1001	0
974	996	0.00
515	1001	0
793	1001	0
916	1001	0
261	1001	0
832	1001	0
347	462	0.00
520	771	0.00
975	997	0.00
971	1001	0
197	426	0.01
937	991	0.00
623	1001	0
700	951	0.00
118	347	0.01
733	981	0.00
569	820	0.00
19	1001	0
531	1001	0
86	1001	0
660	911	0.00
826	1001	0
426	468	0.00
295	1001	0
396	465	0.00
853	984	0.00
182	411	0.01
227	1001	0
146	375	0.01
487	1001	0
78	1001	0
196	425	0.01
833	1001	0
818	1001	0
495	1001	0
323	461	0.00
831	983	0.00
99	328	0.01
400	465	0.00
89	318	0.01
469	1001	0
21	1001	0
570	821	0.00
417	467	0.00
771	982	0.00
451	1001	0
956	993	0.00
625	1001	0
24	253	0.01
262	459	0.00
620	1001	0
719	1001	0
506	757	0.00
188	1001	0
250	459	0.00
222	1001	0
642	1001	0
31	1001	0
400	1001	0
743	981	0.00
337	461	0.00
754	981	0.00
497	748	0.00
685	1001	0
715	966	0.00
448	1001	0
922	989	0.00
913	989	0.00
52	281	0.01
334	1001	0
947	992	0.00
0	503	0
0	502	0
0	501	0
0	500	0
48	277	0.01
241	459	0.00
594	1001	0
371	463	0.00
611	862	0.00
348	1001	0
143	372	0.01
775	1001	0
0	510	0
0	511	0
408	1001	0
0	512	0
0	513	0
0	514	0
601	852	0.00
0	505	0
0	504	0
43	272	0.01
0	507	0
0	506	0
0	509	0
775	982	0.00
0	508	0
249	459	0.00
758	981	0.00
433	469	0.00
538	1001	0
779	1001	0
0	520	0
422	467	0.00
0	521	0
0	524	0
0	525	0
850	1001	0
244	1001	0
0	522	0
0	523	0
385	464	0.00
256	1001	0
0	518	0
187	1001	0
0	517	0
915	1001	0
0	516	0
0	515	0
868	1001	0
186	1001	0
0	519	0
541	792	0.00
147	1001	0
471	701	0.00
471	700	0.00
379	1001	0
471	703	0.00
471	702	0.00
0	533	0
0	534	0
0	535	0
0	536	0
0	530	0
0	531	0
0	532	0
0	527	0
0	526	0
0	529	0
0	528	0
939	1001	0
219	448	0.01
213	442	0.01
0	546	0
0	547	0
473	716	0.00
0	544	0
473	715	0.00
0	545	0
473	718	0.00
0	542	0
554	1001	0
473	717	0.00
509	760	0.00
0	543	0
0	540	0
473	719	0.00
0	541	0
163	1001	0
182	1001	0
0	539	0
575	1001	0
0	538	0
0	537	0
471	706	0.00
333	1001	0
471	704	0.00
471	705	0.00
95	324	0.01
327	1001	0
945	1001	0
0	548	0
0	549	0
664	1001	0
0	554	0
914	989	0.00
0	553	0
0	552	0
757	981	0.00
0	551	0
277	460	0.00
0	558	0
0	557	0
0	556	0
0	555	0
780	1001	0
879	986	0.00
0	550	0
827	1001	0
528	779	0.00
10	239	0.01
0	559	0
362	1001	0
237	1001	0
628	879	0.00
0	563	0
0	562	0
0	565	0
0	564	0
0	567	0
0	566	0
385	1001	0
0	569	0
0	568	0
38	267	0.01
864	1001	0
0	561	0
0	560	0
559	1001	0
207	1001	0
236	1001	0
908	1001	0
0	579	0
0	578	0
8	237	0.01
0	577	0
0	576	0
0	575	0
983	1001	0
0	574	0
0	573	0
0	572	0
0	571	0
0	570	0
969	1001	0
947	1001	0
139	1001	0
549	1001	0
256	459	0.00
0	589	0
0	588	0
0	585	0
710	1001	0
0	584	0
0	587	0
193	1001	0
0	586	0
0	581	0
0	580	0
0	583	0
0	582	0
108	337	0.01
701	952	0.00
30	259	0.01
648	1001	0
519	770	0.00
789	982	0.00
0	590	0
0	593	0
2	231	0.01
374	463	0.00
0	594	0
340	461	0.00
0	591	0
0	592	0
0	597	0
356	462	0.00
0	598	0
417	1001	0
0	595	0
0	596	0
0	599	0
964	1001	0
498	749	0.00
96	325	0.01
204	433	0.01
788	982	0.00
578	829	0.00
920	989	0.00
447	1001	0
242	459	0.00
331	461	0.00
539	790	0.00
155	1001	0
574	1001	0
220	449	0.01
294	1001	0
810	983	0.00
783	1001	0
519	1001	0
32	261	0.01
845	1001	0
391	1001	0
851	1001	0
813	983	0.00
725	1001	0
701	1001	0
967	995	0.00
187	416	0.01
94	323	0.01
205	434	0.01
219	1001	0
288	460	0.00
776	982	0.00
34	1001	0
695	1001	0
898	987	0.00
734	981	0.00
585	1001	0
109	338	0.01
727	1001	0
161	390	0.01
823	1001	0
894	1001	0
50	1001	0
634	885	0.00
876	985	0.00
491	1001	0
280	460	0.00
238	459	0.00
232	459	0.00
63	292	0.01
564	815	0.00
6	235	0.01
267	1001	0
301	460	0.00
578	1001	0
356	1001	0
922	1001	0
33	262	0.01
638	1001	0
684	935	0.00
36	265	0.01
125	354	0.01
239	1001	0
474	721	0.00
474	722	0.00
474	720	0.00
474	723	0.00
756	1001	0
58	287	0.01
293	1001	0
406	466	0.00
175	404	0.01
159	1001	0
377	1001	0
233	1001	0
771	1001	0
605	1001	0
533	784	0.00
292	1001	0
957	993	0.00
88	317	0.01
964	994	0.00
679	930	0.00
706	957	0.00
524	775	0.00
130	1001	0
994	1001	0
387	464	0.00
43	1001	0
615	866	0.00
423	1001	0
379	464	0.00
634	1001	0
704	1001	0
558	809	0.00
835	1001	0
69	298	0.01
726	977	0.00
435	469	0.00
887	986	0.00
158	387	0.01
730	1001	0
615	1001	0
180	1001	0
573	824	0.00
903	1001	0
625	876	0.00
313	1001	0
968	1001	0
245	459	0.00
931	990	0.00
292	460	0.00
689	940	0.00
345	1001	0
380	1001	0
389	464	0.00
727	978	0.00
477	1001	0
178	1001	0
76	1001	0
348	462	0.00
936	991	0.00
107	336	0.01
228	1001	0
792	982	0.00
326	461	0.00
686	1001	0
532	783	0.00
366	1001	0
47	1001	0
28	1001	0
778	1001	0
980	1001	0
980	1000	0.00
206	1001	0
507	1001	0
139	368	0.01
621	1001	0
407	466	0.00
248	1001	0
20	1001	0
286	1001	0
419	1001	0
884	1001	0
1000	1001	0
319	1001	0
616	1001	0
153	1001	0
649	1001	0
296	1001	0
839	983	0.00
290	460	0.00
820	983	0.00
976	997	0.00
900	1001	0
584	835	0.00
928	1001	0
804	1001	0
568	1001	0
389	1001	0
820	1001	0
429	1001	0
449	470	0.00
238	1001	0
106	335	0.01
510	761	0.00
457	473	0.00
0	412	0
457	472	0.00
0	413	0
457	475	0.00
0	414	0
457	474	0.00
0	415	0
457	471	0.00
116	345	0.01
0	410	0
0	411	0
950	1001	0
654	905	0.00
521	1001	0
631	882	0.00
751	981	0.00
785	982	0.00
0	409	0
834	1001	0
0	406	0
0	405	0
0	408	0
0	407	0
0	425	0
0	426	0
0	423	0
0	424	0
0	421	0
0	422	0
0	420	0
116	1001	0
937	1001	0
781	1001	0
907	1001	0
0	419	0
0	418	0
0	417	0
0	416	0
224	453	0.01
435	1001	0
769	1001	0
0	400	0
0	403	0
0	404	0
0	401	0
0	402	0
104	333	0.01
39	268	0.01
482	733	0.00
672	1001	0
675	926	0.00
921	1001	0
683	934	0.00
0	449	0
0	451	0
0	450	0
916	989	0.00
131	1001	0
46	1001	0
0	459	0
0	458	0
0	457	0
0	456	0
0	455	0
123	1001	0
0	454	0
0	453	0
229	458	0.01
14	243	0.01
0	452	0
0	460	0
714	1001	0
0	462	0
848	984	0.00
0	461	0
0	468	0
0	467	0
396	1001	0
0	469	0
0	464	0
0	463	0
0	466	0
0	465	0
0	429	0
0	427	0
0	428	0
699	950	0.00
652	1001	0
492	743	0.00
266	1001	0
150	1001	0
363	463	0.00
582	833	0.00
0	433	0
0	432	0
69	1001	0
0	431	0
259	459	0.00
0	430	0
0	437	0
0	436	0
0	435	0
883	1001	0
0	434	0
0	438	0
824	1001	0
0	439	0
300	1001	0
305	460	0.00
0	440	0
0	442	0
0	441	0
0	444	0
0	443	0
0	446	0
0	445	0
0	448	0
0	447	0
154	1001	0
270	1001	0
56	1001	0
884	986	0.00
945	992	0.00
759	1001	0
71	1001	0
0	498	0
191	1001	0
0	499	0
0	496	0
0	497	0
0	494	0
0	495	0
0	492	0
0	493	0
0	490	0
0	491	0
370	463	0.00
8	1001	0
712	963	0.00
867	985	0.00
195	1001	0
507	758	0.00
906	1001	0
244	459	0.00
740	981	0.00
935	1001	0
0	476	0
0	477	0
0	474	0
0	475	0
0	478	0
0	479	0
689	1001	0
0	472	0
0	473	0
0	470	0
0	471	0
283	460	0.00
846	1001	0
855	984	0.00
408	466	0.00
762	1001	0
0	485	0
0	486	0
814	1001	0
0	487	0
276	460	0.00
0	488	0
825	1001	0
0	489	0
338	461	0.00
29	258	0.01
0	480	0
0	481	0
837	983	0.00
0	482	0
0	483	0
0	484	0
763	981	0.00
98	327	0.01
398	465	0.00
378	464	0.00
874	985	0.00
735	981	0.00
597	848	0.00
506	1001	0
17	246	0.01
533	1001	0
214	1001	0
923	990	0.00
613	864	0.00
53	1001	0
465	647	0.00
465	646	0.00
465	645	0.00
97	1001	0
908	988	0.00
465	644	0.00
269	1001	0
369	1001	0
561	812	0.00
230	459	0.00
357	462	0.00
626	877	0.00
465	649	0.00
465	648	0.00
465	650	0.00
608	859	0.00
132	1001	0
137	1001	0
393	1001	0
92	321	0.01
41	270	0.01
143	1001	0
629	880	0.00
309	1001	0
53	282	0.01
351	1001	0
844	1001	0
830	983	0.00
706	1001	0
366	463	0.00
522	773	0.00
151	1001	0
62	1001	0
376	1001	0
859	984	0.00
4	1001	0
812	983	0.00
825	983	0.00
854	984	0.00
372	463	0.00
325	461	0.00
872	1001	0
696	1001	0
756	981	0.00
998	1001	0
957	1001	0
271	460	0.00
315	1001	0
430	468	0.00
986	1001	0
707	1001	0
0	398	0
0	397	0
0	399	0
877	986	0.00
225	454	0.01
0	394	0
368	1001	0
0	393	0
339	1001	0
0	396	0
0	395	0
443	1001	0
808	1001	0
0	390	0
0	392	0
0	391	0
742	1001	0
180	409	0.01
894	987	0.00
845	984	0.00
68	297	0.01
201	430	0.01
546	1001	0
569	1001	0
512	1001	0
913	1001	0
249	1001	0
73	302	0.01
925	990	0.00
409	1001	0
713	1001	0
745	1001	0
75	1001	0
264	459	0.00
862	1001	0
867	1001	0
684	1001	0
596	1001	0
750	1001	0
859	1001	0
969	995	0.00
110	1001	0
944	1001	0
935	991	0.00
498	1001	0
98	1001	0
432	1001	0
612	1001	0
647	1001	0
676	1001	0
399	465	0.00
330	461	0.00
535	1001	0
461	559	0.00
441	470	0.00
461	558	0.00
550	801	0.00
772	1001	0
816	1001	0
657	908	0.00
461	564	0.00
461	563	0.00
461	566	0.00
461	565	0.00
461	568	0.00
461	567	0.00
854	1001	0
461	569	0.00
486	737	0.00
461	560	0.00
483	1001	0
461	562	0.00
473	1001	0
461	561	0.00
176	405	0.01
437	1001	0
461	572	0.00
461	573	0.00
461	570	0.00
461	571	0.00
321	461	0.00
461	578	0.00
42	271	0.01
461	579	0.00
461	576	0.00
461	577	0.00
461	574	0.00
843	983	0.00
461	575	0.00
691	942	0.00
510	1001	0
979	1001	0
126	1001	0
429	468	0.00
461	581	0.00
461	582	0.00
461	583	0.00
461	584	0.00
57	286	0.01
702	953	0.00
461	580	0.00
461	589	0.00
788	1001	0
36	1001	0
461	585	0.00
880	986	0.00
461	586	0.00
461	587	0.00
461	588	0.00
656	907	0.00
319	461	0.00
944	992	0.00
541	1001	0
465	643	0.00
465	642	0.00
465	641	0.00
465	640	0.00
958	1001	0
461	590	0.00
465	639	0.00
321	1001	0
461	591	0.00
4	233	0.01
461	592	0.00
461	593	0.00
808	982	0.00
637	888	0.00
401	465	0.00
61	1001	0
803	1001	0
263	459	0.00
345	462	0.00
22	1001	0
942	1001	0
464	626	0.00
464	627	0.00
464	628	0.00
450	1001	0
464	629	0.00
585	836	0.00
721	972	0.00
692	943	0.00
259	1001	0
464	631	0.00
464	630	0.00
464	633	0.00
464	632	0.00
464	636	0.00
464	637	0.00
675	1001	0
464	634	0.00
464	635	0.00
357	1001	0
324	461	0.00
464	638	0.00
918	1001	0
448	470	0.00
226	455	0.01
336	461	0.00
157	386	0.01
290	1001	0
557	808	0.00
697	948	0.00
109	1001	0
965	994	0.00
190	1001	0
147	376	0.01
978	998	0.00
822	983	0.00
212	1001	0
720	1001	0
807	1001	0
282	1001	0
418	1001	0
203	1001	0
670	921	0.00
704	955	0.00
0	304	0
682	1001	0
0	305	0
0	302	0
0	303	0
49	1001	0
0	300	0
0	301	0
331	1001	0
671	1001	0
312	1001	0
780	982	0.00
467	1001	0
404	1001	0
177	406	0.01
791	982	0.00
640	891	0.00
676	927	0.00
948	1001	0
401	1001	0
622	1001	0
517	768	0.00
972	996	0.00
393	465	0.00
122	351	0.01
548	799	0.00
782	1001	0
648	899	0.00
320	1001	0
439	469	0.00
570	1001	0
567	818	0.00
306	460	0.00
930	1001	0
791	1001	0
173	402	0.01
367	1001	0
168	1001	0
657	1001	0
892	1001	0
127	1001	0
456	472	0.00
456	471	0.00
456	474	0.00
0	351	0
456	473	0.00
0	352	0
456	475	0.00
0	350	0
0	355	0
0	356	0
0	353	0
614	1001	0
364	463	0.00
0	354	0
104	1001	0
0	359	0
0	357	0
0	358	0
83	312	0.01
590	841	0.00
42	1001	0
383	1001	0
497	1001	0
516	1001	0
0	360	0
0	361	0
0	362	0
0	363	0
0	364	0
0	365	0
372	1001	0
0	366	0
0	367	0
0	368	0
0	369	0
252	459	0.00
567	1001	0
30	1001	0
971	996	0.00
0	373	0
0	374	0
781	982	0.00
0	371	0
0	372	0
0	370	0
0	379	0
0	377	0
0	378	0
0	375	0
0	376	0
418	467	0.00
0	382	0
0	383	0
0	384	0
0	385	0
0	380	0
814	983	0.00
0	381	0
337	1001	0
64	293	0.01
871	985	0.00
0	386	0
0	387	0
0	388	0
0	389	0
768	981	0.00
322	461	0.00
966	995	0.00
198	427	0.01
0	312	0
0	311	0
0	310	0
0	316	0
740	1001	0
0	315	0
118	1001	0
136	365	0.01
0	314	0
0	313	0
1	230	0.01
604	855	0.00
724	1001	0
395	465	0.00
899	1001	0
665	916	0.00
105	334	0.01
0	308	0
508	759	0.00
0	309	0
0	306	0
0	307	0
0	321	0
0	320	0
0	323	0
0	322	0
0	325	0
208	1001	0
0	324	0
0	327	0
0	326	0
921	989	0.00
0	317	0
0	318	0
0	319	0
306	1001	0
0	338	0
0	337	0
0	336	0
38	1001	0
0	335	0
0	334	0
640	1001	0
0	333	0
0	332	0
0	331	0
0	330	0
361	462	0.00
314	461	0.00
687	938	0.00
208	437	0.01
449	1001	0
536	1001	0
0	328	0
0	329	0
0	347	0
534	1001	0
0	346	0
216	1001	0
0	349	0
0	348	0
0	343	0
500	751	0.00
0	342	0
0	345	0
0	344	0
0	341	0
0	340	0
902	988	0.00
953	1001	0
933	1001	0
548	1001	0
115	344	0.01
318	1001	0
0	339	0
811	1001	0
129	358	0.01
597	1001	0
499	1001	0
911	988	0.00
409	466	0.00
557	1001	0
232	1001	0
209	1001	0
835	983	0.00
528	1001	0
881	1001	0
542	1001	0
50	279	0.01
674	1001	0
645	1001	0
760	1001	0
48	1001	0
169	398	0.01
607	858	0.00
368	463	0.00
653	1001	0
627	878	0.00
7	1001	0
490	741	0.00
476	1001	0
592	843	0.00
320	461	0.00
868	985	0.00
381	464	0.00
274	460	0.00
316	461	0.00
3	1001	0
63	1001	0
741	1001	0
153	382	0.01
607	1001	0
631	1001	0
125	1001	0
210	439	0.01
354	462	0.00
703	1001	0
262	1001	0
365	1001	0
211	1001	0
332	1001	0
0	11	0
504	1001	0
0	10	0
415	467	0.00
0	13	0
185	414	0.01
0	12	0
0	15	0
0	14	0
0	17	0
0	16	0
120	349	0.01
604	1001	0
335	1001	0
341	1001	0
0	291	0
209	438	0.01
0	290	0
0	293	0
0	292	0
0	295	0
630	881	0.00
0	294	0
682	933	0.00
0	297	0
0	296	0
0	299	0
0	298	0
514	765	0.00
97	326	0.01
0	29	0
243	1001	0
318	461	0.00
0	286	0
0	285	0
0	31	0
0	284	0
284	1001	0
0	30	0
0	283	0
0	282	0
0	281	0
0	280	0
661	912	0.00
0	37	0
906	988	0.00
0	36	0
0	39	0
0	38	0
39	1001	0
0	33	0
0	32	0
0	289	0
0	35	0
0	288	0
314	1001	0
0	34	0
0	287	0
360	462	0.00
852	984	0.00
226	1001	0
0	18	0
397	465	0.00
0	19	0
924	990	0.00
231	459	0.00
224	1001	0
0	20	0
0	273	0
547	798	0.00
0	272	0
0	275	0
0	274	0
294	460	0.00
0	271	0
0	270	0
0	28	0
0	27	0
0	26	0
0	25	0
0	24	0
0	277	0
0	23	0
0	276	0
0	22	0
0	279	0
0	21	0
0	278	0
789	1001	0
564	1001	0
289	460	0.00
658	1001	0
35	1001	0
888	1001	0
865	985	0.00
452	472	0.00
452	471	0.00
117	1001	0
693	1001	0
712	1001	0
254	459	0.00
489	740	0.00
950	993	0.00
37	266	0.01
282	460	0.00
530	781	0.00
37	1001	0
179	408	0.01
941	992	0.00
461	1001	0
863	1001	0
765	981	0.00
796	982	0.00
587	1001	0
19	248	0.01
691	1001	0
991	1001	0
650	901	0.00
302	460	0.00
584	1001	0
278	1001	0
668	1001	0
9	1001	0
893	1001	0
817	983	0.00
715	1001	0
350	1001	0
749	1001	0
643	1001	0
620	871	0.00
532	1001	0
811	983	0.00
645	896	0.00
965	1001	0
806	982	0.00
650	1001	0
764	1001	0
265	1001	0
636	887	0.00
566	817	0.00
882	1001	0
413	1001	0
721	1001	0
274	1001	0
540	791	0.00
442	470	0.00
516	767	0.00
697	1001	0
705	956	0.00
154	383	0.01
762	981	0.00
872	985	0.00
483	734	0.00
391	465	0.00
44	273	0.01
766	981	0.00
568	819	0.00
651	1001	0
888	986	0.00
972	1001	0
917	1001	0
794	982	0.00
439	1001	0
462	1001	0
949	992	0.00
470	1001	0
163	392	0.01
199	1001	0
668	919	0.00
13	1001	0
215	1001	0
13	242	0.01
744	981	0.00
860	984	0.00
765	1001	0
828	1001	0
658	909	0.00
955	1001	0
278	460	0.00
486	1001	0
723	974	0.00
76	305	0.01
899	987	0.00
619	870	0.00
458	476	0.00
488	1001	0
458	475	0.00
458	478	0.00
458	477	0.00
505	756	0.00
955	993	0.00
181	1001	0
614	865	0.00
933	991	0.00
323	1001	0
351	462	0.00
5	1001	0
215	444	0.01
847	984	0.00
844	983	0.00
302	1001	0
218	447	0.01
562	1001	0
46	275	0.01
553	1001	0
757	1001	0
959	994	0.00
397	1001	0
170	399	0.01
398	1001	0
576	827	0.00
870	1001	0
879	1001	0
886	1001	0
307	1001	0
156	385	0.01
458	473	0.00
787	982	0.00
458	474	0.00
458	472	0.00
342	461	0.00
0	47	0
0	48	0
0	49	0
0	258	0
0	259	0
0	43	0
0	256	0
456	1001	0
0	44	0
938	991	0.00
0	257	0
0	45	0
0	254	0
0	46	0
0	255	0
0	252	0
0	40	0
0	253	0
0	41	0
0	250	0
0	42	0
87	316	0.01
0	251	0
433	1001	0
610	861	0.00
201	1001	0
588	1001	0
174	1001	0
754	1001	0
914	1001	0
849	984	0.00
0	269	0
0	58	0
0	59	0
0	56	0
0	265	0
289	1001	0
0	57	0
0	266	0
0	54	0
0	267	0
0	55	0
0	268	0
0	52	0
0	261	0
0	53	0
0	262	0
0	50	0
0	263	0
0	51	0
0	264	0
0	260	0
440	469	0.00
54	1001	0
381	1001	0
0	65	0
0	234	0
445	1001	0
0	66	0
739	981	0.00
0	235	0
0	67	0
0	232	0
0	68	0
0	233	0
0	69	0
0	238	0
0	239	0
0	236	0
0	237	0
476	727	0.00
0	60	0
0	61	0
0	230	0
0	62	0
0	231	0
148	1001	0
0	63	0
0	64	0
603	854	0.00
78	307	0.01
183	1001	0
0	229	0
807	982	0.00
0	78	0
0	243	0
325	1001	0
0	79	0
0	244	0
0	76	0
0	245	0
0	77	0
0	246	0
0	247	0
0	248	0
0	249	0
0	70	0
0	71	0
818	983	0.00
434	1001	0
0	74	0
0	75	0
0	240	0
0	72	0
0	241	0
0	73	0
0	242	0
303	1001	0
339	461	0.00
190	419	0.01
587	838	0.00
285	460	0.00
0	84	0
0	83	0
0	86	0
0	85	0
0	80	0
26	255	0.01
0	82	0
0	81	0
0	217	0
0	216	0
0	215	0
714	965	0.00
0	214	0
0	88	0
0	213	0
0	87	0
0	212	0
0	211	0
0	89	0
0	210	0
241	1001	0
148	377	0.01
113	342	0.01
833	983	0.00
0	209	0
0	207	0
0	208	0
0	97	0
380	464	0.00
0	96	0
0	95	0
0	220	0
0	94	0
0	93	0
729	1001	0
0	92	0
0	91	0
25	1001	0
0	90	0
0	226	0
773	982	0.00
0	225	0
0	228	0
0	227	0
0	222	0
889	1001	0
0	221	0
0	99	0
0	224	0
0	98	0
0	223	0
0	218	0
0	219	0
582	1001	0
997	1001	0
841	983	0.00
686	937	0.00
777	982	0.00
142	371	0.01
466	652	0.00
970	1001	0
466	653	0.00
646	897	0.00
466	651	0.00
431	468	0.00
207	436	0.01
367	463	0.00
815	1001	0
447	470	0.00
45	1001	0
502	1001	0
540	1001	0
784	1001	0
453	1001	0
466	660	0.00
724	975	0.00
466	661	0.00
0	200	0
556	807	0.00
0	202	0
0	201	0
0	204	0
0	203	0
0	206	0
0	205	0
828	983	0.00
273	460	0.00
234	1001	0
466	655	0.00
466	654	0.00
466	657	0.00
466	656	0.00
466	659	0.00
466	658	0.00
276	1001	0
769	981	0.00
595	846	0.00
94	1001	0
513	1001	0
490	1001	0
777	1001	0
731	981	0.00
160	1001	0
18	1001	0
688	1001	0
251	1001	0
594	845	0.00
609	860	0.00
973	1001	0
150	379	0.01
624	875	0.00
659	910	0.00
893	987	0.00
411	1001	0
890	987	0.00
141	1001	0
512	763	0.00
718	1001	0
936	1001	0
188	417	0.01
291	460	0.00
961	994	0.00
164	393	0.01
618	1001	0
840	1001	0
272	1001	0
373	463	0.00
626	1001	0
269	459	0.00
95	1001	0
268	1001	0
787	1001	0
711	1001	0
122	1001	0
308	460	0.00
926	1001	0
16	1001	0
25	254	0.01
413	467	0.00
651	902	0.00
559	810	0.00
589	1001	0
941	1001	0
511	762	0.00
44	1001	0
263	1001	0
145	374	0.01
343	461	0.00
698	1001	0
431	1001	0
739	1001	0
681	932	0.00
891	1001	0
0	1000	0
371	1001	0
755	1001	0
189	1001	0
255	1001	0
821	1001	0
359	1001	0
628	1001	0
840	983	0.00
622	873	0.00
129	1001	0
344	1001	0
678	929	0.00
99	1001	0
161	1001	0
636	1001	0
580	831	0.00
305	1001	0
544	795	0.00
135	1001	0
722	973	0.00
896	1001	0
462	600	0.00
462	602	0.00
462	601	0.00
298	1001	0
315	461	0.00
275	460	0.00
560	811	0.00
245	1001	0
838	983	0.00
310	1001	0
171	1001	0
600	851	0.00
629	1001	0
767	981	0.00
32	1001	0
394	465	0.00
534	785	0.00
100	1001	0
750	981	0.00
580	1001	0
152	381	0.01
414	467	0.00
493	1001	0
583	1001	0
744	1001	0
184	413	0.01
240	1001	0
655	1001	0
822	1001	0
847	1001	0
192	421	0.01
74	1001	0
79	1001	0
494	745	0.00
405	466	0.00
550	1001	0
962	1001	0
364	1001	0
450	471	0.00
432	469	0.00
766	1001	0
146	1001	0
484	735	0.00
549	800	0.00
624	1001	0
112	1001	0
911	1001	0
783	982	0.00
206	435	0.01
953	993	0.00
770	1001	0
583	834	0.00
589	840	0.00
160	389	0.01
65	1001	0
993	1001	0
322	1001	0
421	1001	0
459	497	0.00
459	496	0.00
58	1001	0
459	499	0.00
901	1001	0
459	498	0.00
752	1001	0
883	986	0.00
255	459	0.00
798	1001	0
537	788	0.00
598	1001	0
75	304	0.01
531	782	0.00
966	1001	0
810	1001	0
272	460	0.00
459	479	0.00
459	480	0.00
459	482	0.00
459	481	0.00
459	484	0.00
459	483	0.00
252	1001	0
767	1001	0
166	1001	0
932	991	0.00
258	1001	0
352	462	0.00
812	1001	0
459	487	0.00
459	488	0.00
459	485	0.00
459	486	0.00
459	489	0.00
459	491	0.00
459	490	0.00
823	983	0.00
459	495	0.00
839	1001	0
459	494	0.00
459	493	0.00
459	492	0.00
934	1001	0
674	925	0.00
726	1001	0
462	610	0.00
313	461	0.00
200	429	0.01
462	611	0.00
474	1001	0
735	1001	0
376	463	0.00
198	1001	0
803	982	0.00
462	604	0.00
462	603	0.00
462	606	0.00
462	605	0.00
462	608	0.00
462	607	0.00
462	609	0.00
0	960	0
0	961	0
542	793	0.00
420	1001	0
0	964	0
0	965	0
0	962	0
0	963	0
454	473	0.00
454	471	0.00
454	472	0.00
384	464	0.00
386	1001	0
0	958	0
871	1001	0
0	957	0
0	956	0
0	955	0
399	1001	0
696	947	0.00
0	959	0
12	241	0.01
0	950	0
0	951	0
0	952	0
0	953	0
6	1001	0
0	954	0
149	1001	0
316	1001	0
184	1001	0
482	1001	0
0	945	0
0	944	0
407	1001	0
0	947	0
0	946	0
632	1001	0
0	949	0
0	948	0
454	1001	0
222	451	0.01
0	986	0
0	987	0
0	984	0
0	985	0
0	982	0
0	983	0
707	958	0.00
0	980	0
0	981	0
416	1001	0
0	979	0
346	1001	0
0	978	0
0	977	0
0	973	0
0	974	0
0	975	0
0	976	0
17	1001	0
0	970	0
0	971	0
0	972	0
502	753	0.00
644	1001	0
0	967	0
0	966	0
946	1001	0
0	969	0
0	968	0
665	1001	0
819	1001	0
748	1001	0
0	999	0
138	1001	0
101	330	0.01
0	990	0
406	1001	0
0	992	0
958	994	0.00
0	991	0
0	994	0
0	993	0
0	996	0
0	995	0
0	998	0
0	997	0
0	988	0
0	989	0
113	1001	0
459	515	0.00
103	332	0.01
459	516	0.00
459	517	0.00
390	465	0.00
459	518	0.00
459	511	0.00
459	512	0.00
459	513	0.00
459	514	0.00
677	928	0.00
485	736	0.00
459	510	0.00
352	1001	0
772	982	0.00
551	802	0.00
34	263	0.01
436	469	0.00
804	982	0.00
647	898	0.00
131	360	0.01
459	506	0.00
459	507	0.00
459	504	0.00
857	1001	0
459	505	0.00
524	1001	0
459	508	0.00
619	1001	0
459	509	0.00
459	502	0.00
459	503	0.00
459	500	0.00
459	501	0.00
513	764	0.00
905	988	0.00
741	981	0.00
919	1001	0
855	1001	0
73	1001	0
952	1001	0
990	1001	0
563	1001	0
673	1001	0
989	1001	0
774	982	0.00
358	1001	0
862	984	0.00
287	1001	0
654	1001	0
472	708	0.00
472	707	0.00
799	1001	0
472	709	0.00
0	143	0
472	710	0.00
0	142	0
472	711	0.00
0	141	0
472	712	0.00
0	140	0
472	713	0.00
577	828	0.00
0	147	0
0	146	0
0	145	0
0	144	0
0	149	0
0	148	0
666	1001	0
880	1001	0
205	1001	0
181	410	0.01
695	946	0.00
0	130	0
0	132	0
0	131	0
0	134	0
0	133	0
0	136	0
0	135	0
0	138	0
0	137	0
963	994	0.00
0	139	0
358	462	0.00
702	1001	0
0	119	0
967	1001	0
2	1001	0
0	121	0
0	120	0
722	1001	0
616	867	0.00
0	129	0
0	128	0
0	127	0
0	126	0
317	1001	0
0	125	0
0	124	0
0	123	0
0	122	0
0	108	0
0	109	0
873	1001	0
0	110	0
301	1001	0
920	1001	0
0	116	0
0	115	0
45	274	0.01
0	118	0
0	117	0
858	984	0.00
0	112	0
0	111	0
0	114	0
0	113	0
940	1001	0
387	1001	0
842	983	0.00
939	991	0.00
0	924	0
0	925	0
0	922	0
0	923	0
0	928	0
0	929	0
0	926	0
635	1001	0
0	927	0
613	1001	0
0	102	0
0	103	0
33	1001	0
0	100	0
0	101	0
0	932	0
0	106	0
0	931	0
0	107	0
66	1001	0
0	930	0
0	104	0
15	244	0.01
560	1001	0
0	105	0
90	319	0.01
725	976	0.00
0	933	0
297	1001	0
0	934	0
0	935	0
0	936	0
0	937	0
392	1001	0
0	938	0
0	939	0
666	917	0.00
167	1001	0
681	1001	0
0	941	0
0	940	0
0	943	0
0	942	0
527	778	0.00
623	874	0.00
344	461	0.00
0	908	0
0	909	0
0	906	0
904	988	0.00
0	907	0
459	1001	0
0	904	0
670	1001	0
0	905	0
0	902	0
0	903	0
0	900	0
0	901	0
0	910	0
641	892	0.00
949	1001	0
155	384	0.01
856	984	0.00
800	1001	0
0	919	0
334	461	0.00
472	714	0.00
545	796	0.00
0	915	0
0	916	0
0	917	0
0	918	0
0	911	0
0	912	0
0	913	0
0	914	0
0	921	0
0	920	0
121	350	0.01
660	1001	0
685	936	0.00
826	983	0.00
719	970	0.00
64	1001	0
612	863	0.00
317	461	0.00
298	460	0.00
23	252	0.01
460	1001	0
876	1001	0
873	985	0.00
70	299	0.01
979	999	0.00
65	294	0.01
708	1001	0
992	1001	0
602	853	0.00
199	428	0.01
562	813	0.00
214	443	0.01
223	1001	0
963	1001	0
295	460	0.00
790	1001	0
537	1001	0
518	769	0.00
145	1001	0
375	463	0.00
509	1001	0
144	1001	0
525	1001	0
544	1001	0
495	746	0.00
239	459	0.00
261	459	0.00
593	1001	0
503	754	0.00
197	1001	0
164	1001	0
23	1001	0
258	459	0.00
527	1001	0
128	1001	0
545	1001	0
526	1001	0
9	238	0.01
878	986	0.00
943	992	0.00
202	431	0.01
600	1001	0
119	1001	0
81	310	0.01
114	1001	0
555	1001	0
638	889	0.00
120	1001	0
869	985	0.00
445	470	0.00
667	918	0.00
175	1001	0
424	468	0.00
266	459	0.00
779	982	0.00
834	983	0.00
203	432	0.01
736	1001	0
669	1001	0
233	459	0.00
558	1001	0
303	460	0.00
112	341	0.01
437	469	0.00
414	1001	0
975	1001	0
291	1001	0
11	240	0.01
481	1001	0
806	1001	0
15	1001	0
242	1001	0
87	1001	0
547	1001	0
865	1001	0
333	461	0.00
995	1001	0
281	460	0.00
457	1001	0
410	466	0.00
924	1001	0
106	1001	0
130	359	0.01
875	1001	0
504	755	0.00
603	1001	0
458	1001	0
591	1001	0
755	981	0.00
890	1001	0
801	1001	0
515	766	0.00
827	983	0.00
195	424	0.01
85	1001	0
74	303	0.01
79	308	0.01
713	964	0.00
102	1001	0
353	462	0.00
758	1001	0
217	446	0.01
586	1001	0
929	990	0.00
565	816	0.00
159	388	0.01
72	1001	0
897	987	0.00
392	465	0.00
383	464	0.00
748	981	0.00
552	1001	0
962	994	0.00
687	1001	0
390	1001	0
477	728	0.00
221	450	0.01
471	1001	0
630	1001	0
41	1001	0
403	1001	0
938	1001	0
901	987	0.00
732	1001	0
773	1001	0
455	1001	0
460	539	0.00
523	774	0.00
342	1001	0
0	865	0
0	866	0
0	863	0
0	864	0
225	1001	0
0	861	0
24	1001	0
35	264	0.01
0	862	0
0	860	0
466	1001	0
942	992	0.00
204	1001	0
529	1001	0
460	540	0.00
0	859	0
460	541	0.00
522	1001	0
0	858	0
0	857	0
0	856	0
460	544	0.00
863	985	0.00
460	545	0.00
460	542	0.00
460	543	0.00
460	548	0.00
606	1001	0
878	1001	0
460	549	0.00
229	1001	0
460	546	0.00
460	547	0.00
460	529	0.00
460	528	0.00
0	852	0
0	853	0
0	854	0
0	855	0
693	944	0.00
0	850	0
0	851	0
627	1001	0
0	849	0
996	1001	0
608	1001	0
119	348	0.01
0	846	0
0	845	0
0	848	0
460	530	0.00
0	847	0
460	531	0.00
460	532	0.00
465	1001	0
460	533	0.00
460	534	0.00
460	535	0.00
460	536	0.00
460	537	0.00
784	982	0.00
16	245	0.01
102	331	0.01
460	538	0.00
80	309	0.01
0	194	0
0	193	0
0	192	0
0	191	0
0	198	0
0	197	0
0	196	0
0	195	0
340	1001	0
0	840	0
0	199	0
0	843	0
0	844	0
0	841	0
0	842	0
733	1001	0
0	837	0
0	836	0
0	835	0
326	1001	0
0	834	0
0	839	0
0	838	0
0	190	0
716	967	0.00
874	1001	0
0	830	0
817	1001	0
0	831	0
0	832	0
0	833	0
0	824	0
460	550	0.00
0	823	0
460	551	0.00
0	826	0
460	552	0.00
0	825	0
0	828	0
0	827	0
951	1001	0
0	829	0
460	557	0.00
330	1001	0
55	1001	0
900	987	0.00
910	988	0.00
460	553	0.00
644	895	0.00
460	554	0.00
460	555	0.00
211	440	0.01
460	556	0.00
895	1001	0
0	179	0
0	177	0
0	178	0
0	175	0
0	176	0
543	1001	0
0	173	0
0	174	0
0	171	0
0	172	0
192	1001	0
0	170	0
984	1001	0
797	1001	0
882	986	0.00
332	461	0.00
237	459	0.00
919	989	0.00
745	981	0.00
186	415	0.01
0	897	0
0	896	0
981	1001	0
0	899	0
0	898	0
0	188	0
0	893	0
0	189	0
0	892	0
0	895	0
0	894	0
0	184	0
105	1001	0
0	185	0
0	186	0
0	891	0
0	187	0
0	890	0
0	180	0
49	278	0.01
0	181	0
0	182	0
0	183	0
136	1001	0
0	889	0
0	157	0
0	884	0
0	158	0
0	883	0
0	155	0
0	882	0
0	156	0
0	881	0
566	1001	0
0	888	0
0	887	0
649	900	0.00
0	159	0
0	886	0
554	805	0.00
0	885	0
0	150	0
460	519	0.00
0	153	0
0	880	0
0	154	0
0	151	0
0	152	0
460	527	0.00
460	526	0.00
460	525	0.00
759	981	0.00
460	524	0.00
460	523	0.00
460	522	0.00
973	996	0.00
688	939	0.00
460	521	0.00
460	520	0.00
0	878	0
0	879	0
960	1001	0
0	166	0
869	1001	0
0	871	0
0	167	0
0	870	0
444	470	0.00
0	168	0
0	873	0
0	169	0
0	872	0
605	856	0.00
0	875	0
0	874	0
0	877	0
898	1001	0
0	876	0
137	366	0.01
0	160	0
0	161	0
0	162	0
0	163	0
0	164	0
0	165	0
21	250	0.01
0	867	0
0	868	0
786	1001	0
0	869	0
235	1001	0
816	983	0.00
881	986	0.00
83	1001	0
746	1001	0
690	941	0.00
819	983	0.00
3	232	0.01
363	1001	0
800	982	0.00
411	466	0.00
902	1001	0
386	464	0.00
525	776	0.00
0	800	0
709	960	0.00
530	1001	0
673	924	0.00
925	1001	0
336	1001	0
0	811	0
0	810	0
0	803	0
0	804	0
0	801	0
0	802	0
829	983	0.00
0	807	0
0	808	0
0	805	0
0	806	0
183	412	0.01
610	1001	0
0	809	0
110	339	0.01
633	884	0.00
485	1001	0
669	920	0.00
162	391	0.01
100	329	0.01
0	820	0
0	822	0
0	821	0
451	472	0.00
0	812	0
0	813	0
234	459	0.00
0	814	0
838	1001	0
698	949	0.00
451	471	0.00
0	815	0
0	816	0
0	817	0
0	818	0
0	819	0
370	1001	0
108	1001	0
637	1001	0
62	291	0.01
156	1001	0
52	1001	0
591	842	0.00
556	1001	0
31	260	0.01
311	1001	0
26	1001	0
738	981	0.00
230	1001	0
590	1001	0
680	1001	0
948	992	0.00
419	467	0.00
877	1001	0
752	981	0.00
546	797	0.00
481	732	0.00
267	459	0.00
395	1001	0
928	990	0.00
632	883	0.00
988	1001	0
836	1001	0
27	1001	0
425	1001	0
14	1001	0
84	313	0.01
284	460	0.00
796	1001	0
977	1001	0
71	300	0.01
621	872	0.00
444	1001	0
875	985	0.00
247	1001	0
191	420	0.01
742	981	0.00
84	1001	0
501	1001	0
279	460	0.00
595	1001	0
694	1001	0
27	256	0.01
200	1001	0
952	993	0.00
382	1001	0
463	1001	0
601	1001	0
288	1001	0
723	1001	0
579	1001	0
10	1001	0
737	1001	0
886	986	0.00
799	982	0.00
551	1001	0
977	997	0.00
270	460	0.00
677	1001	0
774	1001	0
20	249	0.01
297	460	0.00
374	1001	0
987	1001	0
268	459	0.00
912	988	0.00
478	1001	0
960	994	0.00
618	869	0.00
347	1001	0
571	1001	0
210	1001	0
851	984	0.00
885	986	0.00
982	1001	0
81	1001	0
904	1001	0
561	1001	0
940	991	0.00
968	995	0.00
918	989	0.00
329	1001	0
746	981	0.00
954	993	0.00
801	982	0.00
355	462	0.00
277	1001	0
463	616	0.00
463	615	0.00
802	1001	0
463	614	0.00
463	613	0.00
463	619	0.00
463	618	0.00
228	457	0.01
463	617	0.00
420	467	0.00
598	849	0.00
718	969	0.00
260	459	0.00
218	1001	0
354	1001	0
463	622	0.00
463	623	0.00
463	620	0.00
463	621	0.00
213	1001	0
121	1001	0
956	1001	0
717	968	0.00
178	407	0.01
463	612	0.00
134	363	0.01
830	1001	0
167	396	0.01
394	1001	0
849	1001	0
369	463	0.00
864	985	0.00
523	1001	0
511	1001	0
382	464	0.00
56	285	0.01
761	1001	0
463	625	0.00
463	624	0.00
92	1001	0
124	1001	0
917	989	0.00
472	1001	0
539	1001	0
734	1001	0
736	981	0.00
446	470	0.00
662	1001	0
353	1001	0
896	987	0.00
970	995	0.00
335	461	0.00
96	1001	0
778	982	0.00
709	1001	0
0	795	0
443	470	0.00
609	1001	0
0	796	0
0	793	0
0	794	0
0	799	0
0	797	0
0	798	0
711	962	0.00
0	791	0
0	792	0
405	1001	0
0	790	0
912	1001	0
165	1001	0
172	1001	0
716	1001	0
892	987	0.00
521	772	0.00
216	445	0.01
659	1001	0
836	983	0.00
730	981	0.00
126	355	0.01
663	914	0.00
0	759	0
0	757	0
0	758	0
599	1001	0
287	460	0.00
837	1001	0
93	322	0.01
0	763	0
0	762	0
760	981	0.00
0	761	0
0	760	0
0	767	0
415	1001	0
0	766	0
0	765	0
0	764	0
0	746	0
453	471	0.00
0	747	0
0	748	0
194	423	0.01
0	749	0
782	982	0.00
285	1001	0
446	1001	0
572	823	0.00
296	460	0.00
11	1001	0
453	472	0.00
588	839	0.00
860	1001	0
831	1001	0
0	750	0
661	1001	0
0	752	0
246	459	0.00
617	868	0.00
0	751	0
0	754	0
0	753	0
70	1001	0
0	756	0
0	755	0
705	1001	0
514	1001	0
0	779	0
375	1001	0
0	781	0
0	780	0
438	469	0.00
951	993	0.00
0	789	0
848	1001	0
0	788	0
0	787	0
829	1001	0
0	786	0
0	785	0
0	784	0
0	783	0
0	782	0
813	1001	0
0	768	0
0	769	0
489	1001	0
0	770	0
350	462	0.00
248	459	0.00
0	776	0
0	775	0
179	1001	0
0	778	0
0	777	0
0	772	0
0	771	0
0	774	0
0	773	0
861	1001	0
0	716	0
0	715	0
0	714	0
0	713	0
0	719	0
0	718	0
0	717	0
168	397	0.01
0	722	0
135	364	0.01
0	723	0
0	720	0
0	721	0
946	992	0.00
905	1001	0
311	461	0.00
492	1001	0
0	703	0
0	702	0
0	705	0
0	704	0
0	707	0
0	706	0
0	709	0
309	461	0.00
480	1001	0
0	708	0
59	288	0.01
0	710	0
0	711	0
0	712	0
111	1001	0
243	459	0.00
897	1001	0
384	1001	0
103	1001	0
0	739	0
0	738	0
0	737	0
0	736	0
0	735	0
0	744	0
0	745	0
0	742	0
0	743	0
0	740	0
338	1001	0
0	741	0
731	1001	0
132	361	0.01
786	982	0.00
0	729	0
0	728	0
710	961	0.00
0	725	0
0	724	0
491	742	0.00
0	727	0
170	1001	0
0	726	0
51	1001	0
0	731	0
0	732	0
655	906	0.00
0	733	0
0	734	0
0	730	0
720	971	0.00
246	1001	0
599	850	0.00
80	1001	0
470	698	0.00
470	697	0.00
271	1001	0
469	683	0.00
469	682	0.00
469	681	0.00
470	692	0.00
470	691	0.00
909	1001	0
470	690	0.00
470	696	0.00
470	695	0.00
133	362	0.01
470	694	0.00
470	693	0.00
891	987	0.00
653	904	0.00
815	983	0.00
54	283	0.01
671	922	0.00
852	1001	0
0	701	0
553	804	0.00
0	700	0
59	1001	0
438	1001	0
275	1001	0
915	989	0.00
747	981	0.00
761	981	0.00
479	730	0.00
286	460	0.00
202	1001	0
663	1001	0
158	1001	0
424	1001	0
440	1001	0
602	1001	0
257	459	0.00
141	370	0.01
717	1001	0
123	352	0.01
910	1001	0
138	367	0.01
909	988	0.00
737	981	0.00
798	982	0.00
7	236	0.01
543	794	0.00
388	464	0.00
729	980	0.00
166	395	0.01
763	1001	0
574	825	0.00
496	1001	0
68	1001	0
310	461	0.00
797	982	0.00
217	1001	0
790	982	0.00
77	306	0.01
61	290	0.01
785	1001	0
850	984	0.00
329	461	0.00
776	1001	0
805	982	0.00
592	1001	0
887	1001	0
573	1001	0
434	469	0.00
505	1001	0
66	295	0.01
189	418	0.01
403	466	0.00
12	1001	0
134	1001	0
107	1001	0
22	251	0.01
480	731	0.00
193	422	0.01
499	750	0.00
738	1001	0
493	744	0.00
469	689	0.00
885	1001	0
469	688	0.00
469	685	0.00
469	684	0.00
469	687	0.00
469	686	0.00
809	1001	0
101	1001	0
85	314	0.01
747	1001	0
927	990	0.00
974	1001	0
751	1001	0
496	747	0.00
90	1001	0
140	369	0.01
484	1001	0
117	346	0.01
343	1001	0
520	1001	0
72	301	0.01
185	1001	0
257	1001	0
843	1001	0
503	1001	0
535	786	0.00
708	959	0.00
792	1001	0
93	1001	0
596	847	0.00
430	1001	0
656	1001	0
172	401	0.01
903	988	0.00
402	466	0.00
60	289	0.01
260	1001	0
664	915	0.00
861	984	0.00
162	1001	0
86	315	0.01
479	1001	0
304	1001	0
307	460	0.00
802	982	0.00
349	462	0.00
173	1001	0
565	1001	0
832	983	0.00
220	1001	0
235	459	0.00
500	1001	0
428	1001	0
89	1001	0
563	814	0.00
954	1001	0
29	1001	0
253	1001	0
889	986	0.00
55	284	0.01
529	780	0.00
870	985	0.00
212	441	0.01
341	461	0.00
82	1001	0
571	822	0.00
579	830	0.00
703	954	0.00
111	340	0.01
699	1001	0
753	1001	0
572	1001	0
999	1001	0
635	886	0.00
768	1001	0
349	1001	0
581	1001	0
536	787	0.00
355	1001	0
427	1001	0
577	1001	0
842	1001	0
362	462	0.00
517	1001	0
91	1001	0
279	1001	0
273	1001	0
856	1001	0
236	459	0.00
455	474	0.00
455	472	0.00
455	473	0.00
455	471	0.00
927	1001	0
841	1001	0
47	276	0.01
436	1001	0
508	1001	0
475	1001	0
452	1001	0
753	981	0.00
552	803	0.00
0	692	0
0	693	0
0	690	0
0	691	0
690	1001	0
67	1001	0
416	467	0.00
283	1001	0
128	357	0.01
0	698	0
0	699	0
412	1001	0
0	696	0
0	697	0
0	694	0
0	695	0
142	1001	0
795	982	0.00
404	466	0.00
0	680	0
423	468	0.00
0	681	0
0	682	0
0	683	0
231	1001	0
0	684	0
606	857	0.00
642	893	0.00
0	685	0
0	686	0
0	687	0
0	688	0
0	689	0
487	738	0.00
611	1001	0
639	1001	0
361	1001	0
926	990	0.00
196	1001	0
0	670	0
692	1001	0
0	671	0
0	674	0
0	675	0
0	672	0
0	673	0
0	678	0
254	1001	0
0	679	0
0	676	0
0	677	0
0	669	0
478	729	0.00
412	466	0.00
425	468	0.00
526	777	0.00
227	456	0.01
0	658	0
0	659	0
0	668	0
0	667	0
0	666	0
0	665	0
0	664	0
428	468	0.00
0	663	0
0	662	0
0	661	0
0	660	0
555	806	0.00
795	1001	0
934	991	0.00
961	1001	0
422	1001	0
0	647	0
0	648	0
0	649	0
923	1001	0
0	655	0
0	654	0
494	1001	0
0	657	0
0	656	0
857	984	0.00
426	1001	0
0	651	0
0	650	0
0	653	0
0	652	0
264	1001	0
679	1001	0
501	752	0.00
853	1001	0
360	1001	0
82	311	0.01
346	462	0.00
281	1001	0
365	463	0.00
0	7	0
0	638	0
0	8	0
0	639	0
0	5	0
0	636	0
0	6	0
0	637	0
0	3	0
895	987	0.00
0	4	0
0	1	0
0	2	0
0	642	0
0	641	0
0	640	0
77	1001	0
40	269	0.01
0	646	0
0	645	0
0	644	0
0	643	0
174	403	0.01
462	594	0.00
223	452	0.01
5	234	0.01
0	625	0
0	626	0
462	599	0.00
0	627	0
0	628	0
462	597	0.00
0	629	0
462	598	0.00
462	595	0.00
846	984	0.00
462	596	0.00
593	844	0.00
377	464	0.00
0	631	0
0	630	0
0	633	0
0	632	0
0	635	0
0	634	0
388	1001	0
253	459	0.00
300	460	0.00
0	619	0
0	618	0
0	617	0
0	616	0
0	615	0
0	614	0
140	1001	0
976	1001	0
0	623	0
0	624	0
0	621	0
0	622	0
0	620	0
0	608	0
0	607	0
764	981	0.00
0	609	0
0	604	0
0	603	0
0	606	0
0	605	0
794	1001	0
299	1001	0
441	1001	0
0	9	0
0	610	0
18	247	0.01
0	611	0
0	612	0
0	613	0
978	1001	0
959	1001	0
932	1001	0
805	1001	0
672	923	0.00
0	601	0
0	602	0
0	600	0
662	913	0.00
907	988	0.00
617	1001	0
176	1001	0
683	1001	0
40	1001	0
