342	460	0.00
571	822	0.00
487	738	0.00
11	240	0.01
261	458	0.00
64	293	0.01
6	235	0.01
919	988	0.00
234	458	0.00
641	892	0.00
844	983	0.00
293	459	0.00
290	459	0.00
152	381	0.01
496	747	0.00
808	982	0.00
392	464	0.00
248	458	0.00
21	250	0.01
746	980	0.00
913	988	0.00
233	458	0.00
678	929	0.00
531	782	0.00
661	912	0.00
780	981	0.00
137	366	0.01
61	290	0.01
936	990	0.00
922	989	0.00
36	265	0.01
82	311	0.01
443	469	0.00
524	775	0.00
792	981	0.00
692	943	0.00
327	460	0.00
401	465	0.00
783	981	0.00
493	744	0.00
501	752	0.00
52	281	0.01
730	980	0.00
976	996	0.00
206	435	0.01
955	992	0.00
175	404	0.01
797	981	0.00
120	349	0.01
222	451	0.01
886	985	0.00
918	988	0.00
405	465	0.00
962	993	0.00
601	852	0.00
649	900	0.00
285	459	0.00
349	461	0.00
497	748	0.00
668	919	0.00
927	989	0.00
179	408	0.01
907	987	0.00
105	334	0.01
255	458	0.00
979	999	0.00
663	914	0.00
193	422	0.01
748	980	0.00
144	373	0.01
851	983	0.00
265	458	0.00
690	941	0.00
733	980	0.00
702	953	0.00
371	462	0.00
414	466	0.00
213	442	0.01
139	368	0.01
617	868	0.00
827	982	0.00
664	915	0.00
483	734	0.00
628	879	0.00
387	463	0.00
467	676	0.00
431	468	0.00
467	675	0.00
467	674	0.00
467	673	0.00
467	679	0.00
467	678	0.00
467	677	0.00
357	461	0.00
163	392	0.01
385	463	0.00
246	458	0.00
467	672	0.00
467	671	0.00
85	314	0.01
498	749	0.00
811	982	0.00
785	981	0.00
76	305	0.01
266	458	0.00
204	433	0.01
787	981	0.00
131	360	0.01
520	771	0.00
567	818	0.00
433	468	0.00
800	981	0.00
297	459	0.00
970	995	0.00
635	886	0.00
205	434	0.01
789	981	0.00
565	816	0.00
60	289	0.01
340	460	0.00
647	898	0.00
814	982	0.00
848	983	0.00
751	980	0.00
714	965	0.00
712	963	0.00
59	288	0.01
374	462	0.00
777	981	0.00
742	980	0.00
704	955	0.00
244	458	0.00
561	812	0.00
353	461	0.00
468	687	0.00
954	992	0.00
468	688	0.00
356	461	0.00
468	683	0.00
468	684	0.00
468	685	0.00
716	967	0.00
884	985	0.00
468	686	0.00
410	465	0.00
453	471	0.00
97	326	0.01
938	990	0.00
453	470	0.00
468	680	0.00
468	681	0.00
453	472	0.00
468	682	0.00
332	460	0.00
301	459	0.00
599	850	0.00
801	981	0.00
427	467	0.00
367	462	0.00
474	724	0.00
593	844	0.00
474	723	0.00
546	797	0.00
335	460	0.00
721	972	0.00
718	969	0.00
474	725	0.00
536	787	0.00
440	469	0.00
457	476	0.00
457	477	0.00
220	449	0.01
591	842	0.00
457	474	0.00
457	475	0.00
863	984	0.00
457	472	0.00
457	473	0.00
457	471	0.00
259	458	0.00
26	255	0.01
462	618	0.00
462	619	0.00
462	616	0.00
256	458	0.00
462	617	0.00
462	614	0.00
462	615	0.00
462	612	0.00
462	613	0.00
908	987	0.00
462	611	0.00
754	980	0.00
438	468	0.00
965	994	0.00
190	419	0.01
160	389	0.01
648	899	0.00
88	317	0.01
274	459	0.00
951	992	0.00
590	841	0.00
462	623	0.00
972	995	0.00
68	297	0.01
462	624	0.00
462	620	0.00
462	621	0.00
462	622	0.00
569	820	0.00
398	464	0.00
839	982	0.00
142	371	0.01
760	980	0.00
614	865	0.00
872	984	0.00
898	986	0.00
309	460	0.00
404	465	0.00
16	245	0.01
489	740	0.00
570	821	0.00
390	464	0.00
135	364	0.01
277	459	0.00
494	745	0.00
34	263	0.01
158	387	0.01
117	346	0.01
230	458	0.00
877	985	0.00
194	423	0.01
556	807	0.00
269	459	0.00
855	983	0.00
585	836	0.00
361	461	0.00
218	447	0.01
272	459	0.00
874	984	0.00
726	977	0.00
620	871	0.00
43	272	0.01
113	342	0.01
966	994	0.00
305	459	0.00
634	885	0.00
775	981	0.00
835	982	0.00
316	460	0.00
126	355	0.01
653	904	0.00
66	295	0.01
578	829	0.00
71	300	0.01
770	981	0.00
632	883	0.00
314	460	0.00
822	982	0.00
644	895	0.00
168	397	0.01
320	460	0.00
843	982	0.00
395	464	0.00
240	458	0.00
747	980	0.00
224	453	0.01
321	460	0.00
900	986	0.00
891	986	0.00
8	237	0.01
734	980	0.00
944	991	0.00
909	987	0.00
689	940	0.00
425	467	0.00
299	459	0.00
359	461	0.00
165	394	0.01
527	778	0.00
543	794	0.00
377	463	0.00
83	312	0.01
267	458	0.00
460	584	0.00
286	459	0.00
460	585	0.00
441	469	0.00
460	586	0.00
460	587	0.00
460	588	0.00
460	589	0.00
209	438	0.01
695	946	0.00
460	590	0.00
460	592	0.00
466	661	0.00
959	993	0.00
460	591	0.00
466	662	0.00
720	971	0.00
815	982	0.00
541	792	0.00
22	251	0.01
466	665	0.00
466	666	0.00
466	663	0.00
154	383	0.01
466	664	0.00
466	669	0.00
597	848	0.00
280	459	0.00
466	667	0.00
466	668	0.00
889	986	0.00
651	902	0.00
508	759	0.00
691	942	0.00
583	834	0.00
23	252	0.01
735	980	0.00
460	575	0.00
705	956	0.00
460	576	0.00
805	981	0.00
460	573	0.00
350	461	0.00
87	316	0.01
119	348	0.01
460	574	0.00
460	579	0.00
416	466	0.00
553	804	0.00
100	329	0.01
460	577	0.00
819	982	0.00
460	578	0.00
657	908	0.00
94	323	0.01
460	583	0.00
460	582	0.00
460	581	0.00
460	580	0.00
818	982	0.00
882	985	0.00
643	894	0.00
93	322	0.01
104	333	0.01
945	991	0.00
763	980	0.00
181	410	0.01
276	459	0.00
865	984	0.00
969	994	0.00
368	462	0.00
964	993	0.00
415	466	0.00
245	458	0.00
89	318	0.01
121	350	0.01
3	232	0.01
338	460	0.00
214	443	0.01
461	610	0.00
975	996	0.00
466	670	0.00
490	741	0.00
930	989	0.00
654	905	0.00
545	796	0.00
461	600	0.00
249	458	0.00
461	601	0.00
700	951	0.00
461	604	0.00
461	605	0.00
461	602	0.00
358	461	0.00
461	603	0.00
756	980	0.00
406	465	0.00
461	608	0.00
461	609	0.00
461	606	0.00
461	607	0.00
458	499	0.00
345	461	0.00
379	463	0.00
458	496	0.00
370	462	0.00
458	495	0.00
458	498	0.00
458	497	0.00
458	492	0.00
458	491	0.00
711	962	0.00
458	494	0.00
458	493	0.00
183	412	0.01
575	826	0.00
176	405	0.01
458	490	0.00
563	814	0.00
348	461	0.00
291	459	0.00
476	727	0.00
655	906	0.00
577	828	0.00
709	960	0.00
977	997	0.00
58	287	0.01
806	981	0.00
106	335	0.01
445	469	0.00
458	489	0.00
334	460	0.00
458	488	0.00
458	487	0.00
458	486	0.00
911	987	0.00
458	485	0.00
124	353	0.01
458	484	0.00
902	987	0.00
458	483	0.00
458	482	0.00
458	481	0.00
458	480	0.00
254	458	0.00
503	754	0.00
749	980	0.00
284	459	0.00
547	798	0.00
169	398	0.01
312	460	0.00
665	916	0.00
114	343	0.01
91	320	0.01
622	873	0.00
317	460	0.00
932	990	0.00
458	478	0.00
559	810	0.00
458	479	0.00
115	344	0.01
794	981	0.00
812	982	0.00
311	460	0.00
447	469	0.00
153	382	0.01
243	458	0.00
31	260	0.01
926	989	0.00
448	469	0.00
73	302	0.01
488	739	0.00
686	937	0.00
12	241	0.01
943	991	0.00
65	294	0.01
40	269	0.01
562	813	0.00
235	458	0.00
833	982	0.00
452	471	0.00
853	983	0.00
940	991	0.00
856	983	0.00
879	985	0.00
156	385	0.01
366	462	0.00
615	866	0.00
178	407	0.01
99	328	0.01
625	876	0.00
623	874	0.00
341	460	0.00
619	870	0.00
534	785	0.00
147	376	0.01
606	857	0.00
594	845	0.00
450	470	0.00
450	471	0.00
289	459	0.00
28	257	0.01
486	737	0.00
836	982	0.00
324	460	0.00
383	463	0.00
304	459	0.00
604	855	0.00
452	470	0.00
613	864	0.00
491	742	0.00
426	467	0.00
580	831	0.00
189	418	0.01
275	459	0.00
809	982	0.00
203	432	0.01
15	244	0.01
173	402	0.01
616	867	0.00
871	984	0.00
86	315	0.01
241	458	0.00
74	303	0.01
584	835	0.00
920	988	0.00
949	992	0.00
172	401	0.01
330	460	0.00
446	469	0.00
957	993	0.00
813	982	0.00
960	993	0.00
521	772	0.00
925	989	0.00
910	987	0.00
864	984	0.00
201	430	0.01
671	922	0.00
24	253	0.01
295	459	0.00
676	927	0.00
510	761	0.00
14	243	0.01
262	458	0.00
432	468	0.00
46	275	0.01
903	987	0.00
362	462	0.00
961	993	0.00
164	393	0.01
44	273	0.01
95	324	0.01
79	308	0.01
640	891	0.00
150	379	0.01
20	249	0.01
723	974	0.00
33	262	0.01
103	332	0.01
499	750	0.00
679	930	0.00
355	461	0.00
134	363	0.01
681	932	0.00
77	306	0.01
803	981	0.00
388	463	0.00
683	934	0.00
555	806	0.00
950	992	0.00
596	847	0.00
347	461	0.00
646	897	0.00
132	361	0.01
518	769	0.00
698	949	0.00
820	982	0.00
550	801	0.00
515	766	0.00
768	980	0.00
771	981	0.00
706	957	0.00
650	901	0.00
351	461	0.00
893	986	0.00
0	229	0.01
685	936	0.00
215	444	0.01
419	466	0.00
111	340	0.01
49	278	0.01
307	459	0.00
331	460	0.00
642	893	0.00
417	466	0.00
776	981	0.00
436	468	0.00
187	416	0.01
888	985	0.00
171	400	0.01
533	784	0.00
251	458	0.00
699	950	0.00
407	465	0.00
953	992	0.00
210	439	0.01
867	984	0.00
652	903	0.00
581	832	0.00
199	428	0.01
659	910	0.00
672	923	0.00
968	994	0.00
825	982	0.00
557	808	0.00
492	743	0.00
542	793	0.00
129	358	0.01
237	458	0.00
923	989	0.00
708	959	0.00
537	788	0.00
941	991	0.00
30	259	0.01
660	911	0.00
174	403	0.01
743	980	0.00
260	458	0.00
656	907	0.00
739	980	0.00
380	463	0.00
429	467	0.00
933	990	0.00
669	920	0.00
5	234	0.01
328	460	0.00
365	462	0.00
737	980	0.00
384	463	0.00
861	983	0.00
326	460	0.00
539	790	0.00
841	982	0.00
437	468	0.00
525	776	0.00
7	236	0.01
485	736	0.00
758	980	0.00
420	466	0.00
482	733	0.00
376	463	0.00
885	985	0.00
859	983	0.00
703	954	0.00
589	840	0.00
505	756	0.00
897	986	0.00
633	884	0.00
216	445	0.01
133	362	0.01
101	330	0.01
313	460	0.00
373	462	0.00
292	459	0.00
529	780	0.00
568	819	0.00
947	991	0.00
78	307	0.01
264	458	0.00
858	983	0.00
337	460	0.00
637	888	0.00
396	464	0.00
319	460	0.00
639	890	0.00
63	292	0.01
219	448	0.01
197	426	0.01
303	459	0.00
772	981	0.00
788	981	0.00
184	413	0.01
191	420	0.01
352	461	0.00
208	437	0.01
143	372	0.01
50	279	0.01
782	981	0.00
707	958	0.00
901	987	0.00
824	982	0.00
372	462	0.00
631	882	0.00
464	640	0.00
464	642	0.00
464	641	0.00
464	644	0.00
464	643	0.00
464	646	0.00
464	645	0.00
464	648	0.00
464	647	0.00
560	811	0.00
32	261	0.01
464	649	0.00
57	286	0.01
180	409	0.01
192	421	0.01
226	455	0.01
645	896	0.00
473	721	0.00
744	980	0.00
473	720	0.00
935	990	0.00
892	986	0.00
200	429	0.01
136	365	0.01
828	982	0.00
145	374	0.01
382	463	0.00
386	463	0.00
779	981	0.00
603	854	0.00
464	639	0.00
916	988	0.00
464	638	0.00
473	722	0.00
576	827	0.00
804	981	0.00
27	256	0.01
53	282	0.01
470	699	0.00
400	464	0.00
470	698	0.00
444	469	0.00
263	458	0.00
582	833	0.00
18	247	0.01
98	327	0.01
283	459	0.00
29	258	0.01
894	986	0.00
778	981	0.00
363	462	0.00
459	518	0.00
873	984	0.00
273	459	0.00
459	519	0.00
761	980	0.00
549	800	0.00
523	774	0.00
138	367	0.01
517	768	0.00
579	830	0.00
84	313	0.01
978	998	0.00
934	990	0.00
677	928	0.00
339	460	0.00
177	406	0.01
459	527	0.00
454	473	0.00
459	526	0.00
300	459	0.00
459	525	0.00
459	524	0.00
454	470	0.00
454	472	0.00
459	529	0.00
454	471	0.00
459	528	0.00
329	460	0.00
227	456	0.01
846	983	0.00
161	390	0.01
548	799	0.00
2	231	0.01
629	880	0.00
439	468	0.00
302	459	0.00
621	872	0.00
459	522	0.00
459	523	0.00
459	520	0.00
459	521	0.00
459	536	0.00
459	535	0.00
459	538	0.00
459	537	0.00
56	285	0.01
459	539	0.00
399	464	0.00
688	939	0.00
511	762	0.00
62	291	0.01
69	298	0.01
149	378	0.01
39	268	0.01
624	875	0.00
717	968	0.00
610	861	0.00
157	386	0.01
838	982	0.00
764	980	0.00
397	464	0.00
592	843	0.00
572	823	0.00
738	980	0.00
369	462	0.00
459	530	0.00
459	531	0.00
459	532	0.00
459	533	0.00
459	534	0.00
816	982	0.00
325	460	0.00
418	466	0.00
598	849	0.00
967	994	0.00
459	548	0.00
459	549	0.00
459	546	0.00
459	547	0.00
791	981	0.00
757	980	0.00
315	460	0.00
424	467	0.00
459	545	0.00
465	651	0.00
459	544	0.00
465	652	0.00
948	991	0.00
459	543	0.00
459	542	0.00
465	650	0.00
459	541	0.00
459	540	0.00
456	473	0.00
465	659	0.00
456	474	0.00
697	948	0.00
456	471	0.00
465	657	0.00
456	472	0.00
465	658	0.00
465	655	0.00
456	470	0.00
465	656	0.00
837	982	0.00
465	653	0.00
465	654	0.00
526	777	0.00
551	802	0.00
630	881	0.00
296	459	0.00
428	467	0.00
774	981	0.00
574	825	0.00
25	254	0.01
288	459	0.00
459	554	0.00
465	660	0.00
459	553	0.00
459	556	0.00
795	981	0.00
459	555	0.00
942	991	0.00
294	459	0.00
459	550	0.00
459	552	0.00
459	551	0.00
750	980	0.00
1	230	0.01
504	755	0.00
741	980	0.00
766	980	0.00
159	388	0.01
250	458	0.00
971	995	0.00
532	783	0.00
693	944	0.00
151	380	0.01
477	728	0.00
188	417	0.01
125	354	0.01
831	982	0.00
411	465	0.00
278	459	0.00
198	427	0.01
408	465	0.00
810	982	0.00
673	924	0.00
96	325	0.01
701	952	0.00
887	985	0.00
588	839	0.00
253	458	0.00
544	795	0.00
155	384	0.01
905	987	0.00
762	980	0.00
211	440	0.01
745	980	0.00
807	981	0.00
195	424	0.01
122	351	0.01
344	461	0.00
141	370	0.01
287	459	0.00
914	988	0.00
963	993	0.00
554	805	0.00
696	947	0.00
694	945	0.00
802	981	0.00
217	446	0.01
773	981	0.00
528	779	0.00
229	458	0.00
564	815	0.00
403	465	0.00
912	988	0.00
238	458	0.00
728	979	0.00
242	458	0.00
166	395	0.01
271	459	0.00
875	984	0.00
514	765	0.00
239	458	0.00
798	981	0.00
753	980	0.00
740	980	0.00
928	989	0.00
881	985	0.00
868	984	0.00
974	996	0.00
667	918	0.00
495	746	0.00
952	992	0.00
463	629	0.00
463	628	0.00
463	627	0.00
463	626	0.00
463	625	0.00
832	982	0.00
4	233	0.01
127	356	0.01
917	988	0.00
196	425	0.01
573	824	0.00
475	726	0.00
587	838	0.00
460	562	0.00
460	563	0.00
460	564	0.00
146	375	0.01
460	565	0.00
38	267	0.01
460	566	0.00
460	567	0.00
460	568	0.00
460	569	0.00
899	986	0.00
460	570	0.00
463	630	0.00
346	461	0.00
460	572	0.00
463	632	0.00
460	571	0.00
463	631	0.00
463	634	0.00
463	633	0.00
463	636	0.00
463	635	0.00
378	463	0.00
463	637	0.00
460	559	0.00
109	338	0.01
607	858	0.00
257	458	0.00
725	976	0.00
460	557	0.00
939	990	0.00
880	985	0.00
460	558	0.00
895	986	0.00
860	983	0.00
281	459	0.00
460	561	0.00
460	560	0.00
817	982	0.00
9	238	0.01
469	689	0.00
958	993	0.00
840	982	0.00
75	304	0.01
830	982	0.00
182	411	0.01
713	964	0.00
684	935	0.00
318	460	0.00
167	396	0.01
566	817	0.00
394	464	0.00
469	694	0.00
479	730	0.00
41	270	0.01
469	693	0.00
469	696	0.00
375	462	0.00
469	695	0.00
535	786	0.00
80	309	0.01
55	284	0.01
469	697	0.00
538	789	0.00
116	345	0.01
258	458	0.00
682	933	0.00
921	988	0.00
469	690	0.00
469	692	0.00
469	691	0.00
786	981	0.00
552	803	0.00
852	983	0.00
870	984	0.00
148	377	0.01
502	753	0.00
845	983	0.00
67	296	0.01
298	459	0.00
354	461	0.00
540	791	0.00
850	983	0.00
611	862	0.00
857	983	0.00
391	464	0.00
662	913	0.00
470	703	0.00
821	982	0.00
470	704	0.00
826	982	0.00
627	878	0.00
223	452	0.01
470	705	0.00
842	982	0.00
470	700	0.00
470	701	0.00
847	983	0.00
413	466	0.00
470	702	0.00
507	758	0.00
710	961	0.00
666	917	0.00
765	980	0.00
729	980	0.00
626	877	0.00
310	460	0.00
481	732	0.00
225	454	0.01
849	983	0.00
929	989	0.00
45	274	0.01
558	809	0.00
769	981	0.00
829	982	0.00
409	465	0.00
674	925	0.00
162	391	0.01
866	984	0.00
956	992	0.00
784	981	0.00
35	264	0.01
609	860	0.00
767	980	0.00
231	458	0.00
509	760	0.00
890	986	0.00
308	460	0.00
618	869	0.00
471	713	0.00
931	990	0.00
17	246	0.01
946	991	0.00
670	921	0.00
471	712	0.00
212	441	0.01
471	711	0.00
471	710	0.00
442	469	0.00
924	989	0.00
680	931	0.00
731	980	0.00
202	431	0.01
37	266	0.01
915	988	0.00
522	773	0.00
381	463	0.00
586	837	0.00
973	995	0.00
906	987	0.00
336	460	0.00
402	465	0.00
81	310	0.01
500	751	0.00
471	707	0.00
471	706	0.00
279	459	0.00
471	709	0.00
736	980	0.00
471	708	0.00
793	981	0.00
13	242	0.01
19	248	0.01
51	280	0.01
519	770	0.00
823	982	0.00
612	863	0.00
118	347	0.01
393	464	0.00
90	319	0.01
323	460	0.00
473	719	0.00
862	984	0.00
232	458	0.00
247	458	0.00
602	853	0.00
638	889	0.00
47	276	0.01
422	467	0.00
883	985	0.00
937	990	0.00
455	470	0.00
207	436	0.01
455	471	0.00
108	337	0.01
722	973	0.00
451	471	0.00
451	470	0.00
455	474	0.00
478	729	0.00
130	359	0.01
455	472	0.00
455	473	0.00
675	926	0.00
715	966	0.00
781	981	0.00
343	460	0.00
719	970	0.00
412	466	0.00
42	271	0.01
790	981	0.00
480	731	0.00
252	458	0.00
268	458	0.00
421	466	0.00
796	981	0.00
128	357	0.01
185	414	0.01
752	980	0.00
530	781	0.00
869	984	0.00
636	887	0.00
110	339	0.01
72	301	0.01
70	299	0.01
512	763	0.00
461	593	0.00
732	980	0.00
854	983	0.00
360	461	0.00
595	846	0.00
140	369	0.01
186	415	0.01
896	986	0.00
48	277	0.01
724	975	0.00
322	460	0.00
755	980	0.00
423	467	0.00
306	459	0.00
834	982	0.00
687	938	0.00
102	331	0.01
516	767	0.00
112	341	0.01
799	981	0.00
458	513	0.00
458	512	0.00
727	978	0.00
449	470	0.00
458	511	0.00
236	458	0.00
458	510	0.00
484	735	0.00
434	468	0.00
506	757	0.00
904	987	0.00
600	851	0.00
608	859	0.00
458	516	0.00
658	909	0.00
458	517	0.00
10	239	0.01
458	514	0.00
458	515	0.00
458	500	0.00
461	597	0.00
389	464	0.00
282	459	0.00
461	596	0.00
458	502	0.00
461	595	0.00
458	501	0.00
461	594	0.00
759	980	0.00
430	467	0.00
461	599	0.00
461	598	0.00
92	321	0.01
170	399	0.01
605	856	0.00
54	283	0.01
270	459	0.00
435	468	0.00
228	457	0.01
876	985	0.00
458	507	0.00
472	718	0.00
458	508	0.00
878	985	0.00
458	509	0.00
513	764	0.00
472	716	0.00
364	462	0.00
472	717	0.00
458	503	0.00
472	714	0.00
123	352	0.01
458	504	0.00
472	715	0.00
333	460	0.00
107	336	0.01
221	450	0.01
458	505	0.00
458	506	0.00
