338	299.94	419.92	349.93	572.62	299.94
339	452.94	634.12	528.43	864.71	452.94
941	444.24	621.94	518.28	848.10	444.24
942	315.75	442.05	368.38	602.80	315.75
940	260.00	364.00	303.33	496.36	260.00
945	366.81	513.54	427.95	700.28	366.81
332	218.66	306.12	255.10	417.44	218.66
946	238.69	334.17	278.48	455.69	238.69
333	187.73	262.82	219.02	358.39	187.73
943	481.18	673.65	561.38	918.61	481.18
330	172.23	241.12	200.93	328.80	172.23
944	425.07	595.10	495.92	811.50	425.07
331	259.34	363.08	302.57	495.11	259.34
949	360.80	505.12	420.93	688.80	360.80
336	347.37	486.32	405.27	663.16	347.37
337	475.43	665.60	554.67	907.64	475.43
947	396.64	555.29	462.74	757.21	396.64
334	342.54	479.56	399.63	653.95	342.54
948	216.13	302.58	252.15	412.61	216.13
335	359.46	503.24	419.37	686.24	359.46
531	3.88	5.43	4.53	7.40	3.88
748	290.76	407.07	339.23	555.10	290.76
530	3.74	5.24	4.37	7.15	3.74
747	412.75	577.85	481.54	787.98	412.75
746	435.11	609.16	507.63	830.67	435.11
745	362.04	506.85	422.38	691.16	362.04
535	3.51	4.91	4.09	6.70	3.51
534	3.66	5.12	4.27	6.98	3.66
533	3.37	4.72	3.93	6.44	3.37
532	3.91	5.48	4.57	7.47	3.91
749	228.11	319.36	266.13	435.49	228.11
539	3.32	4.65	3.88	6.34	3.32
740	253.86	355.40	296.17	484.64	253.86
538	3.86	5.40	4.50	7.36	3.86
537	3.59	5.02	4.18	6.85	3.59
536	3.35	4.69	3.91	6.40	3.35
744	180.61	252.86	210.72	344.81	180.61
743	239.26	334.96	279.13	456.76	239.26
742	400.84	561.18	467.65	765.25	400.84
741	350.69	490.96	409.13	669.49	350.69
349	330.11	462.16	385.13	630.22	330.11
930	316.76	443.46	369.55	604.72	316.76
931	405.88	568.23	473.53	774.86	405.88
932	309.01	432.62	360.52	589.94	309.01
341	356.83	499.56	416.30	681.22	356.83
933	200.61	280.86	234.05	382.99	200.61
342	412.58	577.61	481.34	787.65	412.58
934	375.78	526.09	438.41	717.40	375.78
343	311.90	436.66	363.88	595.45	311.90
935	475.59	665.83	554.86	907.95	475.59
344	209.79	293.71	244.76	400.51	209.79
936	422.03	590.84	492.37	805.69	422.03
345	216.44	303.02	252.52	413.21	216.44
937	201.99	282.78	235.65	385.61	201.99
346	210.02	294.03	245.02	400.95	210.02
938	248.76	348.27	290.23	474.91	248.76
347	387.44	542.41	452.01	739.65	387.44
939	274.89	384.84	320.70	524.78	274.89
348	206.25	288.75	240.63	393.75	206.25
3	12.90	18.06	15.05	24.63	12.90
540	3.97	5.56	4.63	7.58	3.97
735	316.49	443.09	369.24	604.21	316.49
929	293.79	411.31	342.76	560.88	293.79
2	13.05	18.27	15.23	24.91	13.05
734	265.76	372.07	310.06	507.37	265.76
1	12.96	18.14	15.12	24.74	12.96
542	3.65	5.11	4.26	6.97	3.65
737	402.73	563.82	469.85	768.85	402.73
0	0.00	0.00	0.00	0.00	0.00
541	3.56	4.98	4.15	6.79	3.56
736	169.91	237.88	198.23	324.38	169.91
7	12.87	18.02	15.02	24.57	12.87
544	3.25	4.55	3.79	6.20	3.25
739	362.41	507.37	422.81	691.87	362.41
6	12.83	17.96	14.97	24.49	12.83
543	3.24	4.54	3.78	6.19	3.24
738	483.81	677.33	564.44	923.63	483.81
340	462.08	646.91	539.09	882.15	462.08
5	12.84	17.97	14.98	24.50	12.84
546	3.79	5.30	4.42	7.23	3.79
4	13.26	18.56	15.47	25.31	13.26
545	3.53	4.94	4.12	6.74	3.53
548	3.69	5.17	4.31	7.05	3.69
547	3.65	5.11	4.26	6.97	3.65
9	12.46	17.44	14.53	23.78	12.46
8	13.14	18.39	15.33	25.08	13.14
549	3.51	4.92	4.10	6.71	3.51
731	291.49	408.08	340.07	556.47	291.49
730	377.39	528.35	440.29	720.48	377.39
733	257.82	360.95	300.79	492.20	257.82
732	254.22	355.91	296.59	485.33	254.22
920	484.17	677.84	564.87	924.33	484.17
318	265.26	371.37	309.48	506.41	265.26
319	475.35	665.49	554.58	907.49	475.35
316	367.84	514.98	429.15	702.25	367.84
317	445.19	623.26	519.38	849.90	445.19
927	357.82	500.95	417.46	683.11	357.82
314	280.87	393.22	327.68	536.21	280.87
928	165.05	231.07	192.56	315.10	165.05
315	209.06	292.68	243.90	399.11	209.06
925	403.08	564.31	470.26	769.51	403.08
312	286.78	401.49	334.58	547.49	286.78
926	334.07	467.70	389.75	637.77	334.07
313	220.57	308.80	257.33	421.09	220.57
923	295.52	413.73	344.78	564.18	295.52
310	301.22	421.71	351.43	575.06	301.22
924	323.72	453.21	377.68	618.01	323.72
311	230.43	322.60	268.83	439.91	230.43
921	221.75	310.45	258.71	423.34	221.75
922	235.16	329.22	274.35	448.94	235.16
513	3.89	5.45	4.54	7.43	3.89
512	3.36	4.70	3.92	6.41	3.36
729	3.26	4.56	3.80	6.22	3.26
511	3.35	4.69	3.91	6.40	3.35
728	3.49	4.88	4.07	6.65	3.49
510	3.36	4.71	3.93	6.42	3.36
727	3.25	4.55	3.79	6.20	3.25
726	3.46	4.85	4.04	6.61	3.46
725	3.54	4.96	4.13	6.76	3.54
919	187.42	262.39	218.66	357.80	187.42
724	3.68	5.15	4.29	7.02	3.68
918	214.25	299.95	249.96	409.02	214.25
723	3.80	5.32	4.43	7.25	3.80
722	3.83	5.36	4.47	7.31	3.83
721	3.64	5.10	4.25	6.95	3.64
519	3.84	5.37	4.48	7.32	3.84
720	3.58	5.01	4.18	6.83	3.58
518	3.75	5.25	4.38	7.16	3.75
517	3.41	4.78	3.98	6.52	3.41
516	3.78	5.29	4.41	7.21	3.78
515	3.64	5.09	4.24	6.94	3.64
514	3.73	5.22	4.35	7.12	3.73
327	345.55	483.77	403.14	659.69	345.55
328	238.50	333.90	278.25	455.32	238.50
329	388.78	544.29	453.58	742.21	388.78
914	281.74	394.43	328.69	537.86	281.74
323	194.11	271.75	226.46	370.57	194.11
915	351.98	492.77	410.64	671.96	351.98
324	206.41	288.97	240.81	394.05	206.41
916	474.05	663.67	553.06	905.00	474.05
325	439.04	614.65	512.21	838.16	439.04
917	212.89	298.04	248.37	406.42	212.89
326	300.16	420.23	350.19	573.04	300.16
910	320.36	448.51	373.76	611.60	320.36
709	3.39	4.75	3.96	6.48	3.39
911	256.89	359.65	299.71	490.43	256.89
320	482.67	675.74	563.12	921.46	482.67
912	375.84	526.18	438.48	717.52	375.84
321	286.55	401.17	334.31	547.05	286.55
913	430.40	602.56	502.13	821.67	430.40
322	356.83	499.56	416.30	681.22	356.83
522	3.73	5.22	4.35	7.12	3.73
717	3.35	4.69	3.91	6.40	3.35
521	4.11	5.75	4.79	7.84	4.11
716	3.55	4.97	4.14	6.78	3.55
524	3.50	4.90	4.08	6.68	3.50
719	3.76	5.27	4.39	7.19	3.76
523	3.22	4.51	3.76	6.15	3.22
718	3.89	5.45	4.54	7.43	3.89
908	166.95	233.73	194.78	318.72	166.95
713	3.04	4.25	3.54	5.80	3.04
907	458.50	641.90	534.92	875.32	458.50
712	3.76	5.26	4.38	7.17	3.76
520	3.37	4.72	3.93	6.44	3.37
715	3.47	4.86	4.05	6.63	3.47
909	301.45	422.03	351.69	575.50	301.45
714	3.34	4.68	3.90	6.38	3.34
529	3.67	5.14	4.28	7.01	3.67
711	3.83	5.36	4.47	7.31	3.83
710	3.57	5.00	4.17	6.82	3.57
526	3.64	5.10	4.25	6.95	3.64
525	3.86	5.40	4.50	7.36	3.86
528	3.27	4.58	3.82	6.25	3.27
527	3.78	5.29	4.41	7.21	3.78
989	3.89	5.44	4.53	7.42	3.89
988	3.72	5.21	4.34	7.10	3.72
987	3.94	5.51	4.59	7.51	3.94
571	4.05	5.67	4.73	7.73	4.05
570	3.77	5.28	4.40	7.20	3.77
982	3.96	5.55	4.63	7.57	3.96
981	3.96	5.55	4.63	7.57	3.96
980	429.91	601.87	501.56	820.73	429.91
986	3.81	5.34	4.45	7.28	3.81
985	4.09	5.72	4.77	7.80	4.09
984	3.72	5.21	4.34	7.10	3.72
983	3.96	5.55	4.63	7.57	3.96
700	3.46	4.85	4.04	6.61	3.46
574	3.53	4.94	4.12	6.74	3.53
703	3.81	5.33	4.44	7.27	3.81
575	3.66	5.12	4.27	6.98	3.66
704	3.64	5.09	4.24	6.94	3.64
572	3.48	4.87	4.06	6.64	3.48
701	4.15	5.81	4.84	7.92	4.15
573	3.57	5.00	4.17	6.82	3.57
702	4.12	5.77	4.81	7.87	4.12
578	3.90	5.46	4.55	7.45	3.90
707	3.94	5.52	4.60	7.53	3.94
579	3.39	4.74	3.95	6.46	3.39
708	3.59	5.02	4.18	6.85	3.59
576	3.70	5.18	4.32	7.06	3.70
705	3.72	5.21	4.34	7.10	3.72
577	3.80	5.32	4.43	7.25	3.80
706	3.71	5.20	4.33	7.09	3.71
977	215.60	301.84	251.53	411.60	215.60
976	245.87	344.22	286.85	469.39	245.87
979	180.94	253.32	211.10	345.44	180.94
300	339.24	474.93	395.78	647.63	339.24
978	475.51	665.72	554.77	907.80	475.51
302	366.79	513.51	427.93	700.24	366.79
580	3.47	4.86	4.05	6.63	3.47
301	386.90	541.66	451.38	738.63	386.90
304	263.30	368.62	307.18	502.66	263.30
582	3.50	4.90	4.08	6.68	3.50
303	195.05	273.07	227.56	372.37	195.05
581	3.67	5.14	4.28	7.01	3.67
306	236.37	330.92	275.77	451.25	236.37
305	468.34	655.67	546.39	894.10	468.34
971	330.11	462.16	385.13	630.22	330.11
308	236.98	331.77	276.48	452.41	236.98
970	453.09	634.32	528.60	864.98	453.09
307	386.36	540.90	450.75	737.59	386.36
973	206.64	289.30	241.08	394.50	206.64
972	165.53	231.74	193.12	316.01	165.53
309	214.59	300.43	250.36	409.68	214.59
975	475.59	665.83	554.86	907.95	475.59
974	211.15	295.61	246.34	403.10	211.15
583	3.20	4.48	3.73	6.11	3.20
584	3.89	5.45	4.54	7.43	3.89
585	3.32	4.65	3.88	6.34	3.32
586	3.39	4.74	3.95	6.46	3.39
587	3.64	5.10	4.25	6.95	3.64
588	4.21	5.89	4.91	8.03	4.21
589	3.76	5.27	4.39	7.19	3.76
969	399.93	559.90	466.58	763.50	399.93
968	218.00	305.20	254.33	416.18	218.00
967	341.91	478.67	398.89	652.73	341.91
966	320.06	448.08	373.40	611.02	320.06
965	326.36	456.91	380.76	623.06	326.36
964	318.24	445.53	371.28	607.54	318.24
963	436.74	611.43	509.52	833.77	436.74
962	408.79	572.31	476.92	780.42	408.79
961	471.57	660.20	550.17	900.27	471.57
960	280.90	393.26	327.72	536.26	280.90
558	3.80	5.32	4.43	7.25	3.80
559	3.72	5.21	4.34	7.10	3.72
556	3.78	5.29	4.41	7.21	3.78
557	3.56	4.99	4.16	6.80	3.56
554	3.80	5.32	4.43	7.25	3.80
555	3.74	5.23	4.36	7.13	3.74
552	3.69	5.16	4.30	7.04	3.69
553	3.55	4.97	4.14	6.78	3.55
550	3.85	5.39	4.49	7.35	3.85
551	3.84	5.38	4.48	7.34	3.84
959	339.94	475.92	396.60	648.98	339.94
958	426.40	596.96	497.47	814.04	426.40
560	3.44	4.82	4.02	6.57	3.44
955	415.96	582.34	485.28	794.10	415.96
954	322.59	451.62	376.35	615.85	322.59
957	423.61	593.06	494.22	808.72	423.61
956	302.21	423.09	352.58	576.94	302.21
951	214.84	300.77	250.64	410.14	214.84
950	236.54	331.15	275.96	451.57	236.54
953	354.57	496.40	413.67	676.91	354.57
952	264.88	370.83	309.03	505.68	264.88
569	3.15	4.41	3.68	6.01	3.15
565	3.41	4.77	3.97	6.50	3.41
566	3.52	4.93	4.11	6.72	3.52
567	4.05	5.67	4.73	7.73	4.05
568	3.75	5.25	4.38	7.16	3.75
561	3.84	5.37	4.48	7.32	3.84
562	3.31	4.63	3.86	6.31	3.31
563	3.81	5.33	4.44	7.27	3.81
564	3.55	4.97	4.14	6.78	3.55
799	439.26	614.96	512.47	838.58	439.26
798	167.64	234.70	195.58	320.05	167.64
797	463.21	648.50	540.42	884.32	463.21
796	329.54	461.36	384.47	629.13	329.54
795	390.05	546.07	455.06	744.64	390.05
794	282.28	395.19	329.33	538.90	282.28
793	367.04	513.86	428.22	700.72	367.04
792	351.82	492.55	410.46	671.66	351.82
996	3.63	5.08	4.23	6.93	3.63
790	370.15	518.21	431.84	706.65	370.15
997	4.01	5.61	4.68	7.65	4.01
791	464.26	649.97	541.64	886.32	464.26
994	3.83	5.36	4.47	7.31	3.83
995	3.81	5.34	4.45	7.28	3.81
992	4.12	5.77	4.81	7.87	4.12
993	3.93	5.50	4.58	7.50	3.93
990	3.67	5.14	4.28	7.01	3.67
991	3.85	5.39	4.49	7.35	3.85
998	3.92	5.49	4.58	7.49	3.92
999	3.77	5.28	4.40	7.20	3.77
781	320.50	448.70	373.92	611.86	320.50
782	397.01	555.81	463.17	757.92	397.01
783	438.29	613.61	511.34	836.74	438.29
784	276.55	387.17	322.64	527.96	276.55
785	359.94	503.92	419.93	687.16	359.94
786	186.90	261.66	218.05	356.81	186.90
787	413.35	578.69	482.24	789.12	413.35
788	230.19	322.27	268.56	439.46	230.19
789	227.56	318.59	265.49	434.44	227.56
780	419.91	587.88	489.90	801.65	419.91
772	343.75	481.25	401.04	656.25	343.75
505	4.03	5.64	4.70	7.69	4.03
773	178.21	249.50	207.92	340.23	178.21
506	3.31	4.64	3.87	6.33	3.31
770	420.89	589.24	491.03	803.51	420.89
503	3.38	4.73	3.94	6.45	3.38
771	402.00	562.80	469.00	767.45	402.00
504	3.66	5.12	4.27	6.98	3.66
776	187.42	262.39	218.66	357.80	187.42
509	3.69	5.16	4.30	7.04	3.69
777	359.92	503.89	419.91	687.12	359.92
774	183.76	257.27	214.39	350.82	183.76
507	3.74	5.23	4.36	7.13	3.74
775	404.46	566.24	471.87	772.15	404.46
508	3.42	4.79	3.99	6.53	3.42
778	485.86	680.20	566.83	927.55	485.86
779	320.39	448.55	373.79	611.66	320.39
501	3.82	5.35	4.46	7.30	3.82
502	3.91	5.48	4.57	7.47	3.91
500	3.06	4.28	3.57	5.84	3.06
763	203.64	285.09	237.57	388.76	203.64
764	263.46	368.84	307.37	502.96	263.46
765	487.26	682.17	568.47	930.23	487.26
766	369.92	517.89	431.58	706.21	369.92
760	482.92	676.09	563.41	921.94	482.92
761	367.34	514.28	428.57	701.29	367.34
762	416.09	582.52	485.43	794.35	416.09
767	457.35	640.29	533.58	873.12	457.35
768	329.86	461.81	384.84	629.74	329.86
769	337.73	472.82	394.02	644.75	337.73
754	232.44	325.41	271.18	443.74	232.44
755	492.84	689.97	574.98	940.87	492.84
752	309.71	433.59	361.33	591.26	309.71
753	381.55	534.17	445.14	728.41	381.55
750	233.19	326.46	272.05	445.17	233.19
751	316.52	443.13	369.28	604.27	316.52
758	344.96	482.94	402.45	658.55	344.96
759	231.93	324.70	270.58	442.77	231.93
756	270.57	378.80	315.67	516.55	270.57
757	447.31	626.23	521.86	853.95	447.31
595	3.41	4.77	3.97	6.50	3.41
594	3.36	4.71	3.93	6.42	3.36
391	379.69	531.56	442.97	724.85	379.69
597	3.81	5.34	4.45	7.28	3.81
390	291.35	407.89	339.91	556.21	291.35
596	4.03	5.64	4.70	7.69	4.03
393	470.10	658.14	548.45	897.46	470.10
599	3.47	4.86	4.05	6.63	3.47
392	329.24	460.93	384.11	628.54	329.24
598	3.84	5.37	4.48	7.32	3.84
395	187.22	262.11	218.43	357.42	187.22
394	326.96	457.75	381.46	624.20	326.96
396	458.39	641.75	534.79	875.11	458.39
397	265.78	372.09	310.08	507.40	265.78
398	269.54	377.36	314.47	514.58	269.54
399	377.26	528.16	440.13	720.22	377.26
590	3.74	5.23	4.36	7.13	3.74
591	3.73	5.22	4.35	7.12	3.73
592	3.29	4.60	3.83	6.27	3.29
593	3.66	5.12	4.27	6.98	3.66
383	322.96	452.15	376.79	616.57	322.96
384	250.88	351.23	292.69	478.95	250.88
381	249.44	349.21	291.01	476.20	249.44
382	391.09	547.52	456.27	746.62	391.09
380	180.86	253.21	211.01	345.29	180.86
389	392.56	549.58	457.98	749.43	392.56
388	363.19	508.46	423.72	693.35	363.19
387	438.15	613.41	511.18	836.47	438.15
386	295.01	413.01	344.18	563.20	295.01
385	238.15	333.41	277.84	454.65	238.15
370	349.16	488.82	407.35	666.57	349.16
371	242.39	339.34	282.78	462.74	242.39
372	411.71	576.39	480.33	785.99	411.71
373	193.59	271.02	225.85	369.57	193.59
379	346.41	484.97	404.14	661.32	346.41
378	485.46	679.64	566.37	926.78	485.46
375	237.54	332.56	277.13	453.49	237.54
374	330.74	463.03	385.86	631.40	330.74
377	341.98	478.77	398.98	652.87	341.98
376	340.59	476.82	397.35	650.21	340.59
361	360.48	504.67	420.56	688.19	360.48
362	254.54	356.35	296.96	485.93	254.54
360	361.48	506.07	421.73	690.10	361.48
366	419.46	587.25	489.38	800.80	419.46
365	385.29	539.40	449.50	735.55	385.29
364	266.94	373.72	311.43	509.62	266.94
363	319.23	446.92	372.43	609.44	319.23
369	357.23	500.12	416.77	681.98	357.23
368	268.29	375.60	313.00	512.18	268.29
367	477.39	668.35	556.96	911.39	477.39
350	454.02	635.63	529.69	866.77	454.02
351	289.04	404.66	337.22	551.81	289.04
353	298.04	417.25	347.71	568.98	298.04
352	329.90	461.86	384.88	629.81	329.90
355	397.31	556.24	463.53	758.51	397.31
354	484.95	678.93	565.78	925.81	484.95
357	397.54	556.55	463.79	758.93	397.54
356	311.59	436.22	363.52	594.85	311.59
359	348.24	487.53	406.28	664.81	348.24
358	195.13	273.18	227.65	372.52	195.13
806	282.39	395.35	329.46	539.11	282.39
807	400.35	560.49	467.08	764.30	400.35
804	404.86	566.80	472.33	772.91	404.86
805	367.53	514.54	428.78	701.65	367.53
802	243.29	340.60	283.83	464.45	243.29
803	250.87	351.22	292.68	478.94	250.87
800	171.39	239.94	199.95	327.19	171.39
801	337.74	472.84	394.03	644.78	337.74
159	13.18	18.45	15.38	25.16	13.18
158	12.65	17.71	14.76	24.15	12.65
157	12.86	18.01	15.01	24.56	12.86
156	12.95	18.13	15.11	24.72	12.95
155	12.58	17.61	14.68	24.01	12.58
154	12.57	17.60	14.67	24.00	12.57
152	12.96	18.15	15.12	24.75	12.96
601	3.79	5.30	4.42	7.23	3.79
153	13.21	18.50	15.42	25.23	13.21
600	3.65	5.11	4.26	6.97	3.65
150	13.31	18.64	15.53	25.42	13.31
151	13.16	18.42	15.35	25.12	13.16
609	4.23	5.92	4.93	8.07	4.23
608	3.72	5.21	4.34	7.10	3.72
607	3.88	5.43	4.53	7.40	3.88
606	3.51	4.91	4.09	6.70	3.51
605	3.65	5.11	4.26	6.97	3.65
604	3.69	5.16	4.30	7.04	3.69
603	3.49	4.88	4.07	6.65	3.49
602	3.52	4.93	4.11	6.72	3.52
202	13.18	18.45	15.38	25.16	13.18
203	13.49	18.89	15.74	25.76	13.49
204	12.94	18.12	15.10	24.71	12.94
205	12.77	17.88	14.90	24.38	12.77
200	12.34	17.28	14.40	23.56	12.34
201	13.00	18.20	15.17	24.82	13.00
169	13.25	18.55	15.46	25.30	13.25
206	12.76	17.86	14.88	24.35	12.76
166	13.30	18.62	15.52	25.39	13.30
207	12.22	17.11	14.26	23.33	12.22
165	13.37	18.72	15.60	25.53	13.37
208	13.06	18.29	15.24	24.94	13.06
168	12.78	17.89	14.91	24.40	12.78
209	13.04	18.25	15.21	24.89	13.04
167	13.31	18.64	15.53	25.42	13.31
161	13.14	18.40	15.33	25.09	13.14
409	439.91	615.87	513.23	839.82	439.91
162	12.89	18.04	15.03	24.60	12.89
408	229.57	321.40	267.83	438.27	229.57
163	12.90	18.06	15.05	24.63	12.90
164	13.03	18.24	15.20	24.87	13.03
405	272.26	381.16	317.63	519.76	272.26
404	438.06	613.28	511.07	836.29	438.06
407	428.18	599.45	499.54	817.43	428.18
160	12.45	17.43	14.53	23.77	12.45
406	422.23	591.12	492.60	806.07	422.23
401	420.04	588.06	490.05	801.90	420.04
400	231.17	323.64	269.70	441.33	231.17
403	393.13	550.38	458.65	750.52	393.13
402	370.62	518.87	432.39	707.55	370.62
824	380.56	532.79	443.99	726.53	380.56
211	13.10	18.34	15.28	25.01	13.10
825	455.36	637.50	531.25	869.32	455.36
212	13.48	18.87	15.73	25.73	13.48
822	438.59	614.03	511.69	837.31	438.59
823	292.98	410.17	341.81	559.32	292.98
210	12.89	18.05	15.04	24.61	12.89
828	262.23	367.12	305.93	500.62	262.23
215	13.68	19.15	15.96	26.11	13.68
829	491.76	688.47	573.73	938.82	491.76
216	13.04	18.25	15.21	24.89	13.04
826	272.55	381.57	317.98	520.32	272.55
213	12.98	18.17	15.14	24.78	12.98
827	297.77	416.88	347.40	568.47	297.77
214	13.59	19.02	15.85	25.94	13.59
219	13.20	18.48	15.40	25.20	13.20
179	13.37	18.72	15.60	25.53	13.37
178	12.81	17.94	14.95	24.46	12.81
217	13.05	18.27	15.23	24.91	13.05
177	12.71	17.80	14.83	24.27	12.71
218	12.53	17.54	14.62	23.92	12.53
176	12.96	18.14	15.12	24.74	12.96
820	173.18	242.45	202.04	330.61	173.18
821	266.12	372.57	310.48	508.05	266.12
170	12.89	18.04	15.03	24.60	12.89
418	282.44	395.42	329.52	539.21	282.44
171	13.02	18.23	15.19	24.86	13.02
417	236.85	331.59	276.33	452.17	236.85
416	392.68	549.75	458.13	749.66	392.68
415	355.28	497.39	414.49	678.26	355.28
174	13.09	18.32	15.27	24.98	13.09
623	3.48	4.87	4.06	6.64	3.48
175	12.67	17.74	14.78	24.19	12.67
622	3.76	5.26	4.38	7.17	3.76
172	13.09	18.33	15.27	25.00	13.09
621	3.89	5.44	4.53	7.42	3.89
173	12.56	17.58	14.65	23.97	12.56
419	454.65	636.51	530.43	867.97	454.65
620	3.31	4.64	3.87	6.33	3.31
410	389.36	545.11	454.26	743.33	389.36
627	3.83	5.36	4.47	7.31	3.83
626	3.99	5.58	4.65	7.61	3.99
625	3.59	5.02	4.18	6.85	3.59
819	240.79	337.10	280.92	459.68	240.79
624	3.61	5.06	4.22	6.90	3.61
414	171.51	240.12	200.10	327.44	171.51
413	274.76	384.66	320.55	524.54	274.76
412	254.24	355.93	296.61	485.36	254.24
629	3.84	5.38	4.48	7.34	3.84
411	341.80	478.52	398.77	652.53	341.80
628	3.67	5.14	4.28	7.01	3.67
811	405.59	567.83	473.19	774.31	405.59
220	12.91	18.07	15.06	24.64	12.91
812	433.41	606.77	505.64	827.41	433.41
221	12.98	18.17	15.14	24.78	12.98
813	200.04	280.05	233.38	381.89	200.04
222	12.44	17.41	14.51	23.74	12.44
814	237.74	332.84	277.37	453.87	237.74
223	13.41	18.78	15.65	25.61	13.41
815	330.26	462.36	385.30	630.49	330.26
224	12.61	17.66	14.72	24.08	12.61
816	165.23	231.32	192.77	315.44	165.23
225	13.29	18.61	15.51	25.38	13.29
817	360.22	504.31	420.26	687.70	360.22
226	13.16	18.43	15.36	25.13	13.16
818	229.91	321.87	268.23	438.91	229.91
227	12.85	17.99	14.99	24.53	12.85
228	12.61	17.66	14.72	24.08	12.61
188	12.11	16.95	14.13	23.11	12.11
229	12.95	18.13	15.11	24.72	12.95
187	13.31	18.64	15.53	25.42	13.31
189	12.97	18.16	15.13	24.76	12.97
810	457.01	639.81	533.18	872.47	457.01
427	179.85	251.79	209.83	343.35	179.85
180	12.91	18.07	15.06	24.64	12.91
426	172.46	241.44	201.20	329.24	172.46
181	13.07	18.30	15.25	24.95	13.07
429	374.13	523.78	436.48	714.25	374.13
182	13.14	18.40	15.33	25.09	13.14
428	280.56	392.78	327.32	535.61	280.56
183	13.29	18.60	15.50	25.36	13.29
610	3.95	5.53	4.61	7.54	3.95
184	12.84	17.98	14.98	24.52	12.84
185	12.73	17.82	14.85	24.30	12.73
612	3.42	4.79	3.99	6.53	3.42
186	12.75	17.85	14.88	24.34	12.75
611	3.71	5.19	4.33	7.08	3.71
809	255.21	357.29	297.74	487.21	255.21
614	3.71	5.20	4.33	7.09	3.71
808	473.09	662.32	551.93	903.16	473.09
613	3.90	5.46	4.55	7.45	3.90
421	434.54	608.35	506.96	829.57	434.54
616	3.91	5.48	4.57	7.47	3.91
420	240.98	337.37	281.14	460.05	240.98
615	3.97	5.56	4.63	7.58	3.97
423	222.82	311.95	259.96	425.39	222.82
618	3.83	5.36	4.47	7.31	3.83
422	447.01	625.82	521.52	853.39	447.01
617	3.58	5.01	4.18	6.83	3.58
425	365.51	511.72	426.43	697.80	365.51
424	422.14	590.99	492.49	805.90	422.14
619	3.66	5.12	4.27	6.98	3.66
843	400.26	560.37	466.98	764.14	400.26
116	12.86	18.01	15.01	24.56	12.86
842	359.49	503.29	419.41	686.30	359.49
117	12.44	17.42	14.52	23.75	12.44
841	403.16	564.43	470.36	769.68	403.16
114	12.76	17.86	14.88	24.35	12.76
840	488.88	684.43	570.36	933.31	488.88
115	12.80	17.92	14.93	24.44	12.80
112	13.02	18.23	15.19	24.86	13.02
113	12.94	18.12	15.10	24.71	12.94
110	13.09	18.32	15.27	24.98	13.09
111	13.32	18.65	15.54	25.43	13.32
849	427.86	599.01	499.18	816.83	427.86
848	289.30	405.02	337.52	552.30	289.30
847	196.08	274.51	228.76	374.33	196.08
846	257.85	360.99	300.83	492.26	257.85
845	272.15	381.01	317.51	519.56	272.15
118	12.90	18.06	15.05	24.63	12.90
844	278.37	389.72	324.77	531.44	278.37
119	13.06	18.28	15.23	24.93	13.06
435	226.63	317.28	264.40	432.65	226.63
436	391.39	547.95	456.63	747.20	391.39
433	300.79	421.10	350.92	574.23	300.79
434	308.56	431.99	359.99	589.08	308.56
431	413.76	579.26	482.72	789.90	413.76
432	250.71	350.99	292.49	478.62	250.71
430	363.81	509.34	424.45	694.55	363.81
439	411.86	576.60	480.50	786.27	411.86
437	264.34	370.08	308.40	504.65	264.34
438	261.98	366.77	305.64	500.14	261.98
830	408.03	571.24	476.03	778.96	408.03
125	12.69	17.76	14.80	24.22	12.69
126	13.42	18.79	15.66	25.62	13.42
832	353.59	495.03	412.53	675.04	353.59
127	13.08	18.31	15.26	24.97	13.08
831	481.03	673.44	561.20	918.33	481.03
128	13.16	18.43	15.36	25.13	13.16
121	12.68	17.75	14.79	24.20	12.68
122	12.69	17.77	14.81	24.23	12.69
123	12.81	17.93	14.94	24.45	12.81
124	12.76	17.86	14.88	24.35	12.76
838	451.01	631.41	526.18	861.01	451.01
837	372.14	521.00	434.17	710.45	372.14
839	338.26	473.57	394.64	645.78	338.26
834	239.26	334.97	279.14	456.78	239.26
129	13.19	18.47	15.39	25.19	13.19
833	260.26	364.37	303.64	496.87	260.26
836	361.81	506.54	422.12	690.74	361.81
835	370.84	519.17	432.64	707.96	370.84
444	472.26	661.16	550.97	901.58	472.26
445	239.23	334.92	279.10	456.71	239.23
446	199.59	279.43	232.86	381.04	199.59
447	312.66	437.73	364.78	596.90	312.66
440	221.71	310.40	258.67	423.27	221.71
441	327.66	458.72	382.27	625.53	327.66
442	386.09	540.52	450.43	737.07	386.09
443	488.73	684.22	570.18	933.03	488.73
120	13.01	18.22	15.18	24.85	13.01
448	237.80	332.92	277.43	453.98	237.80
449	215.09	301.12	250.93	410.62	215.09
861	190.55	266.77	222.31	363.78	190.55
134	12.64	17.70	14.75	24.14	12.64
860	483.56	676.98	564.15	923.15	483.56
135	13.31	18.64	15.53	25.42	13.31
132	12.50	17.50	14.58	23.86	12.50
133	13.62	19.07	15.89	26.00	13.62
865	485.44	679.61	566.34	926.74	485.44
138	13.21	18.50	15.42	25.23	13.21
864	337.79	472.90	394.08	644.86	337.79
139	13.29	18.61	15.51	25.38	13.29
863	486.05	680.47	567.06	927.91	486.05
136	12.11	16.95	14.13	23.11	12.11
862	279.36	391.11	325.93	533.33	279.36
137	12.66	17.72	14.77	24.16	12.66
869	310.21	434.30	361.92	592.23	310.21
868	248.33	347.66	289.72	474.08	248.33
867	349.94	489.92	408.27	668.07	349.94
866	470.46	658.65	548.88	898.16	470.46
450	458.04	641.26	534.38	874.45	458.04
453	403.88	565.43	471.19	771.04	403.88
454	210.76	295.06	245.88	402.35	210.76
451	460.38	644.53	537.11	878.90	460.38
452	415.24	581.34	484.45	792.74	415.24
457	245.26	343.36	286.13	468.22	245.26
458	323.16	452.43	377.03	616.95	323.16
455	183.55	256.97	214.14	350.41	183.55
456	329.75	461.65	384.71	629.52	329.75
459	3.69	5.16	4.30	7.04	3.69
131	13.68	19.15	15.96	26.11	13.68
130	12.71	17.80	14.83	24.27	12.71
143	12.95	18.13	15.11	24.72	12.95
144	12.58	17.61	14.68	24.01	12.58
850	322.33	451.26	376.05	615.35	322.33
145	13.14	18.40	15.33	25.09	13.14
146	13.46	18.84	15.70	25.69	13.46
852	310.33	434.46	362.05	592.45	310.33
147	13.03	18.24	15.20	24.87	13.03
851	356.31	498.83	415.69	680.22	356.31
148	12.79	17.90	14.92	24.41	12.79
854	350.07	490.10	408.42	668.32	350.07
149	12.94	18.12	15.10	24.71	12.94
853	259.87	363.82	303.18	496.12	259.87
856	435.81	610.13	508.44	832.00	435.81
855	325.68	455.95	379.96	621.75	325.68
858	268.56	375.98	313.32	512.70	268.56
857	258.63	362.08	301.73	493.75	258.63
859	240.81	337.14	280.95	459.74	240.81
461	3.71	5.20	4.33	7.09	3.71
460	3.79	5.31	4.43	7.24	3.79
462	3.69	5.17	4.31	7.05	3.69
463	4.06	5.68	4.73	7.75	4.06
464	3.64	5.10	4.25	6.95	3.64
465	3.98	5.57	4.64	7.60	3.98
466	3.76	5.27	4.39	7.19	3.76
467	3.73	5.22	4.35	7.12	3.73
468	3.93	5.50	4.58	7.50	3.93
469	3.54	4.95	4.13	6.75	3.54
140	12.81	17.93	14.94	24.45	12.81
142	13.06	18.28	15.23	24.93	13.06
141	13.02	18.23	15.19	24.86	13.02
687	4.51	6.32	5.27	8.62	4.51
686	3.98	5.57	4.64	7.60	3.98
689	3.62	5.07	4.23	6.91	3.62
688	3.89	5.44	4.53	7.42	3.89
683	3.69	5.16	4.30	7.04	3.69
682	4.11	5.76	4.80	7.85	4.11
685	4.00	5.60	4.67	7.64	4.00
684	3.53	4.94	4.12	6.74	3.53
888	300.25	420.35	350.29	573.20	300.25
889	217.16	304.02	253.35	414.57	217.16
884	194.58	272.41	227.01	371.47	194.58
885	413.90	579.46	482.88	790.17	413.90
886	171.69	240.36	200.30	327.76	171.69
680	3.86	5.41	4.51	7.38	3.86
887	273.14	382.39	318.66	521.44	273.14
681	3.80	5.32	4.43	7.25	3.80
880	231.98	324.77	270.64	442.87	231.98
881	375.80	526.12	438.43	717.44	375.80
882	263.22	368.51	307.09	502.51	263.22
883	307.03	429.84	358.20	586.15	307.03
678	3.42	4.79	3.99	6.53	3.42
677	3.75	5.25	4.38	7.16	3.75
676	3.16	4.42	3.68	6.03	3.16
675	3.55	4.97	4.14	6.78	3.55
674	3.44	4.82	4.02	6.57	3.44
673	3.63	5.08	4.23	6.93	3.63
672	3.53	4.94	4.12	6.74	3.53
671	3.86	5.40	4.50	7.36	3.86
679	3.90	5.46	4.55	7.45	3.90
879	349.51	489.32	407.77	667.25	349.51
877	393.94	551.52	459.60	752.07	393.94
878	228.24	319.53	266.28	435.72	228.24
875	187.96	263.14	219.28	358.83	187.96
876	357.91	501.08	417.57	683.29	357.91
670	4.04	5.65	4.71	7.70	4.04
873	348.49	487.89	406.58	665.30	348.49
874	276.64	387.30	322.75	528.14	276.64
871	431.14	603.59	502.99	823.08	431.14
872	244.13	341.78	284.82	466.06	244.13
870	441.45	618.03	515.03	842.77	441.45
696	3.83	5.36	4.47	7.31	3.83
695	3.85	5.39	4.49	7.35	3.85
694	3.67	5.14	4.28	7.01	3.67
693	3.41	4.77	3.97	6.50	3.41
890	383.71	537.19	447.66	732.53	383.71
699	3.85	5.39	4.49	7.35	3.85
698	3.66	5.13	4.28	7.00	3.66
697	3.02	4.23	3.53	5.77	3.02
899	187.78	262.89	219.08	358.49	187.78
893	187.84	262.97	219.14	358.60	187.84
894	466.04	652.45	543.71	889.70	466.04
891	473.31	662.63	552.19	903.59	473.31
892	295.71	414.00	345.00	564.55	295.71
897	408.26	571.56	476.30	779.40	408.26
691	3.54	4.95	4.13	6.75	3.54
898	391.31	547.84	456.53	747.05	391.31
692	3.59	5.02	4.18	6.85	3.59
895	267.40	374.36	311.97	510.49	267.40
896	486.07	680.50	567.08	927.95	486.07
690	3.71	5.20	4.33	7.09	3.71
646	3.76	5.27	4.39	7.19	3.76
647	3.94	5.52	4.60	7.53	3.94
648	3.59	5.02	4.18	6.85	3.59
649	3.73	5.22	4.35	7.12	3.73
195	13.11	18.35	15.29	25.02	13.11
642	3.26	4.56	3.80	6.22	3.26
194	12.99	18.18	15.15	24.79	12.99
643	3.76	5.26	4.38	7.17	3.76
197	12.41	17.38	14.48	23.70	12.41
644	3.49	4.89	4.07	6.67	3.49
196	13.21	18.49	15.41	25.21	13.21
645	3.86	5.41	4.51	7.38	3.86
191	12.53	17.54	14.62	23.92	12.53
190	12.71	17.80	14.83	24.27	12.71
193	12.90	18.06	15.05	24.63	12.90
640	3.66	5.13	4.28	7.00	3.66
192	12.79	17.90	14.92	24.41	12.79
641	3.62	5.07	4.23	6.91	3.62
198	12.63	17.68	14.73	24.11	12.63
199	12.76	17.86	14.88	24.35	12.76
639	3.63	5.08	4.23	6.93	3.63
637	3.90	5.46	4.55	7.45	3.90
638	3.64	5.10	4.25	6.95	3.64
635	3.79	5.31	4.43	7.24	3.79
636	3.71	5.19	4.33	7.08	3.71
633	3.95	5.53	4.61	7.54	3.95
634	3.68	5.15	4.29	7.02	3.68
631	3.59	5.02	4.18	6.85	3.59
632	3.30	4.62	3.85	6.30	3.30
630	3.11	4.36	3.63	5.95	3.11
668	3.58	5.01	4.18	6.83	3.58
669	3.53	4.94	4.12	6.74	3.53
660	3.66	5.13	4.28	7.00	3.66
661	3.92	5.49	4.58	7.49	3.92
662	3.56	4.99	4.16	6.80	3.56
663	3.23	4.52	3.77	6.16	3.23
664	3.81	5.34	4.45	7.28	3.81
665	3.66	5.13	4.28	7.00	3.66
666	3.50	4.90	4.08	6.68	3.50
667	3.65	5.11	4.26	6.97	3.65
659	3.71	5.19	4.33	7.08	3.71
657	3.81	5.33	4.44	7.27	3.81
658	3.69	5.16	4.30	7.04	3.69
651	3.96	5.55	4.63	7.57	3.96
652	3.31	4.64	3.87	6.33	3.31
650	3.59	5.02	4.18	6.85	3.59
655	3.78	5.29	4.41	7.21	3.78
656	3.65	5.11	4.26	6.97	3.65
653	3.51	4.92	4.10	6.71	3.51
654	3.41	4.78	3.98	6.52	3.41
35	13.16	18.43	15.36	25.13	13.16
36	13.06	18.29	15.24	24.94	13.06
33	12.76	17.87	14.89	24.37	12.76
34	13.50	18.90	15.75	25.77	13.50
39	13.31	18.64	15.53	25.42	13.31
37	12.24	17.14	14.28	23.37	12.24
38	12.49	17.48	14.57	23.84	12.49
43	13.38	18.73	15.61	25.54	13.38
42	12.61	17.66	14.72	24.08	12.61
41	13.19	18.46	15.38	25.17	13.19
40	13.02	18.23	15.19	24.86	13.02
22	12.81	17.93	14.94	24.45	12.81
23	12.82	17.95	14.96	24.48	12.82
24	12.97	18.16	15.13	24.76	12.97
25	12.81	17.93	14.94	24.45	12.81
26	13.09	18.33	15.27	25.00	13.09
27	12.73	17.82	14.85	24.30	12.73
28	13.09	18.33	15.27	25.00	13.09
29	13.26	18.57	15.48	25.32	13.26
30	13.25	18.55	15.46	25.30	13.25
32	13.32	18.65	15.54	25.43	13.32
31	13.33	18.66	15.55	25.45	13.33
19	12.96	18.14	15.12	24.74	12.96
17	13.26	18.56	15.47	25.31	13.26
18	13.01	18.22	15.18	24.85	13.01
15	12.84	17.97	14.98	24.50	12.84
16	12.72	17.81	14.84	24.29	12.72
13	13.29	18.61	15.51	25.38	13.29
14	13.30	18.62	15.52	25.39	13.30
11	12.79	17.91	14.93	24.42	12.79
12	12.80	17.92	14.93	24.44	12.80
21	13.41	18.78	15.65	25.61	13.41
20	13.07	18.30	15.25	24.95	13.07
10	13.54	18.95	15.79	25.84	13.54
79	12.26	17.16	14.30	23.40	12.26
78	12.37	17.32	14.43	23.62	12.37
77	12.94	18.12	15.10	24.71	12.94
82	12.91	18.07	15.06	24.64	12.91
83	12.64	17.70	14.75	24.14	12.64
80	13.21	18.50	15.42	25.23	13.21
81	13.00	18.20	15.17	24.82	13.00
86	12.65	17.71	14.76	24.15	12.65
87	12.40	17.36	14.47	23.67	12.40
84	13.00	18.20	15.17	24.82	13.00
85	13.63	19.08	15.90	26.02	13.63
67	12.94	18.11	15.09	24.70	12.94
66	13.11	18.35	15.29	25.02	13.11
69	13.31	18.63	15.53	25.40	13.31
68	12.88	18.03	15.03	24.59	12.88
70	12.85	17.99	14.99	24.53	12.85
71	12.93	18.10	15.08	24.68	12.93
72	13.51	18.92	15.77	25.80	13.51
73	13.29	18.60	15.50	25.36	13.29
74	13.12	18.37	15.31	25.05	13.12
75	12.79	17.91	14.93	24.42	12.79
76	12.79	17.91	14.93	24.42	12.79
59	13.51	18.91	15.76	25.79	13.51
58	12.53	17.54	14.62	23.92	12.53
57	13.14	18.39	15.33	25.08	13.14
56	12.72	17.81	14.84	24.29	12.72
55	13.19	18.46	15.38	25.17	13.19
64	12.78	17.89	14.91	24.40	12.78
65	12.71	17.80	14.83	24.27	12.71
62	12.96	18.14	15.12	24.74	12.96
63	13.16	18.43	15.36	25.13	13.16
60	12.90	18.06	15.05	24.63	12.90
61	13.09	18.32	15.27	24.98	13.09
49	13.24	18.53	15.44	25.27	13.24
48	13.04	18.25	15.21	24.89	13.04
45	12.44	17.41	14.51	23.74	12.44
44	12.80	17.92	14.93	24.44	12.80
47	12.98	18.17	15.14	24.78	12.98
46	12.93	18.10	15.08	24.68	12.93
51	12.80	17.92	14.93	24.44	12.80
52	12.69	17.77	14.81	24.23	12.69
53	13.28	18.59	15.49	25.35	13.28
54	13.14	18.40	15.33	25.09	13.14
50	12.88	18.03	15.03	24.59	12.88
1001	0.00	0.00	0.00	0.00	0.00
281	439.69	615.57	512.98	839.41	439.69
487	3.89	5.44	4.53	7.42	3.89
280	195.05	273.07	227.56	372.37	195.05
486	3.71	5.19	4.33	7.08	3.71
485	3.84	5.37	4.48	7.32	3.84
484	3.79	5.31	4.43	7.24	3.79
285	329.77	461.68	384.73	629.56	329.77
284	166.92	233.69	194.74	318.67	166.92
283	318.70	446.18	371.82	608.43	318.70
489	3.84	5.37	4.48	7.32	3.84
282	214.15	299.81	249.84	408.83	214.15
488	3.50	4.90	4.08	6.68	3.50
288	452.45	633.43	527.86	863.77	452.45
289	317.36	444.30	370.25	605.86	317.36
286	461.24	645.73	538.11	880.54	461.24
287	372.06	520.88	434.07	710.29	372.06
482	3.75	5.25	4.38	7.16	3.75
483	3.95	5.53	4.61	7.54	3.95
480	3.49	4.88	4.07	6.65	3.49
481	3.56	4.98	4.15	6.79	3.56
474	3.69	5.17	4.31	7.05	3.69
473	3.44	4.82	4.02	6.57	3.44
270	440.74	617.03	514.19	841.40	440.74
476	3.89	5.44	4.53	7.42	3.89
475	4.05	5.67	4.73	7.73	4.05
272	262.59	367.63	306.36	501.31	262.59
478	3.81	5.34	4.45	7.28	3.81
271	173.46	242.84	202.37	331.15	173.46
477	3.81	5.33	4.44	7.27	3.81
274	213.29	298.61	248.84	407.20	213.29
273	205.17	287.24	239.37	391.69	205.17
479	3.62	5.07	4.23	6.91	3.62
275	465.26	651.37	542.81	888.23	465.26
276	242.15	339.01	282.51	462.29	242.15
277	401.05	561.47	467.89	765.64	401.05
278	401.70	562.38	468.65	766.88	401.70
279	400.23	560.32	466.93	764.07	400.23
470	3.79	5.30	4.42	7.23	3.79
471	3.76	5.26	4.38	7.17	3.76
472	3.75	5.25	4.38	7.16	3.75
1000	3.89	5.44	4.53	7.42	3.89
109	12.79	17.90	14.92	24.41	12.79
108	13.14	18.39	15.33	25.08	13.14
107	12.91	18.08	15.07	24.65	12.91
106	12.95	18.13	15.11	24.72	12.95
105	13.39	18.74	15.62	25.55	13.39
104	12.60	17.64	14.70	24.05	12.60
103	12.85	17.99	14.99	24.53	12.85
99	13.30	18.62	15.52	25.39	13.30
102	12.18	17.05	14.21	23.25	12.18
101	12.66	17.72	14.77	24.16	12.66
100	13.12	18.37	15.31	25.05	13.12
98	12.96	18.14	15.12	24.74	12.96
97	12.93	18.10	15.08	24.68	12.93
96	12.91	18.08	15.07	24.65	12.91
95	12.94	18.12	15.10	24.71	12.94
94	13.09	18.32	15.27	24.98	13.09
93	13.11	18.35	15.29	25.02	13.11
92	13.07	18.30	15.25	24.95	13.07
91	13.07	18.30	15.25	24.95	13.07
294	331.03	463.44	386.20	631.96	331.03
90	13.04	18.25	15.21	24.89	13.04
293	465.76	652.07	543.39	889.19	465.76
499	3.84	5.38	4.48	7.34	3.84
296	398.34	557.68	464.73	760.47	398.34
295	328.38	459.73	383.11	626.90	328.38
290	187.53	262.54	218.78	358.01	187.53
496	3.71	5.19	4.33	7.08	3.71
495	3.84	5.37	4.48	7.32	3.84
292	381.37	533.92	444.93	728.07	381.37
498	3.86	5.40	4.50	7.36	3.86
291	239.78	335.69	279.74	457.76	239.78
497	3.61	5.06	4.22	6.90	3.61
491	3.60	5.04	4.20	6.87	3.60
492	3.66	5.13	4.28	7.00	3.66
493	3.51	4.91	4.09	6.70	3.51
494	3.49	4.89	4.07	6.67	3.49
297	476.93	667.70	556.42	910.50	476.93
298	269.24	376.94	314.12	514.01	269.24
299	303.72	425.21	354.34	579.83	303.72
490	3.85	5.39	4.49	7.35	3.85
88	12.31	17.23	14.36	23.50	12.31
89	12.58	17.61	14.68	24.01	12.58
240	250.07	350.10	291.75	477.41	250.07
241	389.25	544.95	454.13	743.11	389.25
245	176.03	246.44	205.37	336.05	176.03
244	284.93	398.90	332.42	543.95	284.93
243	406.16	568.62	473.85	775.39	406.16
242	166.59	233.22	194.35	318.03	166.59
249	445.36	623.50	519.58	850.23	445.36
248	398.56	557.99	464.99	760.90	398.56
247	219.80	307.72	256.43	419.62	219.80
246	215.70	301.98	251.65	411.79	215.70
230	340.83	477.16	397.63	650.67	340.83
239	457.04	639.86	533.22	872.54	457.04
232	390.41	546.57	455.48	745.32	390.41
231	473.75	663.25	552.71	904.43	473.75
234	465.31	651.44	542.87	888.33	465.31
233	430.71	603.00	502.50	822.27	430.71
236	339.45	475.23	396.03	648.04	339.45
235	372.86	522.00	435.00	711.82	372.86
238	475.07	665.10	554.25	906.95	475.07
237	349.74	489.63	408.03	667.68	349.74
262	492.54	689.55	574.62	940.30	492.54
263	491.92	688.69	573.91	939.12	491.92
260	368.61	516.06	430.05	703.72	368.61
261	337.29	472.21	393.51	643.92	337.29
269	374.24	523.94	436.62	714.46	374.24
268	382.50	535.50	446.25	730.23	382.50
267	356.89	499.64	416.37	681.33	356.89
266	328.34	459.68	383.07	626.84	328.34
265	352.32	493.25	411.04	672.61	352.32
264	411.44	576.01	480.01	785.47	411.44
250	276.91	387.68	323.07	528.65	276.91
251	215.50	301.70	251.42	411.41	215.50
252	350.21	490.30	408.58	668.59	350.21
904	222.66	311.72	259.77	425.07	222.66
258	438.34	613.68	511.40	836.84	438.34
903	444.67	622.54	518.78	848.92	444.67
257	475.36	665.50	554.58	907.50	475.36
906	239.74	335.64	279.70	457.69	239.74
905	292.79	409.91	341.59	558.97	292.79
259	225.21	315.30	262.75	429.95	225.21
900	344.01	481.61	401.34	656.74	344.01
254	417.31	584.24	486.87	796.69	417.31
253	180.85	253.19	210.99	345.26	180.85
902	474.79	664.71	553.93	906.42	474.79
256	384.49	538.29	448.58	734.03	384.49
901	411.85	576.59	480.49	786.26	411.85
255	277.11	387.96	323.30	529.04	277.11
