0	0.00	0.00	0.00	0.00	0.00	0.00	0.00	0.00	0.00	0.00
1	0.18	0.18	0.09	0.13	0.13	0.13	0.18	0.08	0.08	0.08
2	2.73	2.73	1.46	1.99	1.99	1.99	2.73	1.21	1.21	1.21
3	2.56	2.56	1.36	1.86	1.86	1.86	2.56	1.14	1.14	1.14
4	2.95	2.95	1.58	2.15	2.15	2.15	2.95	1.31	1.31	1.31
5	2.20	2.20	1.17	1.60	1.60	1.60	2.20	0.98	0.98	0.98
6	2.87	2.87	1.53	2.09	2.09	2.09	2.87	1.27	1.27	1.27
7	2.89	2.89	1.54	2.10	2.10	2.10	2.89	1.28	1.28	1.28
8	1.38	1.38	0.74	1.00	1.00	1.00	1.38	0.61	0.61	0.61
800	1.92	1.92	1.02	1.39	1.39	1.39	1.92	0.85	0.85	0.85
9	2.93	2.93	1.56	2.13	2.13	2.13	2.93	1.30	1.30	1.30
801	2.95	2.95	1.57	2.15	2.15	2.15	2.95	1.31	1.31	1.31
802	1.59	1.59	0.85	1.15	1.15	1.15	1.59	0.71	0.71	0.71
803	2.02	2.02	1.08	1.47	1.47	1.47	2.02	0.90	0.90	0.90
804	2.23	2.23	1.19	1.62	1.62	1.62	2.23	0.99	0.99	0.99
805	3792.64	3792.64	2022.74	2758.28	2758.28	2758.28	3792.64	1685.62	1685.62	1685.62
806	60.41	60.41	32.22	43.93	43.93	43.93	60.41	26.85	26.85	26.85
807	69.95	69.95	37.31	50.88	50.88	50.88	69.95	31.09	31.09	31.09
808	4791.09	4791.09	2555.25	3484.43	3484.43	3484.43	4791.09	2129.37	2129.37	2129.37
809	468.85	468.85	250.05	340.98	340.98	340.98	468.85	208.38	208.38	208.38
810	3.11	3.11	1.66	2.26	2.26	2.26	3.11	1.38	1.38	1.38
811	6.37	6.37	3.39	4.63	4.63	4.63	6.37	2.83	2.83	2.83
812	2542.85	2542.85	1356.18	1849.34	1849.34	1849.34	2542.85	1130.15	1130.15	1130.15
813	61.88	61.88	33.00	45.00	45.00	45.00	61.88	27.50	27.50	27.50
814	13.87	13.87	7.40	10.09	10.09	10.09	13.87	6.16	6.16	6.16
815	3.23	3.23	1.72	2.35	2.35	2.35	3.23	1.43	1.43	1.43
816	0.17	0.17	0.09	0.12	0.12	0.12	0.17	0.08	0.08	0.08
817	2.24	2.24	1.19	1.63	1.63	1.63	2.24	0.99	0.99	0.99
818	2.90	2.90	1.55	2.11	2.11	2.11	2.90	1.29	1.29	1.29
819	2.52	2.52	1.34	1.83	1.83	1.83	2.52	1.12	1.12	1.12
820	2.00	2.00	1.07	1.46	1.46	1.46	2.00	0.89	0.89	0.89
821	2.87	2.87	1.53	2.09	2.09	2.09	2.87	1.28	1.28	1.28
822	2.62	2.62	1.40	1.90	1.90	1.90	2.62	1.16	1.16	1.16
823	2.74	2.74	1.46	1.99	1.99	1.99	2.74	1.22	1.22	1.22
824	2.46	2.46	1.31	1.79	1.79	1.79	2.46	1.10	1.10	1.10
825	2.02	2.02	1.07	1.47	1.47	1.47	2.02	0.90	0.90	0.90
826	2.62	2.62	1.40	1.91	1.91	1.91	2.62	1.17	1.17	1.17
827	2.24	2.24	1.19	1.63	1.63	1.63	2.24	0.99	0.99	0.99
828	1.22	1.22	0.65	0.89	0.89	0.89	1.22	0.54	0.54	0.54
829	2.25	2.25	1.20	1.64	1.64	1.64	2.25	1.00	1.00	1.00
830	2.41	2.41	1.28	1.75	1.75	1.75	2.41	1.07	1.07	1.07
831	1.60	1.60	0.85	1.16	1.16	1.16	1.60	0.71	0.71	0.71
832	2.01	2.01	1.07	1.46	1.46	1.46	2.01	0.89	0.89	0.89
833	3.23	3.23	1.72	2.35	2.35	2.35	3.23	1.44	1.44	1.44
834	2.60	2.60	1.39	1.89	1.89	1.89	2.60	1.16	1.16	1.16
835	2.69	2.69	1.43	1.95	1.95	1.95	2.69	1.19	1.19	1.19
836	2.38	2.38	1.27	1.73	1.73	1.73	2.38	1.06	1.06	1.06
837	2446.78	2446.78	1304.95	1779.48	1779.48	1779.48	2446.78	1087.46	1087.46	1087.46
838	58.79	58.79	31.36	42.76	42.76	42.76	58.79	26.13	26.13	26.13
839	144.63	144.63	77.14	105.19	105.19	105.19	144.63	64.28	64.28	64.28
840	5306.76	5306.76	2830.27	3859.46	3859.46	3859.46	5306.76	2358.56	2358.56	2358.56
841	500.88	500.88	267.14	364.28	364.28	364.28	500.88	222.61	222.61	222.61
600	10.11	10.11	5.39	7.35	7.35	7.35	10.11	4.49	4.49	4.49
842	2.70	2.70	1.44	1.97	1.97	1.97	2.70	1.20	1.20	1.20
601	2948.40	2948.40	1572.48	2144.29	2144.29	2144.29	2948.40	1310.40	1310.40	1310.40
843	12.24	12.24	6.53	8.90	8.90	8.90	12.24	5.44	5.44	5.44
602	61.88	61.88	33.00	45.00	45.00	45.00	61.88	27.50	27.50	27.50
844	2891.00	2891.00	1541.87	2102.54	2102.54	2102.54	2891.00	1284.89	1284.89	1284.89
603	6.84	6.84	3.65	4.97	4.97	4.97	6.84	3.04	3.04	3.04
845	61.88	61.88	33.00	45.00	45.00	45.00	61.88	27.50	27.50	27.50
604	2.92	2.92	1.56	2.13	2.13	2.13	2.92	1.30	1.30	1.30
846	13.81	13.81	7.36	10.04	10.04	10.04	13.81	6.14	6.14	6.14
605	0.09	0.09	0.05	0.06	0.06	0.06	0.09	0.04	0.04	0.04
847	4.22	4.22	2.25	3.07	3.07	3.07	4.22	1.87	1.87	1.87
606	2.38	2.38	1.27	1.73	1.73	1.73	2.38	1.06	1.06	1.06
848	0.08	0.08	0.04	0.06	0.06	0.06	0.08	0.03	0.03	0.03
607	2.67	2.67	1.42	1.94	1.94	1.94	2.67	1.19	1.19	1.19
849	3.21	3.21	1.71	2.34	2.34	2.34	3.21	1.43	1.43	1.43
608	2.54	2.54	1.36	1.85	1.85	1.85	2.54	1.13	1.13	1.13
609	2.66	2.66	1.42	1.93	1.93	1.93	2.66	1.18	1.18	1.18
850	1.89	1.89	1.01	1.38	1.38	1.38	1.89	0.84	0.84	0.84
851	2.60	2.60	1.39	1.89	1.89	1.89	2.60	1.16	1.16	1.16
610	1.86	1.86	0.99	1.35	1.35	1.35	1.86	0.83	0.83	0.83
852	3.03	3.03	1.62	2.20	2.20	2.20	3.03	1.35	1.35	1.35
611	2.13	2.13	1.13	1.55	1.55	1.55	2.13	0.95	0.95	0.95
853	1.86	1.86	0.99	1.35	1.35	1.35	1.86	0.82	0.82	0.82
612	2.41	2.41	1.28	1.75	1.75	1.75	2.41	1.07	1.07	1.07
854	3.16	3.16	1.69	2.30	2.30	2.30	3.16	1.41	1.41	1.41
613	2.40	2.40	1.28	1.75	1.75	1.75	2.40	1.07	1.07	1.07
855	2.91	2.91	1.55	2.12	2.12	2.12	2.91	1.29	1.29	1.29
614	1.84	1.84	0.98	1.34	1.34	1.34	1.84	0.82	0.82	0.82
856	2.86	2.86	1.53	2.08	2.08	2.08	2.86	1.27	1.27	1.27
615	2.01	2.01	1.07	1.46	1.46	1.46	2.01	0.89	0.89	0.89
857	1.81	1.81	0.97	1.32	1.32	1.32	1.81	0.81	0.81	0.81
616	1.87	1.87	1.00	1.36	1.36	1.36	1.87	0.83	0.83	0.83
858	2.76	2.76	1.47	2.00	2.00	2.00	2.76	1.23	1.23	1.23
617	2.14	2.14	1.14	1.56	1.56	1.56	2.14	0.95	0.95	0.95
859	2.22	2.22	1.19	1.62	1.62	1.62	2.22	0.99	0.99	0.99
618	2.85	2.85	1.52	2.07	2.07	2.07	2.85	1.26	1.26	1.26
619	2.49	2.49	1.33	1.81	1.81	1.81	2.49	1.11	1.11	1.11
860	1.80	1.80	0.96	1.31	1.31	1.31	1.80	0.80	0.80	0.80
861	2.86	2.86	1.52	2.08	2.08	2.08	2.86	1.27	1.27	1.27
620	3.43	3.43	1.83	2.49	2.49	2.49	3.43	1.52	1.52	1.52
862	2.24	2.24	1.20	1.63	1.63	1.63	2.24	1.00	1.00	1.00
621	2.80	2.80	1.49	2.04	2.04	2.04	2.80	1.24	1.24	1.24
863	2.94	2.94	1.57	2.14	2.14	2.14	2.94	1.30	1.30	1.30
622	1.83	1.83	0.98	1.33	1.33	1.33	1.83	0.81	0.81	0.81
864	2.82	2.82	1.51	2.05	2.05	2.05	2.82	1.26	1.26	1.26
623	2.37	2.37	1.26	1.72	1.72	1.72	2.37	1.05	1.05	1.05
865	2619.98	2619.98	1397.32	1905.44	1905.44	1905.44	2619.98	1164.44	1164.44	1164.44
624	1.61	1.61	0.86	1.17	1.17	1.17	1.61	0.72	0.72	0.72
866	71.49	71.49	38.13	51.99	51.99	51.99	71.49	31.77	31.77	31.77
625	2.18	2.18	1.16	1.59	1.59	1.59	2.18	0.97	0.97	0.97
867	66.83	66.83	35.64	48.61	48.61	48.61	66.83	29.70	29.70	29.70
626	3019.45	3019.45	1610.37	2195.97	2195.97	2195.97	3019.45	1341.98	1341.98	1341.98
868	5652.92	5652.92	3014.89	4111.22	4111.22	4111.22	5652.92	2512.41	2512.41	2512.41
627	90.84	90.84	48.45	66.07	66.07	66.07	90.84	40.37	40.37	40.37
869	975.61	975.61	520.33	709.54	709.54	709.54	975.61	433.61	433.61	433.61
628	71.67	71.67	38.23	52.13	52.13	52.13	71.67	31.85	31.85	31.85
629	3341.12	3341.12	1781.93	2429.91	2429.91	2429.91	3341.12	1484.94	1484.94	1484.94
870	3.12	3.12	1.66	2.27	2.27	2.27	3.12	1.39	1.39	1.39
871	11.65	11.65	6.21	8.47	8.47	8.47	11.65	5.18	5.18	5.18
630	914.14	914.14	487.54	664.83	664.83	664.83	914.14	406.28	406.28	406.28
872	2668.75	2668.75	1423.33	1940.91	1940.91	1940.91	2668.75	1186.11	1186.11	1186.11
631	2.86	2.86	1.52	2.08	2.08	2.08	2.86	1.27	1.27	1.27
873	61.88	61.88	33.00	45.00	45.00	45.00	61.88	27.50	27.50	27.50
632	6.55	6.55	3.49	4.76	4.76	4.76	6.55	2.91	2.91	2.91
874	10.57	10.57	5.64	7.69	7.69	7.69	10.57	4.70	4.70	4.70
633	2650.22	2650.22	1413.45	1927.43	1927.43	1927.43	2650.22	1177.88	1177.88	1177.88
875	3.50	3.50	1.87	2.55	2.55	2.55	3.50	1.56	1.56	1.56
634	61.88	61.88	33.00	45.00	45.00	45.00	61.88	27.50	27.50	27.50
876	0.10	0.10	0.05	0.07	0.07	0.07	0.10	0.05	0.05	0.05
635	5.41	5.41	2.89	3.94	3.94	3.94	5.41	2.41	2.41	2.41
877	1.96	1.96	1.04	1.42	1.42	1.42	1.96	0.87	0.87	0.87
636	2.82	2.82	1.51	2.05	2.05	2.05	2.82	1.25	1.25	1.25
878	2.98	2.98	1.59	2.16	2.16	2.16	2.98	1.32	1.32	1.32
637	0.22	0.22	0.12	0.16	0.16	0.16	0.22	0.10	0.10	0.10
879	1.90	1.90	1.01	1.38	1.38	1.38	1.90	0.84	0.84	0.84
638	2.02	2.02	1.08	1.47	1.47	1.47	2.02	0.90	0.90	0.90
639	2.70	2.70	1.44	1.96	1.96	1.96	2.70	1.20	1.20	1.20
880	3.20	3.20	1.71	2.33	2.33	2.33	3.20	1.42	1.42	1.42
881	2.19	2.19	1.17	1.59	1.59	1.59	2.19	0.97	0.97	0.97
640	2.76	2.76	1.47	2.00	2.00	2.00	2.76	1.22	1.22	1.22
882	1.45	1.45	0.77	1.06	1.06	1.06	1.45	0.64	0.64	0.64
641	2.31	2.31	1.23	1.68	1.68	1.68	2.31	1.02	1.02	1.02
883	1.82	1.82	0.97	1.33	1.33	1.33	1.82	0.81	0.81	0.81
400	3.29	3.29	1.75	2.39	2.39	2.39	3.29	1.46	1.46	1.46
642	1.59	1.59	0.85	1.16	1.16	1.16	1.59	0.71	0.71	0.71
884	3.43	3.43	1.83	2.49	2.49	2.49	3.43	1.52	1.52	1.52
401	2.08	2.08	1.11	1.51	1.51	1.51	2.08	0.92	0.92	0.92
643	2.42	2.42	1.29	1.76	1.76	1.76	2.42	1.08	1.08	1.08
885	2.71	2.71	1.44	1.97	1.97	1.97	2.71	1.20	1.20	1.20
402	1.21	1.21	0.64	0.88	0.88	0.88	1.21	0.54	0.54	0.54
644	2.03	2.03	1.08	1.47	1.47	1.47	2.03	0.90	0.90	0.90
886	2.19	2.19	1.17	1.59	1.59	1.59	2.19	0.97	0.97	0.97
403	2.59	2.59	1.38	1.88	1.88	1.88	2.59	1.15	1.15	1.15
645	2.03	2.03	1.08	1.47	1.47	1.47	2.03	0.90	0.90	0.90
887	2.83	2.83	1.51	2.06	2.06	2.06	2.83	1.26	1.26	1.26
404	1.90	1.90	1.01	1.38	1.38	1.38	1.90	0.84	0.84	0.84
646	1.45	1.45	0.77	1.05	1.05	1.05	1.45	0.64	0.64	0.64
888	1.60	1.60	0.85	1.17	1.17	1.17	1.60	0.71	0.71	0.71
405	2.46	2.46	1.31	1.79	1.79	1.79	2.46	1.09	1.09	1.09
647	2.16	2.16	1.15	1.57	1.57	1.57	2.16	0.96	0.96	0.96
889	1.46	1.46	0.78	1.06	1.06	1.06	1.46	0.65	0.65	0.65
406	2.81	2.81	1.50	2.04	2.04	2.04	2.81	1.25	1.25	1.25
648	3.04	3.04	1.62	2.21	2.21	2.21	3.04	1.35	1.35	1.35
407	3.36	3.36	1.79	2.44	2.44	2.44	3.36	1.49	1.49	1.49
649	2.21	2.21	1.18	1.60	1.60	1.60	2.21	0.98	0.98	0.98
408	1.23	1.23	0.65	0.89	0.89	0.89	1.23	0.55	0.55	0.55
409	2.29	2.29	1.22	1.67	1.67	1.67	2.29	1.02	1.02	1.02
890	3.16	3.16	1.68	2.29	2.29	2.29	3.16	1.40	1.40	1.40
891	2.90	2.90	1.55	2.11	2.11	2.11	2.90	1.29	1.29	1.29
650	1.80	1.80	0.96	1.31	1.31	1.31	1.80	0.80	0.80	0.80
892	1.63	1.63	0.87	1.19	1.19	1.19	1.63	0.73	0.73	0.73
651	2.30	2.30	1.23	1.67	1.67	1.67	2.30	1.02	1.02	1.02
893	2.56	2.56	1.36	1.86	1.86	1.86	2.56	1.14	1.14	1.14
410	2.65	2.65	1.41	1.93	1.93	1.93	2.65	1.18	1.18	1.18
652	2.75	2.75	1.47	2.00	2.00	2.00	2.75	1.22	1.22	1.22
894	2.75	2.75	1.47	2.00	2.00	2.00	2.75	1.22	1.22	1.22
411	2.52	2.52	1.34	1.83	1.83	1.83	2.52	1.12	1.12	1.12
653	1381.50	1381.50	736.80	1004.73	1004.73	1004.73	1381.50	614.00	614.00	614.00
895	1.97	1.97	1.05	1.44	1.44	1.44	1.97	0.88	0.88	0.88
412	2.66	2.66	1.42	1.93	1.93	1.93	2.66	1.18	1.18	1.18
654	50.34	50.34	26.85	36.61	36.61	36.61	50.34	22.37	22.37	22.37
896	2.27	2.27	1.21	1.65	1.65	1.65	2.27	1.01	1.01	1.01
413	2731.20	2731.20	1456.64	1986.32	1986.32	1986.32	2731.20	1213.86	1213.86	1213.86
655	78.34	78.34	41.78	56.97	56.97	56.97	78.34	34.82	34.82	34.82
897	1637.88	1637.88	873.53	1191.18	1191.18	1191.18	1637.88	727.95	727.95	727.95
414	68.56	68.56	36.56	49.86	49.86	49.86	68.56	30.47	30.47	30.47
656	4352.61	4352.61	2321.39	3165.53	3165.53	3165.53	4352.61	1934.49	1934.49	1934.49
898	64.11	64.11	34.19	46.63	46.63	46.63	64.11	28.49	28.49	28.49
415	98.63	98.63	52.60	71.73	71.73	71.73	98.63	43.84	43.84	43.84
657	662.18	662.18	353.17	481.59	481.59	481.59	662.18	294.30	294.30	294.30
899	88.95	88.95	47.44	64.69	64.69	64.69	88.95	39.53	39.53	39.53
416	3064.58	3064.58	1634.44	2228.78	2228.78	2228.78	3064.58	1362.04	1362.04	1362.04
658	2.19	2.19	1.17	1.59	1.59	1.59	2.19	0.97	0.97	0.97
417	543.21	543.21	289.71	395.06	395.06	395.06	543.21	241.43	241.43	241.43
659	7.60	7.60	4.06	5.53	5.53	5.53	7.60	3.38	3.38	3.38
418	3.10	3.10	1.65	2.25	2.25	2.25	3.10	1.38	1.38	1.38
419	12.89	12.89	6.88	9.38	9.38	9.38	12.89	5.73	5.73	5.73
660	2605.69	2605.69	1389.70	1895.05	1895.05	1895.05	2605.69	1158.08	1158.08	1158.08
661	61.88	61.88	33.00	45.00	45.00	45.00	61.88	27.50	27.50	27.50
420	2786.11	2786.11	1485.93	2026.26	2026.26	2026.26	2786.11	1238.27	1238.27	1238.27
662	9.51	9.51	5.07	6.91	6.91	6.91	9.51	4.22	4.22	4.22
421	61.88	61.88	33.00	45.00	45.00	45.00	61.88	27.50	27.50	27.50
663	2.43	2.43	1.30	1.77	1.77	1.77	2.43	1.08	1.08	1.08
422	9.82	9.82	5.24	7.15	7.15	7.15	9.82	4.37	4.37	4.37
664	0.21	0.21	0.11	0.15	0.15	0.15	0.21	0.09	0.09	0.09
423	3.90	3.90	2.08	2.84	2.84	2.84	3.90	1.73	1.73	1.73
665	2.67	2.67	1.42	1.94	1.94	1.94	2.67	1.19	1.19	1.19
424	0.13	0.13	0.07	0.10	0.10	0.10	0.13	0.06	0.06	0.06
666	1.56	1.56	0.83	1.13	1.13	1.13	1.56	0.69	0.69	0.69
425	2.44	2.44	1.30	1.78	1.78	1.78	2.44	1.08	1.08	1.08
667	2.54	2.54	1.36	1.85	1.85	1.85	2.54	1.13	1.13	1.13
426	2.29	2.29	1.22	1.66	1.66	1.66	2.29	1.02	1.02	1.02
668	1.95	1.95	1.04	1.42	1.42	1.42	1.95	0.87	0.87	0.87
427	2.27	2.27	1.21	1.65	1.65	1.65	2.27	1.01	1.01	1.01
669	1.30	1.30	0.69	0.95	0.95	0.95	1.30	0.58	0.58	0.58
428	2.32	2.32	1.24	1.69	1.69	1.69	2.32	1.03	1.03	1.03
429	2.37	2.37	1.27	1.73	1.73	1.73	2.37	1.06	1.06	1.06
670	2.04	2.04	1.09	1.48	1.48	1.48	2.04	0.91	0.91	0.91
671	2.00	2.00	1.07	1.45	1.45	1.45	2.00	0.89	0.89	0.89
430	1.39	1.39	0.74	1.01	1.01	1.01	1.39	0.62	0.62	0.62
672	3.03	3.03	1.61	2.20	2.20	2.20	3.03	1.34	1.34	1.34
431	2.39	2.39	1.27	1.74	1.74	1.74	2.39	1.06	1.06	1.06
673	2.66	2.66	1.42	1.94	1.94	1.94	2.66	1.18	1.18	1.18
432	2.51	2.51	1.34	1.83	1.83	1.83	2.51	1.12	1.12	1.12
674	2.74	2.74	1.46	1.99	1.99	1.99	2.74	1.22	1.22	1.22
433	1.64	1.64	0.87	1.19	1.19	1.19	1.64	0.73	0.73	0.73
675	2.19	2.19	1.17	1.59	1.59	1.59	2.19	0.97	0.97	0.97
434	2.47	2.47	1.32	1.80	1.80	1.80	2.47	1.10	1.10	1.10
676	1.73	1.73	0.92	1.26	1.26	1.26	1.73	0.77	0.77	0.77
435	2.18	2.18	1.16	1.59	1.59	1.59	2.18	0.97	0.97	0.97
677	3.29	3.29	1.76	2.40	2.40	2.40	3.29	1.46	1.46	1.46
436	3.07	3.07	1.64	2.24	2.24	2.24	3.07	1.37	1.37	1.37
678	2.45	2.45	1.31	1.78	1.78	1.78	2.45	1.09	1.09	1.09
437	1.83	1.83	0.98	1.33	1.33	1.33	1.83	0.82	0.82	0.82
679	2.34	2.34	1.25	1.70	1.70	1.70	2.34	1.04	1.04	1.04
438	2.58	2.58	1.37	1.87	1.87	1.87	2.58	1.14	1.14	1.14
439	3.20	3.20	1.71	2.33	2.33	2.33	3.20	1.42	1.42	1.42
680	3.16	3.16	1.69	2.30	2.30	2.30	3.16	1.40	1.40	1.40
681	3.56	3.56	1.90	2.59	2.59	2.59	3.56	1.58	1.58	1.58
440	3.10	3.10	1.65	2.25	2.25	2.25	3.10	1.38	1.38	1.38
682	2.71	2.71	1.45	1.97	1.97	1.97	2.71	1.21	1.21	1.21
441	2.38	2.38	1.27	1.73	1.73	1.73	2.38	1.06	1.06	1.06
683	2.21	2.21	1.18	1.61	1.61	1.61	2.21	0.98	0.98	0.98
200	71.13	71.13	37.94	51.73	51.73	51.73	71.13	31.62	31.62	31.62
442	1.43	1.43	0.76	1.04	1.04	1.04	1.43	0.64	0.64	0.64
684	2.29	2.29	1.22	1.67	1.67	1.67	2.29	1.02	1.02	1.02
201	98.16	98.16	52.35	71.39	71.39	71.39	98.16	43.63	43.63	43.63
443	1.72	1.72	0.92	1.25	1.25	1.25	1.72	0.76	0.76	0.76
685	3058.80	3058.80	1631.36	2224.58	2224.58	2224.58	3058.80	1359.47	1359.47	1359.47
202	3321.81	3321.81	1771.63	2415.86	2415.86	2415.86	3321.81	1476.36	1476.36	1476.36
444	3459.22	3459.22	1844.92	2515.80	2515.80	2515.80	3459.22	1537.43	1537.43	1537.43
686	67.23	67.23	35.85	48.89	48.89	48.89	67.23	29.88	29.88	29.88
203	561.20	561.20	299.30	408.14	408.14	408.14	561.20	249.42	249.42	249.42
445	74.65	74.65	39.82	54.29	54.29	54.29	74.65	33.18	33.18	33.18
687	117.92	117.92	62.89	85.76	85.76	85.76	117.92	52.41	52.41	52.41
204	2.37	2.37	1.27	1.73	1.73	1.73	2.37	1.06	1.06	1.06
446	64.46	64.46	34.38	46.88	46.88	46.88	64.46	28.65	28.65	28.65
688	4451.70	4451.70	2374.24	3237.60	3237.60	3237.60	4451.70	1978.53	1978.53	1978.53
205	11.07	11.07	5.91	8.05	8.05	8.05	11.07	4.92	4.92	4.92
447	5839.78	5839.78	3114.55	4247.12	4247.12	4247.12	5839.78	2595.46	2595.46	2595.46
689	652.44	652.44	347.97	474.50	474.50	474.50	652.44	289.97	289.97	289.97
206	2604.26	2604.26	1388.94	1894.01	1894.01	1894.01	2604.26	1157.45	1157.45	1157.45
448	588.95	588.95	314.11	428.33	428.33	428.33	588.95	261.76	261.76	261.76
207	61.88	61.88	33.00	45.00	45.00	45.00	61.88	27.50	27.50	27.50
449	2.59	2.59	1.38	1.88	1.88	1.88	2.59	1.15	1.15	1.15
208	10.36	10.36	5.53	7.54	7.54	7.54	10.36	4.61	4.61	4.61
209	4.53	4.53	2.42	3.29	3.29	3.29	4.53	2.01	2.01	2.01
690	2.54	2.54	1.35	1.85	1.85	1.85	2.54	1.13	1.13	1.13
691	9.69	9.69	5.17	7.05	7.05	7.05	9.69	4.31	4.31	4.31
450	10.52	10.52	5.61	7.65	7.65	7.65	10.52	4.68	4.68	4.68
692	2317.27	2317.27	1235.88	1685.29	1685.29	1685.29	2317.27	1029.90	1029.90	1029.90
451	2760.49	2760.49	1472.26	2007.63	2007.63	2007.63	2760.49	1226.88	1226.88	1226.88
693	61.88	61.88	33.00	45.00	45.00	45.00	61.88	27.50	27.50	27.50
210	0.08	0.08	0.04	0.06	0.06	0.06	0.08	0.04	0.04	0.04
452	61.88	61.88	33.00	45.00	45.00	45.00	61.88	27.50	27.50	27.50
694	8.64	8.64	4.61	6.29	6.29	6.29	8.64	3.84	3.84	3.84
211	2.15	2.15	1.15	1.57	1.57	1.57	2.15	0.96	0.96	0.96
453	5.65	5.65	3.02	4.11	4.11	4.11	5.65	2.51	2.51	2.51
695	4.33	4.33	2.31	3.15	3.15	3.15	4.33	1.92	1.92	1.92
212	1.87	1.87	1.00	1.36	1.36	1.36	1.87	0.83	0.83	0.83
454	4.06	4.06	2.17	2.95	2.95	2.95	4.06	1.80	1.80	1.80
696	0.15	0.15	0.08	0.11	0.11	0.11	0.15	0.07	0.07	0.07
213	2.93	2.93	1.56	2.13	2.13	2.13	2.93	1.30	1.30	1.30
455	0.09	0.09	0.05	0.07	0.07	0.07	0.09	0.04	0.04	0.04
697	3.34	3.34	1.78	2.43	2.43	2.43	3.34	1.49	1.49	1.49
214	2.69	2.69	1.44	1.96	1.96	1.96	2.69	1.20	1.20	1.20
456	1.99	1.99	1.06	1.45	1.45	1.45	1.99	0.89	0.89	0.89
698	3.18	3.18	1.70	2.31	2.31	2.31	3.18	1.41	1.41	1.41
215	1.91	1.91	1.02	1.39	1.39	1.39	1.91	0.85	0.85	0.85
457	1.63	1.63	0.87	1.18	1.18	1.18	1.63	0.72	0.72	0.72
699	2.94	2.94	1.57	2.14	2.14	2.14	2.94	1.31	1.31	1.31
216	3.17	3.17	1.69	2.31	2.31	2.31	3.17	1.41	1.41	1.41
458	3.36	3.36	1.79	2.45	2.45	2.45	3.36	1.50	1.50	1.50
217	2.81	2.81	1.50	2.04	2.04	2.04	2.81	1.25	1.25	1.25
459	2.08	2.08	1.11	1.51	1.51	1.51	2.08	0.93	0.93	0.93
218	1.41	1.41	0.75	1.02	1.02	1.02	1.41	0.62	0.62	0.62
219	1.34	1.34	0.71	0.97	0.97	0.97	1.34	0.59	0.59	0.59
460	2.88	2.88	1.54	2.10	2.10	2.10	2.88	1.28	1.28	1.28
461	1.72	1.72	0.92	1.25	1.25	1.25	1.72	0.77	0.77	0.77
220	1.97	1.97	1.05	1.43	1.43	1.43	1.97	0.87	0.87	0.87
462	1.90	1.90	1.01	1.38	1.38	1.38	1.90	0.84	0.84	0.84
221	2.20	2.20	1.17	1.60	1.60	1.60	2.20	0.98	0.98	0.98
463	2.41	2.41	1.29	1.75	1.75	1.75	2.41	1.07	1.07	1.07
222	1.56	1.56	0.83	1.14	1.14	1.14	1.56	0.69	0.69	0.69
464	2.42	2.42	1.29	1.76	1.76	1.76	2.42	1.08	1.08	1.08
223	2.93	2.93	1.57	2.13	2.13	2.13	2.93	1.30	1.30	1.30
465	2.44	2.44	1.30	1.78	1.78	1.78	2.44	1.09	1.09	1.09
224	1.61	1.61	0.86	1.17	1.17	1.17	1.61	0.72	0.72	0.72
466	3.23	3.23	1.72	2.35	2.35	2.35	3.23	1.44	1.44	1.44
225	2.07	2.07	1.10	1.50	1.50	1.50	2.07	0.92	0.92	0.92
467	2.32	2.32	1.24	1.69	1.69	1.69	2.32	1.03	1.03	1.03
226	2.70	2.70	1.44	1.96	1.96	1.96	2.70	1.20	1.20	1.20
468	2.05	2.05	1.09	1.49	1.49	1.49	2.05	0.91	0.91	0.91
227	2.01	2.01	1.07	1.46	1.46	1.46	2.01	0.89	0.89	0.89
469	2.76	2.76	1.47	2.01	2.01	2.01	2.76	1.23	1.23	1.23
228	3.03	3.03	1.62	2.21	2.21	2.21	3.03	1.35	1.35	1.35
229	2.04	2.04	1.09	1.48	1.48	1.48	2.04	0.91	0.91	0.91
470	1.89	1.89	1.01	1.37	1.37	1.37	1.89	0.84	0.84	0.84
471	1.59	1.59	0.85	1.16	1.16	1.16	1.59	0.71	0.71	0.71
230	1.65	1.65	0.88	1.20	1.20	1.20	1.65	0.73	0.73	0.73
472	2.90	2.90	1.55	2.11	2.11	2.11	2.90	1.29	1.29	1.29
231	2.37	2.37	1.26	1.72	1.72	1.72	2.37	1.05	1.05	1.05
473	2603.62	2603.62	1388.60	1893.55	1893.55	1893.55	2603.62	1157.17	1157.17	1157.17
232	2.29	2.29	1.22	1.66	1.66	1.66	2.29	1.02	1.02	1.02
474	64.31	64.31	34.30	46.77	46.77	46.77	64.31	28.58	28.58	28.58
233	2758.70	2758.70	1471.31	2006.33	2006.33	2006.33	2758.70	1226.09	1226.09	1226.09
475	136.17	136.17	72.63	99.04	99.04	99.04	136.17	60.52	60.52	60.52
234	78.89	78.89	42.07	57.37	57.37	57.37	78.89	35.06	35.06	35.06
476	5781.40	5781.40	3083.41	4204.65	4204.65	4204.65	5781.40	2569.51	2569.51	2569.51
235	116.36	116.36	62.06	84.62	84.62	84.62	116.36	51.71	51.71	51.71
477	645.02	645.02	344.01	469.10	469.10	469.10	645.02	286.67	286.67	286.67
236	3405.28	3405.28	1816.15	2476.57	2476.57	2476.57	3405.28	1513.46	1513.46	1513.46
478	2.50	2.50	1.34	1.82	1.82	1.82	2.50	1.11	1.11	1.11
237	443.25	443.25	236.40	322.37	322.37	322.37	443.25	197.00	197.00	197.00
479	7.99	7.99	4.26	5.81	5.81	5.81	7.99	3.55	3.55	3.55
238	3.01	3.01	1.61	2.19	2.19	2.19	3.01	1.34	1.34	1.34
239	7.42	7.42	3.95	5.39	5.39	5.39	7.42	3.30	3.30	3.30
480	2602.41	2602.41	1387.95	1892.66	1892.66	1892.66	2602.41	1156.63	1156.63	1156.63
481	61.88	61.88	33.00	45.00	45.00	45.00	61.88	27.50	27.50	27.50
240	2550.88	2550.88	1360.47	1855.18	1855.18	1855.18	2550.88	1133.72	1133.72	1133.72
482	10.71	10.71	5.71	7.79	7.79	7.79	10.71	4.76	4.76	4.76
241	61.88	61.88	33.00	45.00	45.00	45.00	61.88	27.50	27.50	27.50
483	2.71	2.71	1.45	1.97	1.97	1.97	2.71	1.21	1.21	1.21
242	12.45	12.45	6.64	9.05	9.05	9.05	12.45	5.53	5.53	5.53
484	0.08	0.08	0.04	0.06	0.06	0.06	0.08	0.04	0.04	0.04
243	3.80	3.80	2.03	2.76	2.76	2.76	3.80	1.69	1.69	1.69
485	2.96	2.96	1.58	2.15	2.15	2.15	2.96	1.32	1.32	1.32
244	0.21	0.21	0.11	0.15	0.15	0.15	0.21	0.09	0.09	0.09
486	2.68	2.68	1.43	1.95	1.95	1.95	2.68	1.19	1.19	1.19
245	2.52	2.52	1.34	1.83	1.83	1.83	2.52	1.12	1.12	1.12
487	3.36	3.36	1.79	2.44	2.44	2.44	3.36	1.49	1.49	1.49
246	2.78	2.78	1.48	2.02	2.02	2.02	2.78	1.24	1.24	1.24
488	1.86	1.86	0.99	1.35	1.35	1.35	1.86	0.83	0.83	0.83
247	2.55	2.55	1.36	1.85	1.85	1.85	2.55	1.13	1.13	1.13
489	2.09	2.09	1.11	1.52	1.52	1.52	2.09	0.93	0.93	0.93
248	2.50	2.50	1.34	1.82	1.82	1.82	2.50	1.11	1.11	1.11
249	2.33	2.33	1.24	1.70	1.70	1.70	2.33	1.04	1.04	1.04
490	1.85	1.85	0.99	1.35	1.35	1.35	1.85	0.82	0.82	0.82
491	1.96	1.96	1.04	1.42	1.42	1.42	1.96	0.87	0.87	0.87
250	2.56	2.56	1.36	1.86	1.86	1.86	2.56	1.14	1.14	1.14
492	1.52	1.52	0.81	1.11	1.11	1.11	1.52	0.68	0.68	0.68
251	2.43	2.43	1.29	1.76	1.76	1.76	2.43	1.08	1.08	1.08
493	3.14	3.14	1.67	2.28	2.28	2.28	3.14	1.40	1.40	1.40
252	2.06	2.06	1.10	1.50	1.50	1.50	2.06	0.91	0.91	0.91
494	3.42	3.42	1.82	2.49	2.49	2.49	3.42	1.52	1.52	1.52
253	2.10	2.10	1.12	1.53	1.53	1.53	2.10	0.94	0.94	0.94
495	2.02	2.02	1.08	1.47	1.47	1.47	2.02	0.90	0.90	0.90
254	2.49	2.49	1.33	1.81	1.81	1.81	2.49	1.10	1.10	1.10
496	3.56	3.56	1.90	2.59	2.59	2.59	3.56	1.58	1.58	1.58
255	2.53	2.53	1.35	1.84	1.84	1.84	2.53	1.12	1.12	1.12
497	2.05	2.05	1.09	1.49	1.49	1.49	2.05	0.91	0.91	0.91
256	1.71	1.71	0.91	1.25	1.25	1.25	1.71	0.76	0.76	0.76
498	3.37	3.37	1.80	2.45	2.45	2.45	3.37	1.50	1.50	1.50
257	2.61	2.61	1.39	1.90	1.90	1.90	2.61	1.16	1.16	1.16
499	1.88	1.88	1.00	1.37	1.37	1.37	1.88	0.84	0.84	0.84
258	2.35	2.35	1.25	1.71	1.71	1.71	2.35	1.04	1.04	1.04
259	2.04	2.04	1.09	1.49	1.49	1.49	2.04	0.91	0.91	0.91
260	1419.15	1419.15	756.88	1032.11	1032.11	1032.11	1419.15	630.73	630.73	630.73
261	65.79	65.79	35.09	47.85	47.85	47.85	65.79	29.24	29.24	29.24
262	73.02	73.02	38.95	53.11	53.11	53.11	73.02	32.46	32.46	32.46
263	3544.00	3544.00	1890.14	2577.46	2577.46	2577.46	3544.00	1575.11	1575.11	1575.11
264	553.37	553.37	295.13	402.45	402.45	402.45	553.37	245.94	245.94	245.94
265	2.84	2.84	1.52	2.07	2.07	2.07	2.84	1.26	1.26	1.26
266	7.85	7.85	4.18	5.71	5.71	5.71	7.85	3.49	3.49	3.49
267	2718.92	2718.92	1450.09	1977.40	1977.40	1977.40	2718.92	1208.41	1208.41	1208.41
268	61.88	61.88	33.00	45.00	45.00	45.00	61.88	27.50	27.50	27.50
269	10.40	10.40	5.55	7.56	7.56	7.56	10.40	4.62	4.62	4.62
270	3.51	3.51	1.87	2.55	2.55	2.55	3.51	1.56	1.56	1.56
271	0.20	0.20	0.11	0.15	0.15	0.15	0.20	0.09	0.09	0.09
272	2.34	2.34	1.25	1.70	1.70	1.70	2.34	1.04	1.04	1.04
273	2.93	2.93	1.56	2.13	2.13	2.13	2.93	1.30	1.30	1.30
274	2.61	2.61	1.39	1.90	1.90	1.90	2.61	1.16	1.16	1.16
275	2.78	2.78	1.48	2.02	2.02	2.02	2.78	1.24	1.24	1.24
276	1.78	1.78	0.95	1.29	1.29	1.29	1.78	0.79	0.79	0.79
277	2.36	2.36	1.26	1.71	1.71	1.71	2.36	1.05	1.05	1.05
278	1.74	1.74	0.93	1.27	1.27	1.27	1.74	0.77	0.77	0.77
279	2.37	2.37	1.27	1.73	1.73	1.73	2.37	1.05	1.05	1.05
280	2.06	2.06	1.10	1.50	1.50	1.50	2.06	0.91	0.91	0.91
281	1.85	1.85	0.99	1.34	1.34	1.34	1.85	0.82	0.82	0.82
282	3.12	3.12	1.66	2.27	2.27	2.27	3.12	1.39	1.39	1.39
283	3.57	3.57	1.90	2.60	2.60	2.60	3.57	1.59	1.59	1.59
284	3.21	3.21	1.71	2.33	2.33	2.33	3.21	1.43	1.43	1.43
285	1.82	1.82	0.97	1.32	1.32	1.32	1.82	0.81	0.81	0.81
286	2.38	2.38	1.27	1.73	1.73	1.73	2.38	1.06	1.06	1.06
287	2.51	2.51	1.34	1.83	1.83	1.83	2.51	1.12	1.12	1.12
288	2.27	2.27	1.21	1.65	1.65	1.65	2.27	1.01	1.01	1.01
289	3.45	3.45	1.84	2.51	2.51	2.51	3.45	1.53	1.53	1.53
290	1.72	1.72	0.92	1.25	1.25	1.25	1.72	0.76	0.76	0.76
291	2.23	2.23	1.19	1.62	1.62	1.62	2.23	0.99	0.99	0.99
292	1299.08	1299.08	692.84	944.78	944.78	944.78	1299.08	577.37	577.37	577.37
293	66.36	66.36	35.39	48.26	48.26	48.26	66.36	29.49	29.49	29.49
294	130.50	130.50	69.60	94.91	94.91	94.91	130.50	58.00	58.00	58.00
295	4178.88	4178.88	2228.74	3039.18	3039.18	3039.18	4178.88	1857.28	1857.28	1857.28
296	409.75	409.75	218.53	298.00	298.00	298.00	409.75	182.11	182.11	182.11
297	3.35	3.35	1.79	2.44	2.44	2.44	3.35	1.49	1.49	1.49
298	8.66	8.66	4.62	6.30	6.30	6.30	8.66	3.85	3.85	3.85
299	2832.95	2832.95	1510.90	2060.32	2060.32	2060.32	2832.95	1259.09	1259.09	1259.09
900	3479.28	3479.28	1855.62	2530.39	2530.39	2530.39	3479.28	1546.35	1546.35	1546.35
901	843.78	843.78	450.02	613.66	613.66	613.66	843.78	375.01	375.01	375.01
902	3.68	3.68	1.96	2.68	2.68	2.68	3.68	1.64	1.64	1.64
903	10.00	10.00	5.33	7.27	7.27	7.27	10.00	4.44	4.44	4.44
904	2773.85	2773.85	1479.39	2017.35	2017.35	2017.35	2773.85	1232.82	1232.82	1232.82
905	61.88	61.88	33.00	45.00	45.00	45.00	61.88	27.50	27.50	27.50
906	10.74	10.74	5.73	7.81	7.81	7.81	10.74	4.77	4.77	4.77
907	2.43	2.43	1.29	1.76	1.76	1.76	2.43	1.08	1.08	1.08
908	0.19	0.19	0.10	0.14	0.14	0.14	0.19	0.09	0.09	0.09
909	1.60	1.60	0.85	1.17	1.17	1.17	1.60	0.71	0.71	0.71
910	2.15	2.15	1.15	1.57	1.57	1.57	2.15	0.96	0.96	0.96
911	2.70	2.70	1.44	1.96	1.96	1.96	2.70	1.20	1.20	1.20
912	2.37	2.37	1.26	1.72	1.72	1.72	2.37	1.05	1.05	1.05
913	2.75	2.75	1.47	2.00	2.00	2.00	2.75	1.22	1.22	1.22
914	2.11	2.11	1.13	1.54	1.54	1.54	2.11	0.94	0.94	0.94
915	1.69	1.69	0.90	1.23	1.23	1.23	1.69	0.75	0.75	0.75
916	3.39	3.39	1.81	2.47	2.47	2.47	3.39	1.51	1.51	1.51
917	2.43	2.43	1.29	1.76	1.76	1.76	2.43	1.08	1.08	1.08
918	3.05	3.05	1.63	2.22	2.22	2.22	3.05	1.36	1.36	1.36
919	2.27	2.27	1.21	1.65	1.65	1.65	2.27	1.01	1.01	1.01
920	2.07	2.07	1.11	1.51	1.51	1.51	2.07	0.92	0.92	0.92
921	1.95	1.95	1.04	1.42	1.42	1.42	1.95	0.87	0.87	0.87
922	2.02	2.02	1.08	1.47	1.47	1.47	2.02	0.90	0.90	0.90
923	2.97	2.97	1.58	2.16	2.16	2.16	2.97	1.32	1.32	1.32
924	1.39	1.39	0.74	1.01	1.01	1.01	1.39	0.62	0.62	0.62
925	1.88	1.88	1.00	1.37	1.37	1.37	1.88	0.84	0.84	0.84
926	3.30	3.30	1.76	2.40	2.40	2.40	3.30	1.47	1.47	1.47
927	2781.09	2781.09	1483.25	2022.61	2022.61	2022.61	2781.09	1236.04	1236.04	1236.04
928	80.71	80.71	43.05	58.70	58.70	58.70	80.71	35.87	35.87	35.87
929	54.16	54.16	28.89	39.39	39.39	39.39	54.16	24.07	24.07	24.07
930	3547.54	3547.54	1892.02	2580.03	2580.03	2580.03	3547.54	1576.68	1576.68	1576.68
931	808.26	808.26	431.07	587.82	587.82	587.82	808.26	359.23	359.23	359.23
932	3.07	3.07	1.64	2.23	2.23	2.23	3.07	1.36	1.36	1.36
933	11.35	11.35	6.05	8.25	8.25	8.25	11.35	5.04	5.04	5.04
934	2978.41	2978.41	1588.48	2166.11	2166.11	2166.11	2978.41	1323.74	1323.74	1323.74
935	61.88	61.88	33.00	45.00	45.00	45.00	61.88	27.50	27.50	27.50
936	8.88	8.88	4.73	6.46	6.46	6.46	8.88	3.95	3.95	3.95
937	4.20	4.20	2.24	3.06	3.06	3.06	4.20	1.87	1.87	1.87
938	0.14	0.14	0.07	0.10	0.10	0.10	0.14	0.06	0.06	0.06
939	2.41	2.41	1.28	1.75	1.75	1.75	2.41	1.07	1.07	1.07
940	2.33	2.33	1.24	1.69	1.69	1.69	2.33	1.04	1.04	1.04
941	2.22	2.22	1.18	1.61	1.61	1.61	2.22	0.99	0.99	0.99
700	2.97	2.97	1.59	2.16	2.16	2.16	2.97	1.32	1.32	1.32
942	2.71	2.71	1.45	1.97	1.97	1.97	2.71	1.21	1.21	1.21
701	1.59	1.59	0.85	1.16	1.16	1.16	1.59	0.71	0.71	0.71
943	1.92	1.92	1.02	1.40	1.40	1.40	1.92	0.85	0.85	0.85
702	2.50	2.50	1.33	1.82	1.82	1.82	2.50	1.11	1.11	1.11
944	2.27	2.27	1.21	1.65	1.65	1.65	2.27	1.01	1.01	1.01
703	1.97	1.97	1.05	1.43	1.43	1.43	1.97	0.87	0.87	0.87
945	2.24	2.24	1.20	1.63	1.63	1.63	2.24	1.00	1.00	1.00
704	2.35	2.35	1.25	1.71	1.71	1.71	2.35	1.04	1.04	1.04
946	3.42	3.42	1.82	2.49	2.49	2.49	3.42	1.52	1.52	1.52
705	2.58	2.58	1.37	1.87	1.87	1.87	2.58	1.15	1.15	1.15
947	2.84	2.84	1.51	2.07	2.07	2.07	2.84	1.26	1.26	1.26
706	3.32	3.32	1.77	2.42	2.42	2.42	3.32	1.48	1.48	1.48
948	2.49	2.49	1.33	1.81	1.81	1.81	2.49	1.11	1.11	1.11
707	1.54	1.54	0.82	1.12	1.12	1.12	1.54	0.68	0.68	0.68
949	2.66	2.66	1.42	1.94	1.94	1.94	2.66	1.18	1.18	1.18
708	3.32	3.32	1.77	2.41	2.41	2.41	3.32	1.47	1.47	1.47
709	2.20	2.20	1.17	1.60	1.60	1.60	2.20	0.98	0.98	0.98
950	2.47	2.47	1.32	1.80	1.80	1.80	2.47	1.10	1.10	1.10
951	2.12	2.12	1.13	1.54	1.54	1.54	2.12	0.94	0.94	0.94
710	3.09	3.09	1.65	2.25	2.25	2.25	3.09	1.37	1.37	1.37
952	2.77	2.77	1.48	2.02	2.02	2.02	2.77	1.23	1.23	1.23
711	2.05	2.05	1.09	1.49	1.49	1.49	2.05	0.91	0.91	0.91
953	1.25	1.25	0.66	0.91	0.91	0.91	1.25	0.55	0.55	0.55
712	1.77	1.77	0.95	1.29	1.29	1.29	1.77	0.79	0.79	0.79
954	2.62	2.62	1.40	1.91	1.91	1.91	2.62	1.16	1.16	1.16
713	2.70	2.70	1.44	1.96	1.96	1.96	2.70	1.20	1.20	1.20
955	1.45	1.45	0.77	1.05	1.05	1.05	1.45	0.64	0.64	0.64
714	2.05	2.05	1.09	1.49	1.49	1.49	2.05	0.91	0.91	0.91
956	2.10	2.10	1.12	1.53	1.53	1.53	2.10	0.93	0.93	0.93
715	1.87	1.87	1.00	1.36	1.36	1.36	1.87	0.83	0.83	0.83
957	1.55	1.55	0.83	1.13	1.13	1.13	1.55	0.69	0.69	0.69
716	2.27	2.27	1.21	1.65	1.65	1.65	2.27	1.01	1.01	1.01
958	1433.43	1433.43	764.50	1042.49	1042.49	1042.49	1433.43	637.08	637.08	637.08
717	2867.69	2867.69	1529.44	2085.60	2085.60	2085.60	2867.69	1274.53	1274.53	1274.53
959	63.48	63.48	33.86	46.17	46.17	46.17	63.48	28.21	28.21	28.21
718	70.07	70.07	37.37	50.96	50.96	50.96	70.07	31.14	31.14	31.14
719	125.52	125.52	66.94	91.29	91.29	91.29	125.52	55.79	55.79	55.79
960	116.82	116.82	62.30	84.96	84.96	84.96	116.82	51.92	51.92	51.92
961	2772.52	2772.52	1478.68	2016.38	2016.38	2016.38	2772.52	1232.23	1232.23	1232.23
720	3420.51	3420.51	1824.27	2487.65	2487.65	2487.65	3420.51	1520.23	1520.23	1520.23
962	838.15	838.15	447.01	609.56	609.56	609.56	838.15	372.51	372.51	372.51
721	449.68	449.68	239.83	327.04	327.04	327.04	449.68	199.86	199.86	199.86
963	3.20	3.20	1.71	2.33	2.33	2.33	3.20	1.42	1.42	1.42
722	2.75	2.75	1.47	2.00	2.00	2.00	2.75	1.22	1.22	1.22
964	11.94	11.94	6.37	8.69	8.69	8.69	11.94	5.31	5.31	5.31
723	11.03	11.03	5.89	8.03	8.03	8.03	11.03	4.90	4.90	4.90
965	2675.92	2675.92	1427.16	1946.12	1946.12	1946.12	2675.92	1189.30	1189.30	1189.30
724	2607.92	2607.92	1390.89	1896.67	1896.67	1896.67	2607.92	1159.07	1159.07	1159.07
966	61.88	61.88	33.00	45.00	45.00	45.00	61.88	27.50	27.50	27.50
725	61.88	61.88	33.00	45.00	45.00	45.00	61.88	27.50	27.50	27.50
967	11.06	11.06	5.90	8.04	8.04	8.04	11.06	4.91	4.91	4.91
726	8.63	8.63	4.60	6.28	6.28	6.28	8.63	3.84	3.84	3.84
968	3.60	3.60	1.92	2.62	2.62	2.62	3.60	1.60	1.60	1.60
727	4.14	4.14	2.21	3.01	3.01	3.01	4.14	1.84	1.84	1.84
969	0.00	0.00	0.00	0.00	0.00	0.00	0.00	0.00	0.00	0.00
728	0.19	0.19	0.10	0.14	0.14	0.14	0.19	0.08	0.08	0.08
729	2.95	2.95	1.58	2.15	2.15	2.15	2.95	1.31	1.31	1.31
730	2.69	2.69	1.44	1.96	1.96	1.96	2.69	1.20	1.20	1.20
731	2.41	2.41	1.28	1.75	1.75	1.75	2.41	1.07	1.07	1.07
732	3.18	3.18	1.70	2.32	2.32	2.32	3.18	1.42	1.42	1.42
733	2.90	2.90	1.55	2.11	2.11	2.11	2.90	1.29	1.29	1.29
734	1.53	1.53	0.81	1.11	1.11	1.11	1.53	0.68	0.68	0.68
735	2.55	2.55	1.36	1.86	1.86	1.86	2.55	1.13	1.13	1.13
736	2.81	2.81	1.50	2.04	2.04	2.04	2.81	1.25	1.25	1.25
737	2.94	2.94	1.57	2.14	2.14	2.14	2.94	1.31	1.31	1.31
738	2.32	2.32	1.24	1.69	1.69	1.69	2.32	1.03	1.03	1.03
739	3.01	3.01	1.61	2.19	2.19	2.19	3.01	1.34	1.34	1.34
740	2.80	2.80	1.50	2.04	2.04	2.04	2.80	1.25	1.25	1.25
741	1.90	1.90	1.02	1.38	1.38	1.38	1.90	0.85	0.85	0.85
500	2.42	2.42	1.29	1.76	1.76	1.76	2.42	1.07	1.07	1.07
742	2.13	2.13	1.14	1.55	1.55	1.55	2.13	0.95	0.95	0.95
501	1.74	1.74	0.93	1.27	1.27	1.27	1.74	0.77	0.77	0.77
743	2.65	2.65	1.42	1.93	1.93	1.93	2.65	1.18	1.18	1.18
502	1.41	1.41	0.75	1.03	1.03	1.03	1.41	0.63	0.63	0.63
744	2.46	2.46	1.31	1.79	1.79	1.79	2.46	1.09	1.09	1.09
503	3.27	3.27	1.74	2.37	2.37	2.37	3.27	1.45	1.45	1.45
745	3.02	3.02	1.61	2.20	2.20	2.20	3.02	1.34	1.34	1.34
504	3.06	3.06	1.63	2.23	2.23	2.23	3.06	1.36	1.36	1.36
746	2.22	2.22	1.18	1.61	1.61	1.61	2.22	0.99	0.99	0.99
505	3160.92	3160.92	1685.83	2298.85	2298.85	2298.85	3160.92	1404.85	1404.85	1404.85
747	3116.61	3116.61	1662.19	2266.63	2266.63	2266.63	3116.61	1385.16	1385.16	1385.16
506	75.80	75.80	40.43	55.13	55.13	55.13	75.80	33.69	33.69	33.69
748	67.57	67.57	36.04	49.14	49.14	49.14	67.57	30.03	30.03	30.03
507	156.08	156.08	83.24	113.51	113.51	113.51	156.08	69.37	69.37	69.37
749	146.29	146.29	78.02	106.39	106.39	106.39	146.29	65.02	65.02	65.02
508	6136.79	6136.79	3272.95	4463.12	4463.12	4463.12	6136.79	2727.46	2727.46	2727.46
509	585.26	585.26	312.14	425.65	425.65	425.65	585.26	260.12	260.12	260.12
750	4380.74	4380.74	2336.40	3186.00	3186.00	3186.00	4380.74	1947.00	1947.00	1947.00
751	766.01	766.01	408.54	557.10	557.10	557.10	766.01	340.45	340.45	340.45
510	3.19	3.19	1.70	2.32	2.32	2.32	3.19	1.42	1.42	1.42
752	3.39	3.39	1.81	2.47	2.47	2.47	3.39	1.51	1.51	1.51
511	9.80	9.80	5.23	7.13	7.13	7.13	9.80	4.36	4.36	4.36
753	9.25	9.25	4.93	6.73	6.73	6.73	9.25	4.11	4.11	4.11
512	2795.70	2795.70	1491.04	2033.24	2033.24	2033.24	2795.70	1242.53	1242.53	1242.53
754	2411.96	2411.96	1286.38	1754.15	1754.15	1754.15	2411.96	1071.98	1071.98	1071.98
513	61.88	61.88	33.00	45.00	45.00	45.00	61.88	27.50	27.50	27.50
755	61.88	61.88	33.00	45.00	45.00	45.00	61.88	27.50	27.50	27.50
514	7.47	7.47	3.99	5.44	5.44	5.44	7.47	3.32	3.32	3.32
756	5.91	5.91	3.15	4.30	4.30	4.30	5.91	2.63	2.63	2.63
515	2.13	2.13	1.14	1.55	1.55	1.55	2.13	0.95	0.95	0.95
757	3.53	3.53	1.88	2.57	2.57	2.57	3.53	1.57	1.57	1.57
516	0.15	0.15	0.08	0.11	0.11	0.11	0.15	0.07	0.07	0.07
758	0.12	0.12	0.06	0.09	0.09	0.09	0.12	0.05	0.05	0.05
517	2.28	2.28	1.21	1.66	1.66	1.66	2.28	1.01	1.01	1.01
759	2.23	2.23	1.19	1.62	1.62	1.62	2.23	0.99	0.99	0.99
518	1.37	1.37	0.73	0.99	0.99	0.99	1.37	0.61	0.61	0.61
519	1.24	1.24	0.66	0.90	0.90	0.90	1.24	0.55	0.55	0.55
760	2.01	2.01	1.07	1.46	1.46	1.46	2.01	0.89	0.89	0.89
761	2.18	2.18	1.16	1.59	1.59	1.59	2.18	0.97	0.97	0.97
520	2.52	2.52	1.34	1.83	1.83	1.83	2.52	1.12	1.12	1.12
762	1.96	1.96	1.05	1.43	1.43	1.43	1.96	0.87	0.87	0.87
521	2.21	2.21	1.18	1.61	1.61	1.61	2.21	0.98	0.98	0.98
763	1.46	1.46	0.78	1.06	1.06	1.06	1.46	0.65	0.65	0.65
522	2.72	2.72	1.45	1.98	1.98	1.98	2.72	1.21	1.21	1.21
764	2.38	2.38	1.27	1.73	1.73	1.73	2.38	1.06	1.06	1.06
523	2.69	2.69	1.43	1.95	1.95	1.95	2.69	1.19	1.19	1.19
765	3.09	3.09	1.65	2.24	2.24	2.24	3.09	1.37	1.37	1.37
524	1.22	1.22	0.65	0.88	0.88	0.88	1.22	0.54	0.54	0.54
766	2.14	2.14	1.14	1.56	1.56	1.56	2.14	0.95	0.95	0.95
525	3.27	3.27	1.74	2.38	2.38	2.38	3.27	1.45	1.45	1.45
767	2.38	2.38	1.27	1.73	1.73	1.73	2.38	1.06	1.06	1.06
526	3.19	3.19	1.70	2.32	2.32	2.32	3.19	1.42	1.42	1.42
768	2.92	2.92	1.56	2.12	2.12	2.12	2.92	1.30	1.30	1.30
527	1.52	1.52	0.81	1.10	1.10	1.10	1.52	0.68	0.68	0.68
769	2.61	2.61	1.39	1.90	1.90	1.90	2.61	1.16	1.16	1.16
528	2.99	2.99	1.59	2.17	2.17	2.17	2.99	1.33	1.33	1.33
529	2.27	2.27	1.21	1.65	1.65	1.65	2.27	1.01	1.01	1.01
770	1.95	1.95	1.04	1.42	1.42	1.42	1.95	0.87	0.87	0.87
771	2.34	2.34	1.25	1.70	1.70	1.70	2.34	1.04	1.04	1.04
530	1.31	1.31	0.70	0.95	0.95	0.95	1.31	0.58	0.58	0.58
772	1.83	1.83	0.98	1.33	1.33	1.33	1.83	0.81	0.81	0.81
531	2.05	2.05	1.10	1.49	1.49	1.49	2.05	0.91	0.91	0.91
773	2.33	2.33	1.24	1.69	1.69	1.69	2.33	1.03	1.03	1.03
532	2.52	2.52	1.35	1.83	1.83	1.83	2.52	1.12	1.12	1.12
774	2.51	2.51	1.34	1.83	1.83	1.83	2.51	1.12	1.12	1.12
533	2.32	2.32	1.24	1.69	1.69	1.69	2.32	1.03	1.03	1.03
775	3.16	3.16	1.68	2.30	2.30	2.30	3.16	1.40	1.40	1.40
534	1690.89	1690.89	901.81	1229.74	1229.74	1229.74	1690.89	751.51	751.51	751.51
776	3.56	3.56	1.90	2.59	2.59	2.59	3.56	1.58	1.58	1.58
535	71.03	71.03	37.88	51.66	51.66	51.66	71.03	31.57	31.57	31.57
777	3788.51	3788.51	2020.54	2755.28	2755.28	2755.28	3788.51	1683.78	1683.78	1683.78
536	136.89	136.89	73.01	99.55	99.55	99.55	136.89	60.84	60.84	60.84
778	89.70	89.70	47.84	65.24	65.24	65.24	89.70	39.87	39.87	39.87
537	3978.72	3978.72	2121.98	2893.62	2893.62	2893.62	3978.72	1768.32	1768.32	1768.32
779	107.55	107.55	57.36	78.22	78.22	78.22	107.55	47.80	47.80	47.80
538	636.89	636.89	339.68	463.20	463.20	463.20	636.89	283.06	283.06	283.06
539	2.51	2.51	1.34	1.82	1.82	1.82	2.51	1.11	1.11	1.11
780	3895.27	3895.27	2077.48	2832.92	2832.92	2832.92	3895.27	1731.23	1731.23	1731.23
781	520.37	520.37	277.53	378.45	378.45	378.45	520.37	231.28	231.28	231.28
540	11.30	11.30	6.03	8.22	8.22	8.22	11.30	5.02	5.02	5.02
782	2.52	2.52	1.35	1.83	1.83	1.83	2.52	1.12	1.12	1.12
541	2410.71	2410.71	1285.71	1753.24	1753.24	1753.24	2410.71	1071.43	1071.43	1071.43
783	8.66	8.66	4.62	6.30	6.30	6.30	8.66	3.85	3.85	3.85
300	61.88	61.88	33.00	45.00	45.00	45.00	61.88	27.50	27.50	27.50
542	61.88	61.88	33.00	45.00	45.00	45.00	61.88	27.50	27.50	27.50
784	2603.68	2603.68	1388.63	1893.59	1893.59	1893.59	2603.68	1157.19	1157.19	1157.19
301	12.33	12.33	6.57	8.97	8.97	8.97	12.33	5.48	5.48	5.48
543	11.71	11.71	6.25	8.52	8.52	8.52	11.71	5.20	5.20	5.20
785	61.88	61.88	33.00	45.00	45.00	45.00	61.88	27.50	27.50	27.50
302	2.96	2.96	1.58	2.15	2.15	2.15	2.96	1.31	1.31	1.31
544	3.19	3.19	1.70	2.32	2.32	2.32	3.19	1.42	1.42	1.42
786	12.42	12.42	6.62	9.03	9.03	9.03	12.42	5.52	5.52	5.52
303	0.16	0.16	0.08	0.11	0.11	0.11	0.16	0.07	0.07	0.07
545	0.21	0.21	0.11	0.15	0.15	0.15	0.21	0.09	0.09	0.09
787	4.61	4.61	2.46	3.35	3.35	3.35	4.61	2.05	2.05	2.05
304	3.02	3.02	1.61	2.20	2.20	2.20	3.02	1.34	1.34	1.34
546	2.63	2.63	1.41	1.92	1.92	1.92	2.63	1.17	1.17	1.17
788	0.18	0.18	0.10	0.13	0.13	0.13	0.18	0.08	0.08	0.08
305	2.18	2.18	1.16	1.58	1.58	1.58	2.18	0.97	0.97	0.97
547	2.46	2.46	1.31	1.79	1.79	1.79	2.46	1.09	1.09	1.09
789	2.39	2.39	1.27	1.74	1.74	1.74	2.39	1.06	1.06	1.06
306	2.62	2.62	1.40	1.91	1.91	1.91	2.62	1.17	1.17	1.17
548	2.29	2.29	1.22	1.67	1.67	1.67	2.29	1.02	1.02	1.02
307	2.28	2.28	1.21	1.66	1.66	1.66	2.28	1.01	1.01	1.01
549	2.44	2.44	1.30	1.77	1.77	1.77	2.44	1.08	1.08	1.08
308	1.93	1.93	1.03	1.40	1.40	1.40	1.93	0.86	0.86	0.86
309	1.69	1.69	0.90	1.23	1.23	1.23	1.69	0.75	0.75	0.75
790	1.65	1.65	0.88	1.20	1.20	1.20	1.65	0.73	0.73	0.73
791	1.22	1.22	0.65	0.89	0.89	0.89	1.22	0.54	0.54	0.54
550	1.58	1.58	0.85	1.15	1.15	1.15	1.58	0.70	0.70	0.70
792	3.25	3.25	1.73	2.37	2.37	2.37	3.25	1.45	1.45	1.45
551	2.90	2.90	1.55	2.11	2.11	2.11	2.90	1.29	1.29	1.29
793	2.07	2.07	1.10	1.51	1.51	1.51	2.07	0.92	0.92	0.92
310	2.85	2.85	1.52	2.07	2.07	2.07	2.85	1.27	1.27	1.27
552	2.66	2.66	1.42	1.93	1.93	1.93	2.66	1.18	1.18	1.18
794	3.16	3.16	1.68	2.30	2.30	2.30	3.16	1.40	1.40	1.40
311	1.24	1.24	0.66	0.90	0.90	0.90	1.24	0.55	0.55	0.55
553	2.10	2.10	1.12	1.53	1.53	1.53	2.10	0.93	0.93	0.93
795	2.33	2.33	1.25	1.70	1.70	1.70	2.33	1.04	1.04	1.04
312	2.22	2.22	1.18	1.61	1.61	1.61	2.22	0.99	0.99	0.99
554	2.75	2.75	1.47	2.00	2.00	2.00	2.75	1.22	1.22	1.22
796	2.18	2.18	1.16	1.58	1.58	1.58	2.18	0.97	0.97	0.97
313	1.36	1.36	0.73	0.99	0.99	0.99	1.36	0.61	0.61	0.61
555	1.47	1.47	0.78	1.07	1.07	1.07	1.47	0.65	0.65	0.65
797	2.53	2.53	1.35	1.84	1.84	1.84	2.53	1.13	1.13	1.13
314	2.63	2.63	1.40	1.91	1.91	1.91	2.63	1.17	1.17	1.17
556	2.91	2.91	1.55	2.12	2.12	2.12	2.91	1.29	1.29	1.29
798	1.94	1.94	1.03	1.41	1.41	1.41	1.94	0.86	0.86	0.86
315	3.26	3.26	1.74	2.37	2.37	2.37	3.26	1.45	1.45	1.45
557	1.84	1.84	0.98	1.34	1.34	1.34	1.84	0.82	0.82	0.82
799	2.95	2.95	1.58	2.15	2.15	2.15	2.95	1.31	1.31	1.31
316	2.39	2.39	1.27	1.74	1.74	1.74	2.39	1.06	1.06	1.06
558	2.56	2.56	1.37	1.86	1.86	1.86	2.56	1.14	1.14	1.14
317	3.18	3.18	1.70	2.32	2.32	2.32	3.18	1.42	1.42	1.42
559	2.89	2.89	1.54	2.10	2.10	2.10	2.89	1.29	1.29	1.29
318	1.74	1.74	0.93	1.26	1.26	1.26	1.74	0.77	0.77	0.77
319	1.53	1.53	0.81	1.11	1.11	1.11	1.53	0.68	0.68	0.68
560	3.33	3.33	1.78	2.42	2.42	2.42	3.33	1.48	1.48	1.48
561	1.85	1.85	0.98	1.34	1.34	1.34	1.85	0.82	0.82	0.82
320	2.63	2.63	1.40	1.91	1.91	1.91	2.63	1.17	1.17	1.17
562	1944.65	1944.65	1037.15	1414.29	1414.29	1414.29	1944.65	864.29	864.29	864.29
321	2091.95	2091.95	1115.71	1521.42	1521.42	1521.42	2091.95	929.76	929.76	929.76
563	61.36	61.36	32.73	44.63	44.63	44.63	61.36	27.27	27.27	27.27
322	49.82	49.82	26.57	36.24	36.24	36.24	49.82	22.14	22.14	22.14
564	52.38	52.38	27.93	38.09	38.09	38.09	52.38	23.28	23.28	23.28
323	71.84	71.84	38.32	52.25	52.25	52.25	71.84	31.93	31.93	31.93
565	2297.18	2297.18	1225.16	1670.68	1670.68	1670.68	2297.18	1020.97	1020.97	1020.97
324	3309.93	3309.93	1765.30	2407.22	2407.22	2407.22	3309.93	1471.08	1471.08	1471.08
566	448.68	448.68	239.30	326.31	326.31	326.31	448.68	199.41	199.41	199.41
325	949.08	949.08	506.17	690.24	690.24	690.24	949.08	421.81	421.81	421.81
567	2.66	2.66	1.42	1.93	1.93	1.93	2.66	1.18	1.18	1.18
326	2.86	2.86	1.52	2.08	2.08	2.08	2.86	1.27	1.27	1.27
568	9.39	9.39	5.01	6.83	6.83	6.83	9.39	4.18	4.18	4.18
327	10.39	10.39	5.54	7.56	7.56	7.56	10.39	4.62	4.62	4.62
569	2398.86	2398.86	1279.39	1744.62	1744.62	1744.62	2398.86	1066.16	1066.16	1066.16
328	2655.25	2655.25	1416.13	1931.09	1931.09	1931.09	2655.25	1180.11	1180.11	1180.11
329	61.88	61.88	33.00	45.00	45.00	45.00	61.88	27.50	27.50	27.50
570	61.88	61.88	33.00	45.00	45.00	45.00	61.88	27.50	27.50	27.50
571	10.67	10.67	5.69	7.76	7.76	7.76	10.67	4.74	4.74	4.74
330	11.07	11.07	5.90	8.05	8.05	8.05	11.07	4.92	4.92	4.92
572	3.57	3.57	1.90	2.60	2.60	2.60	3.57	1.59	1.59	1.59
331	2.64	2.64	1.41	1.92	1.92	1.92	2.64	1.17	1.17	1.17
573	0.14	0.14	0.07	0.10	0.10	0.10	0.14	0.06	0.06	0.06
332	0.09	0.09	0.05	0.07	0.07	0.07	0.09	0.04	0.04	0.04
574	3.52	3.52	1.88	2.56	2.56	2.56	3.52	1.56	1.56	1.56
333	2.68	2.68	1.43	1.95	1.95	1.95	2.68	1.19	1.19	1.19
575	2.63	2.63	1.40	1.91	1.91	1.91	2.63	1.17	1.17	1.17
334	3.12	3.12	1.66	2.27	2.27	2.27	3.12	1.39	1.39	1.39
576	1.96	1.96	1.05	1.43	1.43	1.43	1.96	0.87	0.87	0.87
335	2.40	2.40	1.28	1.74	1.74	1.74	2.40	1.07	1.07	1.07
577	2.25	2.25	1.20	1.64	1.64	1.64	2.25	1.00	1.00	1.00
336	3.09	3.09	1.65	2.25	2.25	2.25	3.09	1.37	1.37	1.37
578	2.52	2.52	1.34	1.83	1.83	1.83	2.52	1.12	1.12	1.12
337	1.90	1.90	1.01	1.38	1.38	1.38	1.90	0.84	0.84	0.84
579	2.63	2.63	1.40	1.91	1.91	1.91	2.63	1.17	1.17	1.17
338	2.35	2.35	1.25	1.71	1.71	1.71	2.35	1.04	1.04	1.04
339	3.32	3.32	1.77	2.41	2.41	2.41	3.32	1.48	1.48	1.48
580	1.66	1.66	0.89	1.21	1.21	1.21	1.66	0.74	0.74	0.74
581	3.43	3.43	1.83	2.50	2.50	2.50	3.43	1.53	1.53	1.53
340	1.66	1.66	0.89	1.21	1.21	1.21	1.66	0.74	0.74	0.74
582	2.08	2.08	1.11	1.51	1.51	1.51	2.08	0.92	0.92	0.92
341	1.34	1.34	0.72	0.98	0.98	0.98	1.34	0.60	0.60	0.60
583	2.50	2.50	1.33	1.82	1.82	1.82	2.50	1.11	1.11	1.11
100	3.05	3.05	1.62	2.22	2.22	2.22	3.05	1.35	1.35	1.35
342	2.70	2.70	1.44	1.97	1.97	1.97	2.70	1.20	1.20	1.20
584	2.81	2.81	1.50	2.04	2.04	2.04	2.81	1.25	1.25	1.25
101	1.82	1.82	0.97	1.32	1.32	1.32	1.82	0.81	0.81	0.81
343	3.32	3.32	1.77	2.41	2.41	2.41	3.32	1.48	1.48	1.48
585	1.40	1.40	0.75	1.02	1.02	1.02	1.40	0.62	0.62	0.62
102	3.23	3.23	1.72	2.35	2.35	2.35	3.23	1.43	1.43	1.43
344	3.22	3.22	1.72	2.34	2.34	2.34	3.22	1.43	1.43	1.43
586	2.21	2.21	1.18	1.61	1.61	1.61	2.21	0.98	0.98	0.98
103	2.37	2.37	1.26	1.72	1.72	1.72	2.37	1.05	1.05	1.05
345	2.16	2.16	1.15	1.57	1.57	1.57	2.16	0.96	0.96	0.96
587	2.19	2.19	1.17	1.60	1.60	1.60	2.19	0.98	0.98	0.98
104	2.49	2.49	1.33	1.81	1.81	1.81	2.49	1.11	1.11	1.11
346	2.30	2.30	1.23	1.67	1.67	1.67	2.30	1.02	1.02	1.02
588	2.32	2.32	1.24	1.69	1.69	1.69	2.32	1.03	1.03	1.03
105	1.77	1.77	0.95	1.29	1.29	1.29	1.77	0.79	0.79	0.79
347	1.51	1.51	0.81	1.10	1.10	1.10	1.51	0.67	0.67	0.67
589	1.90	1.90	1.01	1.38	1.38	1.38	1.90	0.84	0.84	0.84
106	2.72	2.72	1.45	1.98	1.98	1.98	2.72	1.21	1.21	1.21
348	2.46	2.46	1.31	1.79	1.79	1.79	2.46	1.09	1.09	1.09
107	1.94	1.94	1.03	1.41	1.41	1.41	1.94	0.86	0.86	0.86
349	1.76	1.76	0.94	1.28	1.28	1.28	1.76	0.78	0.78	0.78
108	2.50	2.50	1.33	1.82	1.82	1.82	2.50	1.11	1.11	1.11
109	2.07	2.07	1.10	1.50	1.50	1.50	2.07	0.92	0.92	0.92
590	2.75	2.75	1.46	2.00	2.00	2.00	2.75	1.22	1.22	1.22
591	3.23	3.23	1.72	2.35	2.35	2.35	3.23	1.44	1.44	1.44
350	2.91	2.91	1.55	2.12	2.12	2.12	2.91	1.29	1.29	1.29
592	2.13	2.13	1.14	1.55	1.55	1.55	2.13	0.95	0.95	0.95
351	2.62	2.62	1.40	1.90	1.90	1.90	2.62	1.16	1.16	1.16
593	2.00	2.00	1.07	1.46	1.46	1.46	2.00	0.89	0.89	0.89
110	2.41	2.41	1.28	1.75	1.75	1.75	2.41	1.07	1.07	1.07
352	3392.26	3392.26	1809.21	2467.10	2467.10	2467.10	3392.26	1507.67	1507.67	1507.67
594	1656.59	1656.59	883.52	1204.79	1204.79	1204.79	1656.59	736.26	736.26	736.26
111	2141.19	2141.19	1141.97	1557.23	1557.23	1557.23	2141.19	951.64	951.64	951.64
353	82.81	82.81	44.17	60.23	60.23	60.23	82.81	36.80	36.80	36.80
595	47.10	47.10	25.12	34.25	34.25	34.25	47.10	20.93	20.93	20.93
112	76.63	76.63	40.87	55.73	55.73	55.73	76.63	34.06	34.06	34.06
354	143.43	143.43	76.50	104.31	104.31	104.31	143.43	63.75	63.75	63.75
596	124.15	124.15	66.22	90.29	90.29	90.29	124.15	55.18	55.18	55.18
113	67.58	67.58	36.04	49.15	49.15	49.15	67.58	30.03	30.03	30.03
355	3653.78	3653.78	1948.68	2657.30	2657.30	2657.30	3653.78	1623.90	1623.90	1623.90
597	4449.29	4449.29	2372.96	3235.85	3235.85	3235.85	4449.29	1977.46	1977.46	1977.46
114	3526.56	3526.56	1880.83	2564.77	2564.77	2564.77	3526.56	1567.36	1567.36	1567.36
356	454.53	454.53	242.42	330.57	330.57	330.57	454.53	202.01	202.01	202.01
598	563.14	563.14	300.34	409.56	409.56	409.56	563.14	250.29	250.29	250.29
115	791.59	791.59	422.18	575.70	575.70	575.70	791.59	351.82	351.82	351.82
357	3.13	3.13	1.67	2.28	2.28	2.28	3.13	1.39	1.39	1.39
599	3.69	3.69	1.97	2.69	2.69	2.69	3.69	1.64	1.64	1.64
116	3.21	3.21	1.71	2.34	2.34	2.34	3.21	1.43	1.43	1.43
358	8.02	8.02	4.28	5.83	5.83	5.83	8.02	3.56	3.56	3.56
117	10.95	10.95	5.84	7.96	7.96	7.96	10.95	4.87	4.87	4.87
359	2570.02	2570.02	1370.67	1869.10	1869.10	1869.10	2570.02	1142.23	1142.23	1142.23
118	2630.31	2630.31	1402.83	1912.95	1912.95	1912.95	2630.31	1169.03	1169.03	1169.03
119	61.88	61.88	33.00	45.00	45.00	45.00	61.88	27.50	27.50	27.50
10	2.95	2.95	1.57	2.14	2.14	2.14	2.95	1.31	1.31	1.31
11	2.08	2.08	1.11	1.52	1.52	1.52	2.08	0.93	0.93	0.93
12	2.35	2.35	1.25	1.71	1.71	1.71	2.35	1.04	1.04	1.04
13	2.63	2.63	1.40	1.91	1.91	1.91	2.63	1.17	1.17	1.17
14	2.51	2.51	1.34	1.83	1.83	1.83	2.51	1.12	1.12	1.12
15	2.39	2.39	1.27	1.74	1.74	1.74	2.39	1.06	1.06	1.06
16	1.71	1.71	0.91	1.25	1.25	1.25	1.71	0.76	0.76	0.76
17	2.75	2.75	1.47	2.00	2.00	2.00	2.75	1.22	1.22	1.22
18	3.21	3.21	1.71	2.33	2.33	2.33	3.21	1.43	1.43	1.43
19	2859.97	2859.97	1525.32	2079.98	2079.98	2079.98	2859.97	1271.10	1271.10	1271.10
360	61.88	61.88	33.00	45.00	45.00	45.00	61.88	27.50	27.50	27.50
361	10.57	10.57	5.64	7.69	7.69	7.69	10.57	4.70	4.70	4.70
120	11.36	11.36	6.06	8.26	8.26	8.26	11.36	5.05	5.05	5.05
362	3.89	3.89	2.07	2.83	2.83	2.83	3.89	1.73	1.73	1.73
121	3.01	3.01	1.61	2.19	2.19	2.19	3.01	1.34	1.34	1.34
363	0.10	0.10	0.06	0.08	0.08	0.08	0.10	0.05	0.05	0.05
122	0.10	0.10	0.06	0.08	0.08	0.08	0.10	0.05	0.05	0.05
364	2.52	2.52	1.34	1.83	1.83	1.83	2.52	1.12	1.12	1.12
123	2.93	2.93	1.56	2.13	2.13	2.13	2.93	1.30	1.30	1.30
365	1.76	1.76	0.94	1.28	1.28	1.28	1.76	0.78	0.78	0.78
124	1.22	1.22	0.65	0.89	0.89	0.89	1.22	0.54	0.54	0.54
366	1.66	1.66	0.89	1.21	1.21	1.21	1.66	0.74	0.74	0.74
125	1.92	1.92	1.03	1.40	1.40	1.40	1.92	0.86	0.86	0.86
367	1.56	1.56	0.83	1.14	1.14	1.14	1.56	0.69	0.69	0.69
126	2.76	2.76	1.47	2.01	2.01	2.01	2.76	1.23	1.23	1.23
368	1.81	1.81	0.97	1.32	1.32	1.32	1.81	0.81	0.81	0.81
127	3.36	3.36	1.79	2.44	2.44	2.44	3.36	1.49	1.49	1.49
369	2.62	2.62	1.40	1.91	1.91	1.91	2.62	1.16	1.16	1.16
128	2.64	2.64	1.41	1.92	1.92	1.92	2.64	1.17	1.17	1.17
129	2.45	2.45	1.31	1.78	1.78	1.78	2.45	1.09	1.09	1.09
20	66.08	66.08	35.24	48.06	48.06	48.06	66.08	29.37	29.37	29.37
21	74.00	74.00	39.47	53.82	53.82	53.82	74.00	32.89	32.89	32.89
22	5450.14	5450.14	2906.74	3963.74	3963.74	3963.74	5450.14	2422.28	2422.28	2422.28
23	851.00	851.00	453.86	618.91	618.91	618.91	851.00	378.22	378.22	378.22
24	3.00	3.00	1.60	2.19	2.19	2.19	3.00	1.34	1.34	1.34
25	9.05	9.05	4.83	6.58	6.58	6.58	9.05	4.02	4.02	4.02
26	2749.11	2749.11	1466.19	1999.35	1999.35	1999.35	2749.11	1221.82	1221.82	1221.82
27	61.88	61.88	33.00	45.00	45.00	45.00	61.88	27.50	27.50	27.50
28	9.28	9.28	4.95	6.75	6.75	6.75	9.28	4.13	4.13	4.13
29	3.74	3.74	1.99	2.72	2.72	2.72	3.74	1.66	1.66	1.66
370	1.95	1.95	1.04	1.42	1.42	1.42	1.95	0.87	0.87	0.87
371	1.94	1.94	1.03	1.41	1.41	1.41	1.94	0.86	0.86	0.86
130	2.35	2.35	1.25	1.71	1.71	1.71	2.35	1.04	1.04	1.04
372	1.74	1.74	0.93	1.26	1.26	1.26	1.74	0.77	0.77	0.77
131	2.56	2.56	1.37	1.86	1.86	1.86	2.56	1.14	1.14	1.14
373	1.86	1.86	0.99	1.35	1.35	1.35	1.86	0.83	0.83	0.83
132	1.93	1.93	1.03	1.41	1.41	1.41	1.93	0.86	0.86	0.86
374	2.44	2.44	1.30	1.77	1.77	1.77	2.44	1.08	1.08	1.08
133	2.03	2.03	1.08	1.47	1.47	1.47	2.03	0.90	0.90	0.90
375	1.21	1.21	0.65	0.88	0.88	0.88	1.21	0.54	0.54	0.54
134	2.94	2.94	1.57	2.14	2.14	2.14	2.94	1.30	1.30	1.30
376	1.98	1.98	1.06	1.44	1.44	1.44	1.98	0.88	0.88	0.88
135	2.13	2.13	1.14	1.55	1.55	1.55	2.13	0.95	0.95	0.95
377	1.37	1.37	0.73	1.00	1.00	1.00	1.37	0.61	0.61	0.61
136	1.73	1.73	0.92	1.26	1.26	1.26	1.73	0.77	0.77	0.77
378	2.66	2.66	1.42	1.94	1.94	1.94	2.66	1.18	1.18	1.18
137	2.33	2.33	1.24	1.70	1.70	1.70	2.33	1.04	1.04	1.04
379	2.64	2.64	1.41	1.92	1.92	1.92	2.64	1.17	1.17	1.17
138	3.22	3.22	1.72	2.34	2.34	2.34	3.22	1.43	1.43	1.43
139	1.95	1.95	1.04	1.42	1.42	1.42	1.95	0.87	0.87	0.87
30	0.22	0.22	0.12	0.16	0.16	0.16	0.22	0.10	0.10	0.10
31	2.51	2.51	1.34	1.82	1.82	1.82	2.51	1.11	1.11	1.11
32	1.71	1.71	0.91	1.24	1.24	1.24	1.71	0.76	0.76	0.76
33	2.52	2.52	1.35	1.83	1.83	1.83	2.52	1.12	1.12	1.12
34	2.59	2.59	1.38	1.88	1.88	1.88	2.59	1.15	1.15	1.15
35	2.03	2.03	1.08	1.48	1.48	1.48	2.03	0.90	0.90	0.90
36	2.47	2.47	1.32	1.79	1.79	1.79	2.47	1.10	1.10	1.10
37	2.50	2.50	1.33	1.82	1.82	1.82	2.50	1.11	1.11	1.11
38	2.73	2.73	1.46	1.99	1.99	1.99	2.73	1.21	1.21	1.21
39	3.26	3.26	1.74	2.37	2.37	2.37	3.26	1.45	1.45	1.45
380	2.54	2.54	1.35	1.84	1.84	1.84	2.54	1.13	1.13	1.13
381	2.40	2.40	1.28	1.75	1.75	1.75	2.40	1.07	1.07	1.07
140	3.18	3.18	1.70	2.31	2.31	2.31	3.18	1.41	1.41	1.41
382	1.88	1.88	1.00	1.36	1.36	1.36	1.88	0.83	0.83	0.83
141	2.96	2.96	1.58	2.15	2.15	2.15	2.96	1.32	1.32	1.32
383	1897.64	1897.64	1012.08	1380.11	1380.11	1380.11	1897.64	843.40	843.40	843.40
142	1611.56	1611.56	859.50	1172.05	1172.05	1172.05	1611.56	716.25	716.25	716.25
384	92.12	92.12	49.13	66.99	66.99	66.99	92.12	40.94	40.94	40.94
143	67.29	67.29	35.89	48.94	48.94	48.94	67.29	29.91	29.91	29.91
385	156.68	156.68	83.56	113.95	113.95	113.95	156.68	69.63	69.63	69.63
144	83.81	83.81	44.70	60.95	60.95	60.95	83.81	37.25	37.25	37.25
386	2283.94	2283.94	1218.10	1661.04	1661.04	1661.04	2283.94	1015.08	1015.08	1015.08
145	6544.62	6544.62	3490.46	4759.72	4759.72	4759.72	6544.62	2908.72	2908.72	2908.72
387	796.41	796.41	424.75	579.21	579.21	579.21	796.41	353.96	353.96	353.96
146	654.49	654.49	349.06	475.99	475.99	475.99	654.49	290.88	290.88	290.88
388	3.12	3.12	1.66	2.27	2.27	2.27	3.12	1.39	1.39	1.39
147	3.50	3.50	1.87	2.55	2.55	2.55	3.50	1.56	1.56	1.56
389	10.29	10.29	5.49	7.48	7.48	7.48	10.29	4.57	4.57	4.57
148	11.39	11.39	6.08	8.28	8.28	8.28	11.39	5.06	5.06	5.06
149	2764.26	2764.26	1474.27	2010.37	2010.37	2010.37	2764.26	1228.56	1228.56	1228.56
40	1.41	1.41	0.75	1.03	1.03	1.03	1.41	0.63	0.63	0.63
41	3.04	3.04	1.62	2.21	2.21	2.21	3.04	1.35	1.35	1.35
42	2.45	2.45	1.31	1.78	1.78	1.78	2.45	1.09	1.09	1.09
43	2.90	2.90	1.55	2.11	2.11	2.11	2.90	1.29	1.29	1.29
44	2.63	2.63	1.40	1.91	1.91	1.91	2.63	1.17	1.17	1.17
45	2.95	2.95	1.57	2.14	2.14	2.14	2.95	1.31	1.31	1.31
46	3.54	3.54	1.89	2.58	2.58	2.58	3.54	1.57	1.57	1.57
47	2.35	2.35	1.26	1.71	1.71	1.71	2.35	1.05	1.05	1.05
48	3438.65	3438.65	1833.95	2500.84	2500.84	2500.84	3438.65	1528.29	1528.29	1528.29
49	51.47	51.47	27.45	37.43	37.43	37.43	51.47	22.88	22.88	22.88
390	2672.37	2672.37	1425.27	1943.55	1943.55	1943.55	2672.37	1187.72	1187.72	1187.72
391	61.88	61.88	33.00	45.00	45.00	45.00	61.88	27.50	27.50	27.50
150	61.88	61.88	33.00	45.00	45.00	45.00	61.88	27.50	27.50	27.50
392	9.05	9.05	4.83	6.58	6.58	6.58	9.05	4.02	4.02	4.02
151	7.27	7.27	3.88	5.29	5.29	5.29	7.27	3.23	3.23	3.23
393	2.18	2.18	1.16	1.58	1.58	1.58	2.18	0.97	0.97	0.97
152	2.56	2.56	1.37	1.86	1.86	1.86	2.56	1.14	1.14	1.14
394	0.13	0.13	0.07	0.10	0.10	0.10	0.13	0.06	0.06	0.06
153	0.21	0.21	0.11	0.15	0.15	0.15	0.21	0.09	0.09	0.09
395	2.30	2.30	1.23	1.68	1.68	1.68	2.30	1.02	1.02	1.02
154	2.82	2.82	1.50	2.05	2.05	2.05	2.82	1.25	1.25	1.25
396	2.96	2.96	1.58	2.15	2.15	2.15	2.96	1.32	1.32	1.32
155	2.45	2.45	1.31	1.78	1.78	1.78	2.45	1.09	1.09	1.09
397	3.43	3.43	1.83	2.49	2.49	2.49	3.43	1.52	1.52	1.52
156	1.82	1.82	0.97	1.32	1.32	1.32	1.82	0.81	0.81	0.81
398	2.29	2.29	1.22	1.66	1.66	1.66	2.29	1.02	1.02	1.02
157	2.78	2.78	1.48	2.02	2.02	2.02	2.78	1.24	1.24	1.24
399	2.38	2.38	1.27	1.73	1.73	1.73	2.38	1.06	1.06	1.06
158	2.22	2.22	1.19	1.62	1.62	1.62	2.22	0.99	0.99	0.99
159	2.92	2.92	1.56	2.12	2.12	2.12	2.92	1.30	1.30	1.30
50	94.22	94.22	50.25	68.52	68.52	68.52	94.22	41.87	41.87	41.87
51	5245.18	5245.18	2797.43	3814.68	3814.68	3814.68	5245.18	2331.19	2331.19	2331.19
52	986.00	986.00	525.86	717.09	717.09	717.09	986.00	438.22	438.22	438.22
53	2.46	2.46	1.31	1.79	1.79	1.79	2.46	1.09	1.09	1.09
54	6.98	6.98	3.72	5.07	5.07	5.07	6.98	3.10	3.10	3.10
55	3081.68	3081.68	1643.57	2241.23	2241.23	2241.23	3081.68	1369.64	1369.64	1369.64
56	61.88	61.88	33.00	45.00	45.00	45.00	61.88	27.50	27.50	27.50
57	6.17	6.17	3.29	4.49	4.49	4.49	6.17	2.74	2.74	2.74
58	2.60	2.60	1.39	1.89	1.89	1.89	2.60	1.16	1.16	1.16
59	0.11	0.11	0.06	0.08	0.08	0.08	0.11	0.05	0.05	0.05
160	2.00	2.00	1.07	1.46	1.46	1.46	2.00	0.89	0.89	0.89
161	2.95	2.95	1.58	2.15	2.15	2.15	2.95	1.31	1.31	1.31
162	2.48	2.48	1.32	1.80	1.80	1.80	2.48	1.10	1.10	1.10
163	2.12	2.12	1.13	1.54	1.54	1.54	2.12	0.94	0.94	0.94
164	1.90	1.90	1.01	1.38	1.38	1.38	1.90	0.84	0.84	0.84
165	2.55	2.55	1.36	1.85	1.85	1.85	2.55	1.13	1.13	1.13
166	3.53	3.53	1.88	2.57	2.57	2.57	3.53	1.57	1.57	1.57
167	2.29	2.29	1.22	1.66	1.66	1.66	2.29	1.02	1.02	1.02
168	1.29	1.29	0.69	0.94	0.94	0.94	1.29	0.57	0.57	0.57
169	2.11	2.11	1.12	1.53	1.53	1.53	2.11	0.94	0.94	0.94
60	2.73	2.73	1.45	1.98	1.98	1.98	2.73	1.21	1.21	1.21
61	2.09	2.09	1.11	1.52	1.52	1.52	2.09	0.93	0.93	0.93
62	2.33	2.33	1.25	1.70	1.70	1.70	2.33	1.04	1.04	1.04
63	2.22	2.22	1.18	1.61	1.61	1.61	2.22	0.99	0.99	0.99
64	2.79	2.79	1.49	2.03	2.03	2.03	2.79	1.24	1.24	1.24
65	2.99	2.99	1.59	2.17	2.17	2.17	2.99	1.33	1.33	1.33
66	1.80	1.80	0.96	1.31	1.31	1.31	1.80	0.80	0.80	0.80
67	1.87	1.87	1.00	1.36	1.36	1.36	1.87	0.83	0.83	0.83
68	3.11	3.11	1.66	2.26	2.26	2.26	3.11	1.38	1.38	1.38
69	3.26	3.26	1.74	2.37	2.37	2.37	3.26	1.45	1.45	1.45
170	2.30	2.30	1.23	1.67	1.67	1.67	2.30	1.02	1.02	1.02
171	3254.08	3254.08	1735.51	2366.61	2366.61	2366.61	3254.08	1446.26	1446.26	1446.26
172	76.43	76.43	40.76	55.58	55.58	55.58	76.43	33.97	33.97	33.97
173	100.52	100.52	53.61	73.11	73.11	73.11	100.52	44.68	44.68	44.68
174	2990.54	2990.54	1594.95	2174.94	2174.94	2174.94	2990.54	1329.13	1329.13	1329.13
175	802.29	802.29	427.89	583.48	583.48	583.48	802.29	356.57	356.57	356.57
176	3.34	3.34	1.78	2.43	2.43	2.43	3.34	1.48	1.48	1.48
177	8.26	8.26	4.40	6.00	6.00	6.00	8.26	3.67	3.67	3.67
178	2954.73	2954.73	1575.86	2148.90	2148.90	2148.90	2954.73	1313.22	1313.22	1313.22
179	61.88	61.88	33.00	45.00	45.00	45.00	61.88	27.50	27.50	27.50
70	2.19	2.19	1.17	1.60	1.60	1.60	2.19	0.97	0.97	0.97
71	2.67	2.67	1.42	1.94	1.94	1.94	2.67	1.19	1.19	1.19
72	2.01	2.01	1.07	1.46	1.46	1.46	2.01	0.89	0.89	0.89
73	2.14	2.14	1.14	1.56	1.56	1.56	2.14	0.95	0.95	0.95
74	1.88	1.88	1.00	1.37	1.37	1.37	1.88	0.83	0.83	0.83
75	1.61	1.61	0.86	1.17	1.17	1.17	1.61	0.72	0.72	0.72
76	1.84	1.84	0.98	1.34	1.34	1.34	1.84	0.82	0.82	0.82
77	1.81	1.81	0.96	1.31	1.31	1.31	1.81	0.80	0.80	0.80
78	2.67	2.67	1.42	1.94	1.94	1.94	2.67	1.19	1.19	1.19
79	2.68	2.68	1.43	1.95	1.95	1.95	2.68	1.19	1.19	1.19
180	8.62	8.62	4.60	6.27	6.27	6.27	8.62	3.83	3.83	3.83
181	3.50	3.50	1.87	2.54	2.54	2.54	3.50	1.56	1.56	1.56
182	0.13	0.13	0.07	0.09	0.09	0.09	0.13	0.06	0.06	0.06
183	2.32	2.32	1.24	1.69	1.69	1.69	2.32	1.03	1.03	1.03
184	1.72	1.72	0.92	1.25	1.25	1.25	1.72	0.76	0.76	0.76
185	2.64	2.64	1.41	1.92	1.92	1.92	2.64	1.17	1.17	1.17
186	2.36	2.36	1.26	1.71	1.71	1.71	2.36	1.05	1.05	1.05
187	2.82	2.82	1.51	2.05	2.05	2.05	2.82	1.25	1.25	1.25
188	3.11	3.11	1.66	2.26	2.26	2.26	3.11	1.38	1.38	1.38
189	1.83	1.83	0.97	1.33	1.33	1.33	1.83	0.81	0.81	0.81
80	1478.80	1478.80	788.69	1075.49	1075.49	1075.49	1478.80	657.24	657.24	657.24
81	50.91	50.91	27.15	37.02	37.02	37.02	50.91	22.63	22.63	22.63
82	75.51	75.51	40.27	54.92	54.92	54.92	75.51	33.56	33.56	33.56
83	2713.42	2713.42	1447.16	1973.40	1973.40	1973.40	2713.42	1205.96	1205.96	1205.96
84	409.94	409.94	218.64	298.14	298.14	298.14	409.94	182.20	182.20	182.20
85	3.10	3.10	1.65	2.25	2.25	2.25	3.10	1.38	1.38	1.38
86	7.95	7.95	4.24	5.78	5.78	5.78	7.95	3.53	3.53	3.53
87	2368.22	2368.22	1263.05	1722.34	1722.34	1722.34	2368.22	1052.54	1052.54	1052.54
88	61.88	61.88	33.00	45.00	45.00	45.00	61.88	27.50	27.50	27.50
89	6.33	6.33	3.38	4.61	4.61	4.61	6.33	2.81	2.81	2.81
190	2.82	2.82	1.50	2.05	2.05	2.05	2.82	1.25	1.25	1.25
191	3.16	3.16	1.68	2.30	2.30	2.30	3.16	1.40	1.40	1.40
192	2.19	2.19	1.17	1.59	1.59	1.59	2.19	0.97	0.97	0.97
193	2.34	2.34	1.25	1.70	1.70	1.70	2.34	1.04	1.04	1.04
194	3.11	3.11	1.66	2.26	2.26	2.26	3.11	1.38	1.38	1.38
195	2.35	2.35	1.25	1.71	1.71	1.71	2.35	1.04	1.04	1.04
196	1.55	1.55	0.83	1.13	1.13	1.13	1.55	0.69	0.69	0.69
197	2.42	2.42	1.29	1.76	1.76	1.76	2.42	1.08	1.08	1.08
198	2.63	2.63	1.40	1.91	1.91	1.91	2.63	1.17	1.17	1.17
199	1421.64	1421.64	758.21	1033.92	1033.92	1033.92	1421.64	631.84	631.84	631.84
90	1.91	1.91	1.02	1.39	1.39	1.39	1.91	0.85	0.85	0.85
91	0.17	0.17	0.09	0.12	0.12	0.12	0.17	0.07	0.07	0.07
92	1.66	1.66	0.88	1.21	1.21	1.21	1.66	0.74	0.74	0.74
93	2.62	2.62	1.40	1.90	1.90	1.90	2.62	1.16	1.16	1.16
94	2.21	2.21	1.18	1.60	1.60	1.60	2.21	0.98	0.98	0.98
95	1.75	1.75	0.93	1.27	1.27	1.27	1.75	0.78	0.78	0.78
96	2.41	2.41	1.29	1.75	1.75	1.75	2.41	1.07	1.07	1.07
97	2.58	2.58	1.38	1.88	1.88	1.88	2.58	1.15	1.15	1.15
98	1.93	1.93	1.03	1.40	1.40	1.40	1.93	0.86	0.86	0.86
99	2.77	2.77	1.48	2.02	2.02	2.02	2.77	1.23	1.23	1.23
